0.0000000000e+00,
4.2907859665e-07,
1.3697039606e-05,
1.0358968950e-04,
4.3404849970e-04,
1.3149604633e-03,
3.2429673943e-03,
6.9359153575e-03,
1.3359805365e-02,
2.3747389325e-02,
3.9607850927e-02,
6.2727273935e-02,
9.5159769784e-02,
1.3920914709e-01,
1.9740080818e-01,
2.7244315229e-01,
3.6717724081e-01,
4.8451304441e-01,
6.2735056951e-01,
7.9848492752e-01,
1.0004962647e+00,
1.2356284525e+00,
1.5056641647e+00,
1.8118075741e+00,
2.1545881865e+00,
2.5337990947e+00,
2.9484795120e+00,
3.3969450607e+00,
3.8768612736e+00,
4.3853482160e+00,
4.9190992675e+00,
5.4744964818e+00,
6.0477088276e+00,
6.6347668627e+00,
7.2316157662e+00,
7.8341555292e+00,
8.4382802496e+00,
9.0399267658e+00,
9.6351368260e+00,
1.0220129024e+01,
1.0791370474e+01,
1.1345636763e+01,
1.1880052669e+01,
1.2392112816e+01,
1.2879686985e+01,
1.3341016784e+01,
1.3774709080e+01,
1.4179728872e+01,
1.4555391891e+01,
1.4901355939e+01,
1.5217609707e+01,
1.5504458135e+01,
1.5762503853e+01,
1.5992624672e+01,
1.6195947414e+01,
1.6373818500e+01,
1.6527771832e+01,
1.6659494532e+01,
1.6770791121e+01,
1.6863546767e+01,
1.6939690257e+01,
1.7001157404e+01,
1.7049855633e+01,
1.7087630544e+01,
1.7116235251e+01,
1.7137303284e+01,
1.7152325817e+01,
1.7162633865e+01,
1.7169386027e+01,
1.7173562132e+01,
1.7175963033e+01,
1.7177216536e+01,
1.7177789275e+01,
1.7178004130e+01,
1.7178062576e+01,
1.7178071202e+01,
1.7178072383e+01,
1.7178100271e+01,
1.7178289213e+01,
1.7178983778e+01,
1.7180835201e+01,
1.7184886824e+01,
1.7192645509e+01,
1.7206135871e+01,
1.7227934365e+01,
1.7261180500e+01,
1.7309562778e+01,
1.7377277432e+01,
1.7468958731e+01,
1.7589580590e+01,
1.7744330452e+01,
1.7938457953e+01,
1.8177102594e+01,
1.8465106496e+01,
1.8806820040e+01,
1.9205909825e+01,
1.9665179549e+01,
2.0186415161e+01,
2.0770265499e+01,
2.1416168288e+01,
2.2122328309e+01,
2.2885749512e+01,
2.3702316508e+01,
2.4566914736e+01,
2.5473575304e+01,
2.6415632042e+01,
2.7385884776e+01,
2.8376770786e+01,
2.9380549876e+01,
3.0389502541e+01,
3.1396127224e+01,
3.2393311627e+01,
3.3374455771e+01,
3.4333541503e+01,
3.5265162287e+01,
3.6164534939e+01,
3.7027508960e+01,
3.7850577473e+01,
3.8630885180e+01,
3.9366226636e+01,
4.0055030683e+01,
4.0696330852e+01,
4.1289724596e+01,
4.1835325605e+01,
4.2333713255e+01,
4.2785882285e+01,
4.3193194512e+01,
4.3557333264e+01,
4.3880260434e+01,
4.4164175598e+01,
4.4411476457e+01,
4.4624719916e+01,
4.4806583251e+01,
4.4959825035e+01,
4.5087245720e+01,
4.5191648038e+01,
4.5275797611e+01,
4.5342384355e+01,
4.5393985498e+01,
4.5433031115e+01,
4.5461773229e+01,
4.5482259531e+01,
4.5496312710e+01,
4.5505516329e+01,
4.5511207930e+01,
4.5514479872e+01,
4.5516188074e+01,
4.5516968554e+01,
4.5517261337e+01,
4.5517340981e+01,
4.5517352737e+01,
4.5517353853e+01,
4.5517376603e+01,
4.5517530741e+01,
4.5518097365e+01,
4.5519607743e+01,
4.5522913004e+01,
4.5529242343e+01,
4.5540247138e+01,
4.5558028509e+01,
4.5585145987e+01,
4.5624605258e+01,
4.5679823283e+01,
4.5754569705e+01,
4.5852884273e+01,
4.5978971109e+01,
4.6137072008e+01,
4.6331322573e+01,
4.6565596579e+01,
4.6843345589e+01,
4.7167441956e+01,
4.7540033990e+01,
4.7962421812e+01,
4.8434961302e+01,
4.8957001677e+01,
4.9526860074e+01,
5.0141834593e+01,
5.0798256167e+01,
5.1491579335e+01,
5.2216511440e+01,
5.2967177117e+01,
5.3737308903e+01,
5.4520446615e+01,
5.5310122911e+01,
5.6100015675e+01,
5.6884060452e+01,
5.7656531268e+01,
5.8412106407e+01,
5.9145933018e+01,
5.9853694456e+01,
6.0531674339e+01,
6.1176806520e+01,
6.1786701250e+01,
6.2359642684e+01,
6.2894558527e+01,
6.3390967105e+01,
6.3848909533e+01,
6.4268874969e+01,
6.4651725820e+01,
6.4998627907e+01,
6.5310988547e+01,
6.5590403736e+01,
6.5838614277e+01,
6.6057469833e+01,
6.6248899432e+01,
6.6414886843e+01,
6.6557449291e+01,
6.6678618245e+01,
6.6780421235e+01,
6.6864864003e+01,
6.6933912545e+01,
6.6989474929e+01,
6.7033382975e+01,
6.7067374156e+01,
6.7093074227e+01,
6.7111981231e+01,
6.7125451619e+01,
6.7134689228e+01,
6.7140737830e+01,
6.7144477851e+01,
6.7146627716e+01,
6.7147750059e+01,
6.7148262848e+01,
6.7148455210e+01,
6.7148507537e+01,
6.7148515260e+01,
6.7148515948e+01,
6.7148529478e+01,
6.7148621145e+01,
6.7148958120e+01,
6.7149856341e+01,
6.7151821917e+01,
6.7155585629e+01,
6.7162128873e+01,
6.7172699442e+01,
6.7188815568e+01,
6.7212256766e+01,
6.7245040205e+01,
6.7289381746e+01,
6.7347641303e+01,
6.7422253046e+01,
6.7515641978e+01,
6.7630129660e+01,
6.7767833199e+01,
6.7930562870e+01,
6.8119724771e+01,
6.8336235394e+01,
6.8580454838e+01,
6.8852144322e+01,
6.9150451700e+01,
6.9473926093e+01,
6.9820559782e+01,
7.0187852866e+01,
7.0572894483e+01,
7.0972454072e+01,
7.1383077386e+01,
7.1801184121e+01,
7.2223166028e+01,
7.2645484898e+01,
7.3064768034e+01,
7.3477895403e+01,
7.3882069728e+01,
7.4274860929e+01,
7.4654220751e+01,
7.5018470350e+01,
7.5366269651e+01,
7.5696579412e+01,
7.6008624990e+01,
7.6301866507e+01,
7.6575976092e+01,
7.6830820377e+01,
7.7066445708e+01,
7.7283063994e+01,
7.7481038022e+01,
7.7660865916e+01,
7.7823164967e+01,
7.7968655323e+01,
7.8098144021e+01,
7.8212509730e+01,
7.8312688393e+01,
7.8399659773e+01,
7.8474434830e+01,
7.8538043722e+01,
7.8591524244e+01,
7.8635910543e+01,
7.8672221979e+01,
7.8701452112e+01,
7.8724557875e+01,
7.8742449093e+01,
7.8755978594e+01,
7.8765933217e+01,
7.8773026080e+01,
7.8777890472e+01,
7.8781075714e+01,
7.8783045293e+01,
7.8784177478e+01,
7.8784768543e+01,
7.8785038598e+01,
7.8785139903e+01,
7.8785167460e+01,
7.8785171528e+01,
7.8785171887e+01,
7.8785178939e+01,
7.8785226714e+01,
7.8785402337e+01,
7.8785870471e+01,
7.8786894898e+01,
7.8788856518e+01,
7.8792266923e+01,
7.8797776705e+01,
7.8806177744e+01,
7.8818398711e+01,
7.8835493181e+01,
7.8858619902e+01,
7.8889015043e+01,
7.8927956615e+01,
7.8976721742e+01,
7.9036538017e+01,
7.9108530791e+01,
7.9193668861e+01,
7.9292711536e+01,
7.9406160435e+01,
7.9534219483e+01,
7.9676766396e+01,
7.9833338382e+01,
8.0003133928e+01,
8.0185031298e+01,
8.0377622980e+01,
8.0579263858e+01,
8.0788129588e+01,
8.1002280766e+01,
8.1219728120e+01,
8.1438494326e+01,
8.1656668899e+01,
8.1872453964e+01,
8.2084200007e+01,
8.2290431874e+01,
8.2489865942e+01,
8.2681419572e+01,
8.2864213854e+01,
8.3037570330e+01,
8.3201002306e+01,
8.3354201365e+01,
8.3497020029e+01,
8.3629451777e+01,
8.3751609869e+01,
8.3863706398e+01,
8.3966032764e+01,
8.4058942382e+01,
8.4142836033e+01,
8.4218149882e+01,
8.4285345941e+01,
8.4344904592e+01,
8.4397318736e+01,
8.4443089118e+01,
8.4482720459e+01,
8.4516718048e+01,
8.4545584550e+01,
8.4569816826e+01,
8.4589902647e+01,
8.4606317239e+01,
8.4619519639e+01,
8.4629948909e+01,
8.4638020315e+01,
8.4644121585e+01,
8.4648609412e+01,
8.4651806399e+01,
8.4653998616e+01,
8.4655433954e+01,
8.4656321431e+01,
8.4656831566e+01,
8.4657097880e+01,
8.4657219556e+01,
8.4657265200e+01,
8.4657277616e+01,
8.4657279449e+01,
8.4657279613e+01,
8.4657282868e+01,
8.4657304918e+01,
8.4657385975e+01,
8.4657602035e+01,
8.4658074834e+01,
8.4658980132e+01,
8.4660553930e+01,
8.4663096202e+01,
8.4666971757e+01,
8.4672607854e+01,
8.4680488231e+01,
8.4691143340e+01,
8.4705136662e+01,
8.4723047273e+01,
8.4745449022e+01,
8.4772887056e+01,
8.4805852762e+01,
8.4844758476e+01,
8.4889913596e+01,
8.4941503819e+01,
8.4999575125e+01,
8.5064023902e+01,
8.5134594118e+01,
8.5210881857e+01,
8.5292346926e+01,
8.5378330654e+01,
8.5468078577e+01,
8.5560766445e+01,
8.5655527934e+01,
8.5751482486e+01,
8.5847761851e+01,
8.5943534092e+01,
8.6038024030e+01,
8.6130529393e+01,
8.6220432209e+01,
8.6307205403e+01,
8.6390414861e+01,
8.6469717584e+01,
8.6544856756e+01,
8.6615654643e+01,
8.6682004240e+01,
8.6743860443e+01,
8.6801231341e+01,
8.6854170052e+01,
8.6902767316e+01,
8.6947144955e+01,
8.6987450164e+01,
8.7023850600e+01,
8.7056530165e+01,
8.7085685384e+01,
8.7111522308e+01,
8.7134253842e+01,
8.7154097430e+01,
8.7171273020e+01,
8.7186001235e+01,
8.7198501695e+01,
8.7208991409e+01,
8.7217683209e+01,
8.7224784175e+01,
8.7230494038e+01,
8.7235003563e+01,
8.7238492942e+01,
8.7241130232e+01,
8.7243069897e+01,
8.7244451544e+01,
8.7245398905e+01,
8.7246019158e+01,
8.7246402655e+01,
8.7246623091e+01,
8.7246738168e+01,
8.7246790745e+01,
8.7246810468e+01,
8.7246815833e+01,
8.7246816625e+01,
8.7246816698e+01,
8.7246818164e+01,
8.7246828091e+01,
8.7246864587e+01,
8.7246961865e+01,
8.7247174734e+01,
8.7247582318e+01,
8.7248290840e+01,
8.7249435278e+01,
8.7251179697e+01,
8.7253716081e+01,
8.7257261509e+01,
8.7262053535e+01,
8.7268343731e+01,
8.7276389426e+01,
8.7286443799e+01,
8.7298744640e+01,
8.7313502236e+01,
8.7330887018e+01,
8.7351017684e+01,
8.7373950626e+01,
8.7399671477e+01,
8.7428089528e+01,
8.7459035623e+01,
8.7492263982e+01,
8.7527458146e+01,
8.7564241029e+01,
8.7602188790e+01,
8.7640847981e+01,
8.7679755054e+01,
8.7718456969e+01,
8.7756531257e+01,
8.7793603667e+01,
8.7829361554e+01,
8.7863561621e+01,
8.7896031426e+01,
8.7926665068e+01,
8.7955414375e+01,
8.7982277462e+01,
8.8007286594e+01,
8.8030496940e+01,
8.8051977232e+01,
8.8071802744e+01,
8.8090050540e+01,
8.8106796650e+01,
8.8122114697e+01,
8.8136075537e+01,
8.8148747496e+01,
8.8160196927e+01,
8.8170488869e+01,
8.8179687674e+01,
8.8187857527e+01,
8.8195062833e+01,
8.8201368431e+01,
8.8206839662e+01,
8.8211542280e+01,
8.8215542234e+01,
8.8218905325e+01,
8.8221696763e+01,
8.8223980645e+01,
8.8225819371e+01,
8.8227273023e+01,
8.8228398736e+01,
8.8229250089e+01,
8.8229876536e+01,
8.8230322917e+01,
8.8230629064e+01,
8.8230829537e+01,
8.8230953500e+01,
8.8231024760e+01,
8.8231061962e+01,
8.8231078959e+01,
8.8231085335e+01,
8.8231087070e+01,
8.8231087326e+01,
8.8231087350e+01,
8.8231087849e+01,
8.8231091225e+01,
8.8231103638e+01,
8.8231136726e+01,
8.8231209131e+01,
8.8231347774e+01,
8.8231588808e+01,
8.8231978201e+01,
8.8232571890e+01,
8.8233435446e+01,
8.8234643220e+01,
8.8236276925e+01,
8.8238423662e+01,
8.8241173409e+01,
8.8244616055e+01,
8.8248838073e+01,
8.8253919016e+01,
8.8259928026e+01,
8.8266920576e+01,
8.8274935681e+01,
8.8283993760e+01,
8.8294095300e+01,
8.8305220392e+01,
8.8317329141e+01,
8.8330362868e+01,
8.8344245980e+01,
8.8358888334e+01,
8.8374187926e+01,
8.8390033729e+01,
8.8406308514e+01,
8.8422891554e+01,
8.8439661095e+01,
8.8456496578e+01,
8.8473280573e+01,
8.8489900457e+01,
8.8506249856e+01,
8.8522229896e+01,
8.8537750263e+01,
8.8552730103e+01,
8.8567098735e+01,
8.8580796164e+01,
8.8593773383e+01,
8.8605992433e+01,
8.8617426242e+01,
8.8628058231e+01,
8.8637881743e+01,
8.8646899307e+01,
8.8655121803e+01,
8.8662567549e+01,
8.8669261378e+01,
8.8675233705e+01,
8.8680519636e+01,
8.8685158113e+01,
8.8689191117e+01,
8.8692662912e+01,
8.8695619340e+01,
8.8698107148e+01,
8.8700173352e+01,
8.8701864619e+01,
8.8703226673e+01,
8.8704303726e+01,
8.8705137936e+01,
8.8705768903e+01,
8.8706233222e+01,
8.8706564095e+01,
8.8706791030e+01,
8.8706939637e+01,
8.8707031530e+01,
8.8707084354e+01,
8.8707111932e+01,
8.8707124532e+01,
8.8707129259e+01,
8.8707130545e+01,
8.8707130735e+01,
8.8707130753e+01,
8.8707131144e+01,
8.8707133794e+01,
8.8707143533e+01,
8.8707169494e+01,
8.8707226305e+01,
8.8707335086e+01,
8.8707524204e+01,
8.8707829722e+01,
8.8708295521e+01,
8.8708973033e+01,
8.8709920551e+01,
8.8711202101e+01,
8.8712885839e+01,
8.8715042001e+01,
8.8717740420e+01,
8.8721047696e+01,
8.8725024084e+01,
8.8729720269e+01,
8.8735174165e+01,
8.8741407949e+01,
8.8748425519e+01,
8.8756210604e+01,
8.8764725693e+01,
8.8773911963e+01,
8.8783690286e+01,
8.8793963353e+01,
8.8804618860e+01,
8.8815533582e+01,
8.8826578116e+01,
8.8837621959e+01,
8.8848538560e+01,
8.8859210000e+01,
8.8869530951e+01,
8.8879411680e+01,
8.8888779958e+01,
8.8897581839e+01,
8.8905781389e+01,
8.8913359537e+01,
8.8920312254e+01,
8.8926648310e+01,
8.8932386823e+01,
8.8937554806e+01,
8.8942184869e+01,
8.8946313170e+01,
8.8949977674e+01,
8.8953216757e+01,
8.8956068129e+01,
8.8958568055e+01,
8.8960750839e+01,
8.8962648512e+01,
8.8964290705e+01,
8.8965704629e+01,
8.8966915164e+01,
8.8967944992e+01,
8.8968814774e+01,
8.8969543337e+01,
8.8970147853e+01,
8.8970644012e+01,
8.8971046165e+01,
8.8971367450e+01,
8.8971619880e+01,
8.8971814408e+01,
8.8971960972e+01,
8.8972068514e+01,
8.8972144986e+01,
8.8972197357e+01,
8.8972231618e+01,
8.8972252791e+01,
8.8972264957e+01,
8.8972271307e+01,
8.8972274208e+01,
8.8972275296e+01,
8.8972275592e+01,
8.8972275636e+01,
8.8972275640e+01,
8.8972275736e+01,
8.8972276384e+01,
8.8972278767e+01,
8.8972285117e+01,
8.8972299011e+01,
8.8972325601e+01,
8.8972371788e+01,
8.8972446295e+01,
8.8972559633e+01,
8.8972723935e+01,
8.8972952622e+01,
8.8973259906e+01,
8.8973660104e+01,
8.8974166784e+01,
8.8974791765e+01,
8.8975544048e+01,
8.8976428743e+01,
8.8977446118e+01,
8.8978590885e+01,
8.8979851848e+01,
8.8981211997e+01,
8.8982649113e+01,
8.8984136855e+01,
8.8985646272e+01,
8.8987147565e+01,
8.8988611947e+01,
8.8990013365e+01,
8.8991329921e+01,
8.8992544850e+01,
8.8993646981e+01,
8.8994630689e+01,
8.8995495415e+01,
8.8996244861e+01,
8.8996886009e+01,
8.8997428094e+01,
8.8997881645e+01,
8.8998257671e+01,
8.8998567024e+01,
8.8998819936e+01,
8.8999025724e+01,
8.8999192622e+01,
8.8999327737e+01,
8.8999437082e+01,
8.8999525676e+01,
8.8999597671e+01,
8.8999656471e+01,
8.8999704844e+01,
8.8999745016e+01,
8.8999778750e+01,
8.8999807430e+01,
8.8999832125e+01,
8.8999853657e+01,
8.8999872645e+01,
8.8999889551e+01,
8.8999904709e+01,
8.8999918352e+01,
8.8999930637e+01,
8.8999941673e+01,
8.8999951533e+01,
8.8999960273e+01,
8.8999967943e+01,
8.8999974593e+01,
8.8999980279e+01,
8.8999985059e+01,
8.8999989001e+01,
8.8999992178e+01,
8.8999994669e+01,
8.8999996556e+01,
8.8999997925e+01,
8.8999998863e+01,
8.8999999457e+01,
8.9000000000e+01,
8.9000000000e+01,
8.9000000000e+01,
