0.0000000000e+00,
1.7209730174e-07,
5.4936882989e-06,
4.1548337499e-05,
1.7409035110e-04,
5.2740875080e-04,
1.3006884316e-03,
2.7818068607e-03,
5.3580948162e-03,
9.5236973395e-03,
1.5883289197e-02,
2.5152017417e-02,
3.8151648699e-02,
5.5802976915e-02,
7.9114582096e-02,
1.0916801937e-01,
1.4709945772e-01,
1.9407770418e-01,
2.5127847813e-01,
3.1985479938e-01,
4.0090348378e-01,
4.9542805513e-01,
6.0429889634e-01,
7.2821214157e-01,
8.6764954868e-01,
1.0228422294e+00,
1.1937414670e+00,
1.3799997566e+00,
1.5809645769e+00,
1.7956862826e+00,
2.0229400490e+00,
2.2612602698e+00,
2.5089844960e+00,
2.7643031525e+00,
3.0253110342e+00,
3.2900569481e+00,
3.5565887126e+00,
3.8229918249e+00,
4.0874212160e+00,
4.3481264305e+00,
4.6034711653e+00,
4.8519483440e+00,
5.0921918515e+00,
5.3229857921e+00,
5.5432717955e+00,
5.7521545692e+00,
5.9489056605e+00,
6.1329652632e+00,
6.3039418881e+00,
6.4616097671e+00,
6.6059039567e+00,
6.7369132019e+00,
6.8548707005e+00,
6.9601429666e+00,
7.0532170165e+00,
7.1346861200e+00,
7.2052343634e+00,
7.2656202776e+00,
7.3166597975e+00,
7.3592088323e+00,
7.3941457527e+00,
7.4223541208e+00,
7.4447060142e+00,
7.4620463080e+00,
7.4751782878e+00,
7.4848509579e+00,
7.4917483839e+00,
7.4964813726e+00,
7.4995817316e+00,
7.5014992833e+00,
7.5026017205e+00,
7.5031773023e+00,
7.5034402928e+00,
7.5035389500e+00,
7.5035657871e+00,
7.5035697482e+00,
7.5035702905e+00,
7.5035830959e+00,
7.5036698543e+00,
7.5039887859e+00,
7.5048389277e+00,
7.5066993787e+00,
7.5102621206e+00,
7.5164569948e+00,
7.5264675081e+00,
7.5417362658e+00,
7.5639589867e+00,
7.5950662802e+00,
7.6371926763e+00,
7.6926328144e+00,
7.7637852413e+00,
7.8530849223e+00,
7.9629263298e+00,
8.0955797956e+00,
8.2531046435e+00,
8.4372634001e+00,
8.6494420146e+00,
8.8905813739e+00,
9.1611252481e+00,
9.4609888323e+00,
9.7895499898e+00,
1.0145662231e+01,
1.0527685162e+01,
1.0933526073e+01,
1.1360686841e+01,
1.1806313455e+01,
1.2267249551e+01,
1.2740097752e+01,
1.3221292025e+01,
1.3707180891e+01,
1.4194117283e+01,
1.4678547884e+01,
1.5157094114e+01,
1.5626618442e+01,
1.6084272541e+01,
1.6527526966e+01,
1.6954184582e+01,
1.7362381475e+01,
1.7750579417e+01,
1.8117553484e+01,
1.8462377405e+01,
1.8784408144e+01,
1.9083270325e+01,
1.9358840506e+01,
1.9611231038e+01,
1.9840773225e+01,
2.0047999589e+01,
2.0233625169e+01,
2.0398527912e+01,
2.0543728258e+01,
2.0670368052e+01,
2.0779688896e+01,
2.0873010077e+01,
2.0951706176e+01,
2.1017184534e+01,
2.1070862755e+01,
2.1114146539e+01,
2.1148408170e+01,
2.1174966088e+01,
2.1195066007e+01,
2.1209864101e+01,
2.1220412771e+01,
2.1227649489e+01,
2.1232389157e+01,
2.1235320306e+01,
2.1237005375e+01,
2.1237885117e+01,
2.1238287076e+01,
2.1238437864e+01,
2.1238478882e+01,
2.1238484936e+01,
2.1238485510e+01,
2.1238497227e+01,
2.1238576611e+01,
2.1238868432e+01,
2.1239646305e+01,
2.1241348596e+01,
2.1244608430e+01,
2.1250276504e+01,
2.1259435463e+01,
2.1273404699e+01,
2.1293734597e+01,
2.1322189423e+01,
2.1360718338e+01,
2.1411414422e+01,
2.1476462074e+01,
2.1558073778e+01,
2.1658417933e+01,
2.1779540205e+01,
2.1923281582e+01,
2.2091197012e+01,
2.2284478946e+01,
2.2503890375e+01,
2.2749711849e+01,
2.3021706475e+01,
2.3319105862e+01,
2.3640618494e+01,
2.3984459949e+01,
2.4348402153e+01,
2.4729836965e+01,
2.5125848447e+01,
2.5533288727e+01,
2.5948854114e+01,
2.6369160315e+01,
2.6790816993e+01,
2.7210501941e+01,
2.7625033824e+01,
2.8031440740e+01,
2.8427020528e+01,
2.8809388668e+01,
2.9176510567e+01,
2.9526716891e+01,
2.9858702575e+01,
3.0171511902e+01,
3.0464513133e+01,
3.0737366536e+01,
3.0989989456e+01,
3.1222521392e+01,
3.1435291173e+01,
3.1628787480e+01,
3.1803633178e+01,
3.1960563372e+01,
3.2100406733e+01,
3.2224069432e+01,
3.2332520996e+01,
3.2426781414e+01,
3.2507908929e+01,
3.2576988080e+01,
3.2635117703e+01,
3.2683398708e+01,
3.2722921632e+01,
3.2754754013e+01,
3.2779927818e+01,
3.2799427172e+01,
3.2814176765e+01,
3.2825031325e+01,
3.2832766573e+01,
3.2838072083e+01,
3.2841546421e+01,
3.2843694860e+01,
3.2844929894e+01,
3.2845574663e+01,
3.2845869256e+01,
3.2845979767e+01,
3.2846009829e+01,
3.2846014266e+01,
3.2846014661e+01,
3.2846022434e+01,
3.2846075096e+01,
3.2846268688e+01,
3.2846784719e+01,
3.2847913974e+01,
3.2850076381e+01,
3.2853836031e+01,
3.2859910500e+01,
3.2869173624e+01,
3.2882651009e+01,
3.2901507648e+01,
3.2927027243e+01,
3.2960583138e+01,
3.3003601149e+01,
3.3057515134e+01,
3.3123716718e+01,
3.3203501243e+01,
3.3298012586e+01,
3.3408189981e+01,
3.3534720183e+01,
3.3677998196e+01,
3.3838099301e+01,
3.4014764211e+01,
3.4207398002e+01,
3.4415082167e+01,
3.4636597980e+01,
3.4870458623e+01,
3.5114947454e+01,
3.5368160416e+01,
3.5628051680e+01,
3.5892482858e+01,
3.6159276594e+01,
3.6426274688e+01,
3.6691398797e+01,
3.6952708898e+01,
3.7208452547e+01,
3.7457098128e+01,
3.7697348299e+01,
3.7928134637e+01,
3.8148598875e+01,
3.8358068062e+01,
3.8556030181e+01,
3.8742114191e+01,
3.8916075647e+01,
3.9077787033e+01,
3.9227231075e+01,
3.9364495272e+01,
3.9489766351e+01,
3.9603323920e+01,
3.9705533059e+01,
3.9796835930e+01,
3.9877742612e+01,
3.9948821425e+01,
4.0010688977e+01,
4.0064000077e+01,
4.0109437651e+01,
4.0147702690e+01,
4.0179504290e+01,
4.0205549818e+01,
4.0226535271e+01,
4.0243135937e+01,
4.0255997506e+01,
4.0265727812e+01,
4.0272889444e+01,
4.0277993461e+01,
4.0281494458e+01,
4.0283787195e+01,
4.0285205000e+01,
4.0286020041e+01,
4.0286445550e+01,
4.0286639964e+01,
4.0286712895e+01,
4.0286732734e+01,
4.0286735663e+01,
4.0286735921e+01,
4.0286740998e+01,
4.0286775392e+01,
4.0286901826e+01,
4.0287238847e+01,
4.0287976371e+01,
4.0289388677e+01,
4.0291844246e+01,
4.0295811910e+01,
4.0301862778e+01,
4.0310667493e+01,
4.0322988409e+01,
4.0339666448e+01,
4.0361602527e+01,
4.0389733671e+01,
4.0425004240e+01,
4.0468332955e+01,
4.0520576809e+01,
4.0582493258e+01,
4.0654702388e+01,
4.0737650994e+01,
4.0831580649e+01,
4.0936501816e+01,
4.1052175977e+01,
4.1178107455e+01,
4.1313546180e+01,
4.1457502098e+01,
4.1608771166e+01,
4.1765972037e+01,
4.1927591634e+01,
4.2092036975e+01,
4.2257689939e+01,
4.2422961347e+01,
4.2586340819e+01,
4.2746439334e+01,
4.2902022277e+01,
4.3052031813e+01,
4.3195598469e+01,
4.3332042767e+01,
4.3460868462e+01,
4.3581749317e+01,
4.3694511494e+01,
4.3799113504e+01,
4.3895625384e+01,
4.3984208422e+01,
4.4065096343e+01,
4.4138578547e+01,
4.4204985670e+01,
4.4264677528e+01,
4.4318033315e+01,
4.4365443850e+01,
4.4407305577e+01,
4.4444016011e+01,
4.4475970322e+01,
4.4503558761e+01,
4.4527164663e+01,
4.4547162793e+01,
4.4563917855e+01,
4.4577783009e+01,
4.4589098308e+01,
4.4598188995e+01,
4.4605363653e+01,
4.4610912257e+01,
4.4615104183e+01,
4.4618186296e+01,
4.4620381230e+01,
4.4621886005e+01,
4.4622871104e+01,
4.4623480140e+01,
4.4623830203e+01,
4.4624012946e+01,
4.4624096439e+01,
4.4624127759e+01,
4.4624136278e+01,
4.4624137536e+01,
4.4624137649e+01,
4.4624139882e+01,
4.4624155012e+01,
4.4624210632e+01,
4.4624358885e+01,
4.4624683295e+01,
4.4625304430e+01,
4.4626384123e+01,
4.4628127944e+01,
4.4630785624e+01,
4.4634649132e+01,
4.4640048146e+01,
4.4647342717e+01,
4.4656913037e+01,
4.4669146391e+01,
4.4684421589e+01,
4.4703091431e+01,
4.4725464032e+01,
4.4751784122e+01,
4.4782215607e+01,
4.4816826815e+01,
4.4855579781e+01,
4.4898324741e+01,
4.4944800618e+01,
4.4994641775e+01,
4.5047390735e+01,
4.5102515976e+01,
4.5159433455e+01,
4.5217530154e+01,
4.5276187866e+01,
4.5334805507e+01,
4.5392818558e+01,
4.5449714615e+01,
4.5505044530e+01,
4.5558429048e+01,
4.5609561254e+01,
4.5658205397e+01,
4.5704192871e+01,
4.5747416129e+01,
4.5787821354e+01,
4.5825400535e+01,
4.5860183550e+01,
4.5892230648e+01,
4.5921625617e+01,
4.5948469816e+01,
4.5972877114e+01,
4.5994969738e+01,
4.6014874971e+01,
4.6032722597e+01,
4.6048642998e+01,
4.6062765781e+01,
4.6075218823e+01,
4.6086127639e+01,
4.6095614963e+01,
4.6103800488e+01,
4.6110800662e+01,
4.6116728520e+01,
4.6121693472e+01,
4.6125801058e+01,
4.6129152611e+01,
4.6131844855e+01,
4.6133969430e+01,
4.6135612361e+01,
4.6136853509e+01,
4.6137766024e+01,
4.6138415854e+01,
4.6138861346e+01,
4.6139152983e+01,
4.6139333286e+01,
4.6139436920e+01,
4.6139491020e+01,
4.6139515737e+01,
4.6139525009e+01,
4.6139527531e+01,
4.6139527904e+01,
4.6139527938e+01,
4.6139528627e+01,
4.6139533294e+01,
4.6139550451e+01,
4.6139596182e+01,
4.6139696250e+01,
4.6139887843e+01,
4.6140220870e+01,
4.6140758716e+01,
4.6141578352e+01,
4.6142769718e+01,
4.6144434284e+01,
4.6146682727e+01,
4.6149631711e+01,
4.6153399785e+01,
4.6158102518e+01,
4.6163847049e+01,
4.6170726355e+01,
4.6178813576e+01,
4.6188156854e+01,
4.6198775112e+01,
4.6210655197e+01,
4.6223750721e+01,
4.6237982770e+01,
4.6253242512e+01,
4.6269395508e+01,
4.6286287379e+01,
4.6303750354e+01,
4.6321610140e+01,
4.6339692584e+01,
4.6357829647e+01,
4.6375864337e+01,
4.6393654394e+01,
4.6411074668e+01,
4.6428018249e+01,
4.6444396533e+01,
4.6460138432e+01,
4.6475189002e+01,
4.6489507708e+01,
4.6503066558e+01,
4.6515848254e+01,
4.6527844488e+01,
4.6539054443e+01,
4.6549483530e+01,
4.6559142366e+01,
4.6568045959e+01,
4.6576213073e+01,
4.6583665744e+01,
4.6590428891e+01,
4.6596530003e+01,
4.6601998877e+01,
4.6606867365e+01,
4.6611169137e+01,
4.6614939426e+01,
4.6618214757e+01,
4.6621032655e+01,
4.6623431324e+01,
4.6625449292e+01,
4.6627125041e+01,
4.6628496600e+01,
4.6629601143e+01,
4.6630474559e+01,
4.6631151049e+01,
4.6631662728e+01,
4.6632039270e+01,
4.6632307595e+01,
4.6632491632e+01,
4.6632612148e+01,
4.6632686672e+01,
4.6632729511e+01,
4.6632751877e+01,
4.6632762095e+01,
4.6632765928e+01,
4.6632766971e+01,
4.6632767125e+01,
4.6632767140e+01,
4.6632767439e+01,
4.6632769469e+01,
4.6632776932e+01,
4.6632796824e+01,
4.6632840353e+01,
4.6632923705e+01,
4.6633068617e+01,
4.6633302734e+01,
4.6633659700e+01,
4.6634178972e+01,
4.6634905314e+01,
4.6635887957e+01,
4.6637179433e+01,
4.6638834080e+01,
4.6640906257e+01,
4.6643448344e+01,
4.6646508592e+01,
4.6650128958e+01,
4.6654343029e+01,
4.6659174193e+01,
4.6664634163e+01,
4.6670721963e+01,
4.6677423450e+01,
4.6684711370e+01,
4.6692545965e+01,
4.6700876035e+01,
4.6709640394e+01,
4.6718769620e+01,
4.6728187990e+01,
4.6737815524e+01,
4.6747570054e+01,
4.6757369258e+01,
4.6767132588e+01,
4.6776783059e+01,
4.6786248822e+01,
4.6795464504e+01,
4.6804372252e+01,
4.6812922467e+01,
4.6821074213e+01,
4.6828795319e+01,
4.6836062183e+01,
4.6842859337e+01,
4.6849178817e+01,
4.6855019394e+01,
4.6860385730e+01,
4.6865287500e+01,
4.6869738537e+01,
4.6873756024e+01,
4.6877359763e+01,
4.6880571525e+01,
4.6883414497e+01,
4.6885912818e+01,
4.6888091194e+01,
4.6889974582e+01,
4.6891587929e+01,
4.6892955959e+01,
4.6894102981e+01,
4.6895052720e+01,
4.6895828155e+01,
4.6896451363e+01,
4.6896943355e+01,
4.6897323923e+01,
4.6897611485e+01,
4.6897822940e+01,
4.6897973541e+01,
4.6898076794e+01,
4.6898144390e+01,
4.6898186183e+01,
4.6898210205e+01,
4.6898222746e+01,
4.6898228475e+01,
4.6898230624e+01,
4.6898231209e+01,
4.6898231295e+01,
4.6898231304e+01,
4.6898231482e+01,
4.6898232686e+01,
4.6898237115e+01,
4.6898248919e+01,
4.6898274749e+01,
4.6898324202e+01,
4.6898410160e+01,
4.6898548978e+01,
4.6898760510e+01,
4.6899067946e+01,
4.6899497424e+01,
4.6900077417e+01,
4.6900837873e+01,
4.6901809113e+01,
4.6903020515e+01,
4.6904499024e+01,
4.6906267555e+01,
4.6908343380e+01,
4.6910736615e+01,
4.6913448924e+01,
4.6916472576e+01,
4.6919789952e+01,
4.6923373612e+01,
4.6927186944e+01,
4.6931185400e+01,
4.6935318263e+01,
4.6939530803e+01,
4.6943766689e+01,
4.6947970448e+01,
4.6952089785e+01,
4.6956077593e+01,
4.6959893519e+01,
4.6963504989e+01,
4.6966887694e+01,
4.6970025546e+01,
4.6972910188e+01,
4.6975540168e+01,
4.6977919888e+01,
4.6980058438e+01,
4.6981968427e+01,
4.6983664887e+01,
4.6985164288e+01,
4.6986483726e+01,
4.6987640259e+01,
4.6988650420e+01,
4.6989529866e+01,
4.6990293157e+01,
4.6990953637e+01,
4.6991523399e+01,
4.6992013301e+01,
4.6992433027e+01,
4.6992791175e+01,
4.6993095361e+01,
4.6993352319e+01,
4.6993568012e+01,
4.6993747728e+01,
4.6993896172e+01,
4.6994017545e+01,
4.6994115613e+01,
4.6994193759e+01,
4.6994255031e+01,
4.6994302172e+01,
4.6994337646e+01,
4.6994363651e+01,
4.6994382130e+01,
4.6994394780e+01,
4.6994403052e+01,
4.6994408163e+01,
4.6994411100e+01,
4.6994412633e+01,
4.6994413333e+01,
4.6994413595e+01,
4.6994413667e+01,
4.6994413677e+01,
4.6994413678e+01,
4.6994413702e+01,
4.6994413858e+01,
4.6994414433e+01,
4.6994415966e+01,
4.6994419318e+01,
4.6994425734e+01,
4.6994436875e+01,
4.6994454839e+01,
4.6994482147e+01,
4.6994521692e+01,
4.6994576654e+01,
4.6994650355e+01,
4.6994746082e+01,
4.6994866853e+01,
4.6995015157e+01,
4.6995192678e+01,
4.6995400029e+01,
4.6995636532e+01,
4.6995900082e+01,
4.6996187113e+01,
4.6996492707e+01,
4.6996810827e+01,
4.6997134682e+01,
4.6997457170e+01,
4.6997771366e+01,
4.6998070979e+01,
4.6998350746e+01,
4.6998606696e+01,
4.6998836289e+01,
4.6999038398e+01,
4.6999213175e+01,
4.6999361820e+01,
4.6999486312e+01,
4.6999589118e+01,
4.6999672947e+01,
4.6999740543e+01,
4.6999794532e+01,
4.6999837320e+01,
4.6999871026e+01,
4.6999897456e+01,
4.6999918111e+01,
4.6999934219e+01,
4.6999946777e+01,
4.6999956588e+01,
4.6999964286e+01,
4.6999970364e+01,
4.6999975191e+01,
4.6999979051e+01,
4.6999982164e+01,
4.6999984709e+01,
4.6999986827e+01,
4.6999988628e+01,
4.6999990187e+01,
4.6999991553e+01,
4.6999992758e+01,
4.6999993823e+01,
4.6999994764e+01,
4.6999995596e+01,
4.6999996331e+01,
4.6999996981e+01,
4.6999997552e+01,
4.6999998050e+01,
4.6999998480e+01,
4.6999998844e+01,
4.6999999146e+01,
4.6999999392e+01,
4.6999999585e+01,
4.7000000000e+01,
4.7000000000e+01,
4.7000000000e+01,
4.7000000000e+01,
4.7000000000e+01,
4.7000000000e+01,
4.7000000000e+01,
