0.0000000000e+00,
2.5833800876e-08,
8.2466739926e-07,
6.2368921991e-06,
2.6132955201e-05,
7.9169723399e-05,
1.9524532480e-04,
4.1756671650e-04,
8.0425660320e-04,
1.4294412015e-03,
2.3837770962e-03,
3.7743933165e-03,
5.7242428371e-03,
8.3708750177e-03,
1.1864656069e-02,
1.6366477646e-02,
2.2045003594e-02,
2.9073511552e-02,
3.7626389982e-02,
4.7875353088e-02,
5.9985437484e-02,
7.4110846938e-02,
9.0390716730e-02,
1.0894487820e-01,
1.2986971729e-01,
1.5323423732e-01,
1.7907645406e-01,
2.0740026676e-01,
2.3817295839e-01,
2.7132347856e-01,
3.0674164937e-01,
3.4427840722e-01,
3.8374715225e-01,
4.2492622481e-01,
4.6756246890e-01,
5.1137578280e-01,
5.5606450210e-01,
6.0131141640e-01,
6.4679019154e-01,
6.9217195672e-01,
7.3713182004e-01,
7.8135509497e-01,
8.2454305089e-01,
8.6641803835e-01,
9.0672788094e-01,
9.4524946543e-01,
9.8179149882e-01,
1.0161964315e+00,
1.0483415705e+00,
1.0781394251e+00,
1.1055373377e+00,
1.1305164629e+00,
1.1530901594e+00,
1.1733018613e+00,
1.1912224986e+00,
1.2069475319e+00,
1.2205936748e+00,
1.2322953699e+00,
1.2422010955e+00,
1.2504695752e+00,
1.2572659705e+00,
1.2627581362e+00,
1.2671130195e+00,
1.2704932848e+00,
1.2730542424e+00,
1.2749411535e+00,
1.2762869783e+00,
1.2772106222e+00,
1.2778157214e+00,
1.2781899965e+00,
1.2784051830e+00,
1.2785175343e+00,
1.2785688696e+00,
1.2785881274e+00,
1.2785933660e+00,
1.2785941392e+00,
1.2785942451e+00,
1.2785967447e+00,
1.2786136799e+00,
1.2786759357e+00,
1.2788418868e+00,
1.2792050674e+00,
1.2799006046e+00,
1.2811101579e+00,
1.2830651402e+00,
1.2860480251e+00,
1.2903915931e+00,
1.2964760087e+00,
1.3047236785e+00,
1.3155918970e+00,
1.3295633570e+00,
1.3471346733e+00,
1.3688031547e+00,
1.3950521443e+00,
1.4263353471e+00,
1.4630606622e+00,
1.5055741385e+00,
1.5541447605e+00,
1.6089508395e+00,
1.6700688097e+00,
1.7374651885e+00,
1.8109923448e+00,
1.8903885123e+00,
1.9752822025e+00,
2.0652008380e+00,
2.1595830839e+00,
2.2577940588e+00,
2.3591423995e+00,
2.4628980786e+00,
2.5683099300e+00,
2.6746220173e+00,
2.7810882392e+00,
2.8869848508e+00,
2.9916208469e+00,
3.0943463541e+00,
3.1945592972e+00,
3.2917106430e+00,
3.3853084920e+00,
3.4749212173e+00,
3.5601797655e+00,
3.6407791621e+00,
3.7164792133e+00,
3.7871043808e+00,
3.8525428091e+00,
3.9127445124e+00,
3.9677187561e+00,
4.0175306946e+00,
4.0622973469e+00,
4.1021830022e+00,
4.1373941445e+00,
4.1681739865e+00,
4.1947966916e+00,
4.2175613624e+00,
4.2367858713e+00,
4.2528006124e+00,
4.2659422626e+00,
4.2765476488e+00,
4.2849478312e+00,
4.2914625218e+00,
4.2963949652e+00,
4.3000274119e+00,
4.3026173085e+00,
4.3043943209e+00,
4.3055582854e+00,
4.3062781610e+00,
4.3066920212e+00,
4.3069080945e+00,
4.3070068204e+00,
4.3070438559e+00,
4.3070539305e+00,
4.3070554174e+00,
4.3070555586e+00,
4.3070584364e+00,
4.3070779342e+00,
4.3071496097e+00,
4.3073406687e+00,
4.3077587888e+00,
4.3085595087e+00,
4.3099518729e+00,
4.3122020505e+00,
4.3156346773e+00,
4.3206317145e+00,
4.3276286658e+00,
4.3371080617e+00,
4.3495902055e+00,
4.3656212740e+00,
4.3857589899e+00,
4.4105562157e+00,
4.4405429614e+00,
4.4762074374e+00,
4.5179769111e+00,
4.5661992241e+00,
4.6211258950e+00,
4.6828977494e+00,
4.7515339909e+00,
4.8269255296e+00,
4.9088332223e+00,
4.9968914121e+00,
5.0906167950e+00,
5.1894221700e+00,
5.2926341192e+00,
5.3995132002e+00,
5.5092749646e+00,
5.6211101544e+00,
5.7342028015e+00,
5.8477455632e+00,
5.9609522771e+00,
6.0730681985e+00,
6.1833785837e+00,
6.2912162039e+00,
6.3959681224e+00,
6.4970817819e+00,
6.5940702340e+00,
6.6865162406e+00,
6.7740749984e+00,
6.8564753287e+00,
6.9335193037e+00,
7.0050804068e+00,
7.0711004141e+00,
7.1315852442e+00,
7.1866000368e+00,
7.2362637080e+00,
7.2807431909e+00,
7.3202475258e+00,
7.3550219147e+00,
7.3853418099e+00,
7.4115070739e+00,
7.4338362260e+00,
7.4526607787e+00,
7.4683196720e+00,
7.4811538211e+00,
7.4915008139e+00,
7.4996898131e+00,
7.5060367416e+00,
7.5108398489e+00,
7.5143757670e+00,
7.5168961755e+00,
7.5186251896e+00,
7.5197575735e+00,
7.5204578613e+00,
7.5208604410e+00,
7.5210706192e+00,
7.5211666503e+00,
7.5212026747e+00,
7.5212124742e+00,
7.5212139206e+00,
7.5212140493e+00,
7.5212165831e+00,
7.5212337502e+00,
7.5212968576e+00,
7.5214650762e+00,
7.5218332049e+00,
7.5225381633e+00,
7.5237639284e+00,
7.5257446520e+00,
7.5287657153e+00,
7.5331625086e+00,
7.5393167666e+00,
7.5476503452e+00,
7.5586164075e+00,
7.5726880829e+00,
7.5903447916e+00,
7.6120565626e+00,
7.6382668328e+00,
7.6693743633e+00,
7.7057150567e+00,
7.7475445669e+00,
7.7950226697e+00,
7.8482003674e+00,
7.9070106452e+00,
7.9712636611e+00,
8.0406469348e+00,
8.1147308153e+00,
8.1929791640e+00,
8.2747648186e+00,
8.3593890339e+00,
8.4461037760e+00,
8.5341355169e+00,
8.6227090685e+00,
8.7110700354e+00,
8.7985046434e+00,
8.8843560015e+00,
8.9680362261e+00,
9.0490342533e+00,
9.1269195295e+00,
9.2013420647e+00,
9.2720295306e+00,
9.3387821759e+00,
9.4014663307e+00,
9.4600071941e+00,
9.5143814759e+00,
9.5646103164e+00,
9.6107527637e+00,
9.6528999581e+00,
9.6911700688e+00,
9.7257039503e+00,
9.7566614376e+00,
9.7842181697e+00,
9.8085628223e+00,
9.8298946322e+00,
9.8484211085e+00,
9.8643558406e+00,
9.8779163333e+00,
9.8893218199e+00,
9.8987910261e+00,
9.9065398790e+00,
9.9127791757e+00,
9.9177122477e+00,
9.9215326733e+00,
9.9244221040e+00,
9.9265482836e+00,
9.9280633428e+00,
9.9291024487e+00,
9.9297828880e+00,
9.9302036442e+00,
9.9304455134e+00,
9.9305717841e+00,
9.9306294766e+00,
9.9306511188e+00,
9.9306570060e+00,
9.9306578749e+00,
9.9306579517e+00,
9.9306594582e+00,
9.9306696645e+00,
9.9307071836e+00,
9.9308071931e+00,
9.9310260474e+00,
9.9314451257e+00,
9.9321737383e+00,
9.9333509189e+00,
9.9351459404e+00,
9.9377574053e+00,
9.9414107853e+00,
9.9463543272e+00,
9.9528532982e+00,
9.9611826298e+00,
9.9716181181e+00,
9.9844264617e+00,
9.9998545455e+00,
1.0018118497e+01,
1.0039393138e+01,
1.0063802506e+01,
1.0091412094e+01,
1.0122223391e+01,
1.0156171126e+01,
1.0193123415e+01,
1.0232884749e+01,
1.0275201530e+01,
1.0319769645e+01,
1.0366243466e+01,
1.0414245618e+01,
1.0463376940e+01,
1.0513226215e+01,
1.0563379396e+01,
1.0613428255e+01,
1.0662978464e+01,
1.0711657151e+01,
1.0759119921e+01,
1.0805057194e+01,
1.0849199591e+01,
1.0891322001e+01,
1.0931245966e+01,
1.0968840141e+01,
1.1004018775e+01,
1.1036738410e+01,
1.1066993220e+01,
1.1094809527e+01,
1.1120240064e+01,
1.1143358466e+01,
1.1164254354e+01,
1.1183029186e+01,
1.1199792930e+01,
1.1214661494e+01,
1.1227754790e+01,
1.1239195277e+01,
1.1249106841e+01,
1.1257613869e+01,
1.1264840424e+01,
1.1270909438e+01,
1.1275941874e+01,
1.1280055844e+01,
1.1283365660e+01,
1.1285980854e+01,
1.1288005172e+01,
1.1289535597e+01,
1.1290661432e+01,
1.1291463505e+01,
1.1292013529e+01,
1.1292373667e+01,
1.1292596347e+01,
1.1292724349e+01,
1.1292791172e+01,
1.1292821703e+01,
1.1292833156e+01,
1.1292836272e+01,
1.1292836732e+01,
1.1292836773e+01,
1.1292837590e+01,
1.1292843123e+01,
1.1292863462e+01,
1.1292917676e+01,
1.1293036313e+01,
1.1293263477e+01,
1.1293658398e+01,
1.1294296371e+01,
1.1295268992e+01,
1.1296683590e+01,
1.1298661774e+01,
1.1301337046e+01,
1.1304851473e+01,
1.1309351447e+01,
1.1314982642e+01,
1.1321884377e+01,
1.1330183639e+01,
1.1339989147e+01,
1.1351385874e+01,
1.1364430446e+01,
1.1379147849e+01,
1.1395529714e+01,
1.1413534351e+01,
1.1433088457e+01,
1.1454090238e+01,
1.1476413515e+01,
1.1499912303e+01,
1.1524425368e+01,
1.1549780393e+01,
1.1575797571e+01,
1.1602292629e+01,
1.1629079433e+01,
1.1655972380e+01,
1.1682788779e+01,
1.1709351302e+01,
1.1735490538e+01,
1.1761047535e+01,
1.1785876191e+01,
1.1809845342e+01,
1.1832840401e+01,
1.1854764459e+01,
1.1875538830e+01,
1.1895103047e+01,
1.1913414387e+01,
1.1930447008e+01,
1.1946190803e+01,
1.1960650068e+01,
1.1973842066e+01,
1.1985795571e+01,
1.1996549424e+01,
1.2006151147e+01,
1.2014655624e+01,
1.2022123858e+01,
1.2028621792e+01,
1.2034219192e+01,
1.2038988567e+01,
1.2043004126e+01,
1.2046340760e+01,
1.2049073034e+01,
1.2051274211e+01,
1.2053015292e+01,
1.2054364113e+01,
1.2055384492e+01,
1.2056135472e+01,
1.2056670671e+01,
1.2057037771e+01,
1.2057278175e+01,
1.2057426837e+01,
1.2057512297e+01,
1.2057556912e+01,
1.2057577297e+01,
1.2057584944e+01,
1.2057587024e+01,
1.2057587331e+01,
1.2057587360e+01,
1.2057587928e+01,
1.2057591777e+01,
1.2057605927e+01,
1.2057643645e+01,
1.2057726185e+01,
1.2057884239e+01,
1.2058159040e+01,
1.2058603034e+01,
1.2059280091e+01,
1.2060265169e+01,
1.2061643409e+01,
1.2063508611e+01,
1.2065961095e+01,
1.2069104949e+01,
1.2073044728e+01,
1.2077881675e+01,
1.2083709629e+01,
1.2090610774e+01,
1.2098651459e+01,
1.2107878339e+01,
1.2118315087e+01,
1.2129959925e+01,
1.2142784197e+01,
1.2156732117e+01,
1.2171721775e+01,
1.2187647374e+01,
1.2204382572e+01,
1.2221784716e+01,
1.2239699682e+01,
1.2257966989e+01,
1.2276424865e+01,
1.2294914953e+01,
1.2313286420e+01,
1.2331399296e+01,
1.2349126969e+01,
1.2366357823e+01,
1.2382996091e+01,
1.2398962016e+01,
1.2414191465e+01,
1.2428635122e+01,
1.2442257403e+01,
1.2455035199e+01,
1.2466956550e+01,
1.2478019321e+01,
1.2488229927e+01,
1.2497602155e+01,
1.2506156089e+01,
1.2513917152e+01,
1.2520915260e+01,
1.2527184083e+01,
1.2532760394e+01,
1.2537683493e+01,
1.2541994690e+01,
1.2545736830e+01,
1.2548953840e+01,
1.2551690292e+01,
1.2553990969e+01,
1.2555900422e+01,
1.2557462523e+01,
1.2558720014e+01,
1.2559714054e+01,
1.2560483774e+01,
1.2561065853e+01,
1.2561494137e+01,
1.2561799301e+01,
1.2562008589e+01,
1.2562145633e+01,
1.2562230374e+01,
1.2562279086e+01,
1.2562304516e+01,
1.2562316136e+01,
1.2562320494e+01,
1.2562321680e+01,
1.2562321855e+01,
1.2562321872e+01,
1.2562322212e+01,
1.2562324521e+01,
1.2562333006e+01,
1.2562355624e+01,
1.2562405118e+01,
1.2562499891e+01,
1.2562664652e+01,
1.2562930817e+01,
1.2563336608e+01,
1.2563926814e+01,
1.2564752193e+01,
1.2565868480e+01,
1.2567334994e+01,
1.2569212873e+01,
1.2571562945e+01,
1.2574443336e+01,
1.2577906903e+01,
1.2581998627e+01,
1.2586753133e+01,
1.2592192505e+01,
1.2598324561e+01,
1.2605141748e+01,
1.2612620747e+01,
1.2620722850e+01,
1.2629395088e+01,
1.2638572026e+01,
1.2648178098e+01,
1.2658130290e+01,
1.2668340987e+01,
1.2678720777e+01,
1.2689181058e+01,
1.2699636305e+01,
1.2710005935e+01,
1.2720215708e+01,
1.2730198716e+01,
1.2739895962e+01,
1.2749256615e+01,
1.2758237996e+01,
1.2766805369e+01,
1.2774931584e+01,
1.2782596616e+01,
1.2789787050e+01,
1.2796495518e+01,
1.2802720118e+01,
1.2808463831e+01,
1.2813733948e+01,
1.2818541507e+01,
1.2822900770e+01,
1.2826828727e+01,
1.2830344640e+01,
1.2833469628e+01,
1.2836226292e+01,
1.2838638372e+01,
1.2840730443e+01,
1.2842527627e+01,
1.2844055329e+01,
1.2845338981e+01,
1.2846403794e+01,
1.2847274515e+01,
1.2847975183e+01,
1.2848528887e+01,
1.2848957533e+01,
1.2849281624e+01,
1.2849520050e+01,
1.2849689917e+01,
1.2849806407e+01,
1.2849882682e+01,
1.2849929845e+01,
1.2849956955e+01,
1.2849971108e+01,
1.2849977575e+01,
1.2849980000e+01,
1.2849980660e+01,
1.2849980758e+01,
1.2849980767e+01,
1.2849980968e+01,
1.2849982328e+01,
1.2849987326e+01,
1.2850000649e+01,
1.2850029803e+01,
1.2850085625e+01,
1.2850182665e+01,
1.2850339412e+01,
1.2850578345e+01,
1.2850925775e+01,
1.2851411466e+01,
1.2852068008e+01,
1.2852929951e+01,
1.2854032684e+01,
1.2855411101e+01,
1.2857098082e+01,
1.2859122859e+01,
1.2861509351e+01,
1.2864274564e+01,
1.2867427176e+01,
1.2870966402e+01,
1.2874881266e+01,
1.2879150341e+01,
1.2883742005e+01,
1.2888615244e+01,
1.2893720954e+01,
1.2899003675e+01,
1.2904403654e+01,
1.2909859104e+01,
1.2915308511e+01,
1.2920692831e+01,
1.2925957455e+01,
1.2931053819e+01,
1.2935940580e+01,
1.2940584339e+01,
1.2944959887e+01,
1.2949050048e+01,
1.2952845158e+01,
1.2956342288e+01,
1.2959544294e+01,
1.2962458781e+01,
1.2965097063e+01,
1.2967473172e+01,
1.2969602969e+01,
1.2971503378e+01,
1.2973191748e+01,
1.2974685359e+01,
1.2976001042e+01,
1.2977154922e+01,
1.2978162245e+01,
1.2979037290e+01,
1.2979793332e+01,
1.2980442658e+01,
1.2980996605e+01,
1.2981465620e+01,
1.2981859329e+01,
1.2982186606e+01,
1.2982455639e+01,
1.2982673982e+01,
1.2982848604e+01,
1.2982985919e+01,
1.2983091809e+01,
1.2983171631e+01,
1.2983230223e+01,
1.2983271899e+01,
1.2983300447e+01,
1.2983319125e+01,
1.2983330668e+01,
1.2983337302e+01,
1.2983340764e+01,
1.2983342346e+01,
1.2983342939e+01,
1.2983343101e+01,
1.2983343125e+01,
1.2983343127e+01,
1.2983343179e+01,
1.2983343533e+01,
1.2983344832e+01,
1.2983348295e+01,
1.2983355870e+01,
1.2983370371e+01,
1.2983395561e+01,
1.2983436204e+01,
1.2983498048e+01,
1.2983587738e+01,
1.2983712654e+01,
1.2983880645e+01,
1.2984099681e+01,
1.2984377411e+01,
1.2984720637e+01,
1.2985134759e+01,
1.2985623200e+01,
1.2986186889e+01,
1.2986823855e+01,
1.2987528991e+01,
1.2988294039e+01,
1.2989107830e+01,
1.2989956774e+01,
1.2990825577e+01,
1.2991698117e+01,
1.2992558391e+01,
1.2993391442e+01,
1.2994184164e+01,
1.2994925911e+01,
1.2995608863e+01,
1.2996228129e+01,
1.2996781616e+01,
1.2997269712e+01,
1.2997694844e+01,
1.2998060982e+01,
1.2998373143e+01,
1.2998636941e+01,
1.2998858197e+01,
1.2999042631e+01,
1.2999195631e+01,
1.2999322115e+01,
1.2999426458e+01,
1.2999512479e+01,
1.2999583466e+01,
1.2999642214e+01,
1.2999691066e+01,
1.2999731969e+01,
1.2999766511e+01,
1.2999795980e+01,
1.2999821404e+01,
1.2999843591e+01,
1.2999863169e+01,
1.2999880611e+01,
1.2999896266e+01,
1.2999910387e+01,
1.2999923148e+01,
1.2999934670e+01,
1.2999945036e+01,
1.2999954308e+01,
1.2999962533e+01,
1.2999969756e+01,
1.2999976023e+01,
1.2999981383e+01,
1.2999985893e+01,
1.2999989613e+01,
1.2999992613e+01,
1.2999994965e+01,
1.2999996747e+01,
1.2999998040e+01,
1.2999998926e+01,
1.2999999487e+01,
1.3000000000e+01,
1.3000000000e+01,
1.3000000000e+01,
