0.0000000000e+00,
4.7089200450e-07,
1.5031806896e-05,
1.1368444130e-04,
4.7634635349e-04,
1.4431035895e-03,
3.5589991724e-03,
7.6118465866e-03,
1.4661823297e-02,
2.6061911312e-02,
4.3468575298e-02,
6.8842350075e-02,
1.0443817754e-01,
1.5278531187e-01,
2.1665634603e-01,
2.9902440872e-01,
4.0300695679e-01,
5.3179410433e-01,
6.8855948694e-01,
8.7635270517e-01,
1.0979747596e+00,
1.3558415684e+00,
1.6518450973e+00,
1.9872256995e+00,
2.3624714683e+00,
2.7772593640e+00,
3.2304479554e+00,
3.7201234023e+00,
4.2436906875e+00,
4.7979938035e+00,
5.3794442576e+00,
5.9841384224e+00,
6.6079507570e+00,
7.2465998159e+00,
7.8956940775e+00,
8.5507715598e+00,
9.2073482537e+00,
9.8609847805e+00,
1.0507370279e+01,
1.1142412098e+01,
1.1762315041e+01,
1.2363637508e+01,
1.2943321261e+01,
1.3498700616e+01,
1.4027500733e+01,
1.4527833091e+01,
1.4998191982e+01,
1.5437452119e+01,
1.5844865525e+01,
1.6220055569e+01,
1.6563006646e+01,
1.6874048818e+01,
1.7153837385e+01,
1.7403327796e+01,
1.7623746473e+01,
1.7816558224e+01,
1.7983430884e+01,
1.8126197799e+01,
1.8246818808e+01,
1.8347340325e+01,
1.8429855237e+01,
1.8496463317e+01,
1.8549232965e+01,
1.8590165091e+01,
1.8621160007e+01,
1.8643988174e+01,
1.8660265605e+01,
1.8671434652e+01,
1.8678750765e+01,
1.8683275652e+01,
1.8685877067e+01,
1.8687235257e+01,
1.8687855828e+01,
1.8688088627e+01,
1.8688151954e+01,
1.8688161301e+01,
1.8688162580e+01,
1.8688192797e+01,
1.8688397518e+01,
1.8689150089e+01,
1.8691156131e+01,
1.8695546111e+01,
1.8703952708e+01,
1.8718569535e+01,
1.8742188002e+01,
1.8778209326e+01,
1.8830629056e+01,
1.8903991995e+01,
1.9003316141e+01,
1.9133985302e+01,
1.9301611459e+01,
1.9511869560e+01,
1.9770309463e+01,
2.0082151756e+01,
2.0452076315e+01,
2.0884014260e+01,
2.1380955404e+01,
2.1944783829e+01,
2.2576153614e+01,
2.3274414361e+01,
2.4037591847e+01,
2.4862423147e+01,
2.5744439365e+01,
2.6678084988e+01,
2.7656863183e+01,
2.8673501471e+01,
2.9720139082e+01,
3.0788539287e+01,
3.1870321948e+01,
3.2957195910e+01,
3.4041160109e+01,
3.5114649147e+01,
3.6170621743e+01,
3.7202612010e+01,
3.8204768495e+01,
3.9171894842e+01,
4.0099490858e+01,
4.0983784239e+01,
4.1821743430e+01,
4.2611067483e+01,
4.3350154757e+01,
4.4038056157e+01,
4.4674419781e+01,
4.5259432930e+01,
4.5793765556e+01,
4.6278517242e+01,
4.6715168219e+01,
4.7105533944e+01,
4.7451722300e+01,
4.7756092365e+01,
4.8021213861e+01,
4.8249826592e+01,
4.8444799442e+01,
4.8609088747e+01,
4.8745696094e+01,
4.8857625822e+01,
4.8947842697e+01,
4.9019230466e+01,
4.9074552137e+01,
4.9116412989e+01,
4.9147227431e+01,
4.9169190800e+01,
4.9184257211e+01,
4.9194124407e+01,
4.9200226369e+01,
4.9203734216e+01,
4.9205565577e+01,
4.9206402330e+01,
4.9206716222e+01,
4.9206801609e+01,
4.9206814212e+01,
4.9206815408e+01,
4.9206839799e+01,
4.9207005050e+01,
4.9207612527e+01,
4.9209231802e+01,
4.9212775369e+01,
4.9219561046e+01,
4.9231359272e+01,
4.9250422647e+01,
4.9279495225e+01,
4.9321799357e+01,
4.9380998268e+01,
4.9461133190e+01,
4.9566534715e+01,
4.9701709224e+01,
4.9871202665e+01,
5.0079445594e+01,
5.0330585142e+01,
5.0628311129e+01,
5.0975684861e+01,
5.1374979840e+01,
5.1827543676e+01,
5.2333689890e+01,
5.2892627210e+01,
5.3502432540e+01,
5.4160072124e+01,
5.4861472955e+01,
5.5601642452e+01,
5.6374828221e+01,
5.7174702646e+01,
5.7994552433e+01,
5.8827455334e+01,
5.9666435663e+01,
6.0504602269e+01,
6.1335279768e+01,
6.2152141894e+01,
6.2949346876e+01,
6.3721665080e+01,
6.4464584053e+01,
6.5174377455e+01,
6.5848130440e+01,
6.6483721881e+01,
6.7079770558e+01,
6.7635556446e+01,
6.8150929287e+01,
6.8626215223e+01,
6.9062129513e+01,
6.9459700115e+01,
6.9820204055e+01,
7.0145116317e+01,
7.0436069633e+01,
7.0694822915e+01,
7.0923235960e+01,
7.1123248289e+01,
7.1296860349e+01,
7.1446115741e+01,
7.1573083532e+01,
7.1679840057e+01,
7.1768449911e+01,
7.1840946110e+01,
7.1899309576e+01,
7.1945448331e+01,
7.1981176928e+01,
7.2008196775e+01,
7.2028078113e+01,
7.2042244438e+01,
7.2051960154e+01,
7.2058322187e+01,
7.2062256162e+01,
7.2064517568e+01,
7.2065698156e+01,
7.2066237561e+01,
7.2066439908e+01,
7.2066494951e+01,
7.2066503075e+01,
7.2066503798e+01,
7.2066518030e+01,
7.2066614456e+01,
7.2066968923e+01,
7.2067913774e+01,
7.2069981416e+01,
7.2073940652e+01,
7.2080824091e+01,
7.2091944986e+01,
7.2108901922e+01,
7.2133569924e+01,
7.2168076753e+01,
7.2214763592e+01,
7.2276129848e+01,
7.2354762673e+01,
7.2453252747e+01,
7.2574099116e+01,
7.2719607043e+01,
7.2891783988e+01,
7.3092239613e+01,
7.3322096038e+01,
7.3581914232e+01,
7.3871641428e+01,
7.4190583000e+01,
7.4537400528e+01,
7.4910136391e+01,
7.5306264328e+01,
7.5722765037e+01,
7.6156225362e+01,
7.6602957839e+01,
7.7059133705e+01,
7.7520917329e+01,
7.7984586313e+01,
7.8446622518e+01,
7.8903766625e+01,
7.9353039665e+01,
7.9791743727e+01,
8.0217456351e+01,
8.0628029063e+01,
8.1021593485e+01,
8.1396572570e+01,
8.1751691702e+01,
8.2085984542e+01,
8.2398790465e+01,
8.2689742736e+01,
8.2958748484e+01,
8.3205962668e+01,
8.3431758562e+01,
8.3636697117e+01,
8.3821497075e+01,
8.3987007061e+01,
8.4134180365e+01,
8.4264052606e+01,
8.4377722142e+01,
8.4476332868e+01,
8.4561058937e+01,
8.4633090900e+01,
8.4693622812e+01,
8.4743839928e+01,
8.4784906729e+01,
8.4817955150e+01,
8.4844073008e+01,
8.4864292779e+01,
8.4879580959e+01,
8.4890828358e+01,
8.4898841721e+01,
8.4904337103e+01,
8.4907935389e+01,
8.4910160318e+01,
8.4911439269e+01,
8.4912106950e+01,
8.4912412008e+01,
8.4912526444e+01,
8.4912557574e+01,
8.4912562168e+01,
8.4912562574e+01,
8.4912570540e+01,
8.4912624507e+01,
8.4912822894e+01,
8.4913351702e+01,
8.4914508897e+01,
8.4916724718e+01,
8.4920576969e+01,
8.4926800334e+01,
8.4936288797e+01,
8.4950090314e+01,
8.4969392994e+01,
8.4995502241e+01,
8.5029808640e+01,
8.5073746802e+01,
8.5128745941e+01,
8.5196173656e+01,
8.5277275105e+01,
8.5373110522e+01,
8.5484494628e+01,
8.5611941959e+01,
8.5755622200e+01,
8.5915329376e+01,
8.6090467969e+01,
8.6280057900e+01,
8.6482758760e+01,
8.6696912058e+01,
8.6920598595e+01,
8.7151706856e+01,
8.7388007512e+01,
8.7627229033e+01,
8.7867129823e+01,
8.8105563153e+01,
8.8340532173e+01,
8.8570233300e+01,
8.8793087136e+01,
8.9007756830e+01,
8.9213154492e+01,
8.9408436905e+01,
8.9592992389e+01,
8.9766421102e+01,
8.9928511195e+01,
9.0079213161e+01,
9.0218614273e+01,
9.0346914527e+01,
9.0464404937e+01,
9.0571448595e+01,
9.0668464535e+01,
9.0755914260e+01,
9.0834290652e+01,
9.0904108941e+01,
9.0965899398e+01,
9.1020201426e+01,
9.1067558737e+01,
9.1108515334e+01,
9.1143612036e+01,
9.1173383311e+01,
9.1198354244e+01,
9.1219037482e+01,
9.1235930065e+01,
9.1249510109e+01,
9.1260233341e+01,
9.1268529577e+01,
9.1274799234e+01,
9.1279410055e+01,
9.1282694208e+01,
9.1284945979e+01,
9.1286420214e+01,
9.1287331703e+01,
9.1287855627e+01,
9.1288129136e+01,
9.1288254098e+01,
9.1288300975e+01,
9.1288313727e+01,
9.1288315609e+01,
9.1288315778e+01,
9.1288319120e+01,
9.1288341766e+01,
9.1288425011e+01,
9.1288646904e+01,
9.1289132461e+01,
9.1290062165e+01,
9.1291678318e+01,
9.1294288814e+01,
9.1298267910e+01,
9.1304053578e+01,
9.1312141078e+01,
9.1323072479e+01,
9.1337422006e+01,
9.1355777339e+01,
9.1378717248e+01,
9.1406786333e+01,
9.1440467982e+01,
9.1480157047e+01,
9.1526133974e+01,
9.1578542328e+01,
9.1637371577e+01,
9.1702446783e+01,
9.1773426404e+01,
9.1849808798e+01,
9.1930947316e+01,
9.2016073114e+01,
9.2104324211e+01,
9.2194778722e+01,
9.2286489964e+01,
9.2378520990e+01,
9.2469976279e+01,
9.2560028701e+01,
9.2647940378e+01,
9.2733076738e+01,
9.2814913706e+01,
9.2893038581e+01,
9.2967145601e+01,
9.3037027487e+01,
9.3102564355e+01,
9.3163711289e+01,
9.3220485685e+01,
9.3272955216e+01,
9.3321226956e+01,
9.3365437978e+01,
9.3405747504e+01,
9.3442330546e+01,
9.3475372892e+01,
9.3505067228e+01,
9.3531610204e+01,
9.3555200227e+01,
9.3576035820e+01,
9.3594314397e+01,
9.3610231327e+01,
9.3623979178e+01,
9.3635747065e+01,
9.3645720032e+01,
9.3654078404e+01,
9.3660997080e+01,
9.3666644745e+01,
9.3671182975e+01,
9.3674765273e+01,
9.3677536043e+01,
9.3679629547e+01,
9.3681168912e+01,
9.3682265235e+01,
9.3683016867e+01,
9.3683508935e+01,
9.3683813160e+01,
9.3683988025e+01,
9.3684079310e+01,
9.3684121017e+01,
9.3684136662e+01,
9.3684140918e+01,
9.3684141546e+01,
9.3684141604e+01,
9.3684142767e+01,
9.3684150642e+01,
9.3684179591e+01,
9.3684256756e+01,
9.3684425609e+01,
9.3684748904e+01,
9.3685310872e+01,
9.3686218504e+01,
9.3687601767e+01,
9.3689612601e+01,
9.3692422547e+01,
9.3696218917e+01,
9.3701199460e+01,
9.3707565550e+01,
9.3715514079e+01,
9.3725228318e+01,
9.3736868199e+01,
9.3750560558e+01,
9.3766390010e+01,
9.3784391125e+01,
9.3804542580e+01,
9.3826763790e+01,
9.3850914409e+01,
9.3876796793e+01,
9.3904161344e+01,
9.3932714446e+01,
9.3962128534e+01,
9.3992053816e+01,
9.4022131092e+01,
9.4052005108e+01,
9.4081337846e+01,
9.4109821042e+01,
9.4137187125e+01,
9.4163217729e+01,
9.4187748958e+01,
9.4210672895e+01,
9.4231935254e+01,
9.4251529614e+01,
9.4269489173e+01,
9.4285877190e+01,
9.4300777363e+01,
9.4314285116e+01,
9.4326500448e+01,
9.4337522611e+01,
9.4347446561e+01,
9.4356360954e+01,
9.4364347317e+01,
9.4371480074e+01,
9.4377827087e+01,
9.4383450478e+01,
9.4388407551e+01,
9.4392751678e+01,
9.4396533090e+01,
9.4399799524e+01,
9.4402596711e+01,
9.4404968708e+01,
9.4406958087e+01,
9.4408605992e+01,
9.4409952088e+01,
9.4411034425e+01,
9.4411889235e+01,
9.4412550691e+01,
9.4413050643e+01,
9.4413418361e+01,
9.4413680300e+01,
9.4413859910e+01,
9.4413977506e+01,
9.4414050215e+01,
9.4414092009e+01,
9.4414113828e+01,
9.4414123796e+01,
9.4414127536e+01,
9.4414128553e+01,
9.4414128703e+01,
9.4414128717e+01,
9.4414129010e+01,
9.4414130990e+01,
9.4414138270e+01,
9.4414157674e+01,
9.4414200136e+01,
9.4414281437e+01,
9.4414422766e+01,
9.4414651043e+01,
9.4414998988e+01,
9.4415504889e+01,
9.4416212035e+01,
9.4417167816e+01,
9.4418422465e+01,
9.4420027484e+01,
9.4422033815e+01,
9.4424489841e+01,
9.4427439353e+01,
9.4430919644e+01,
9.4434959882e+01,
9.4439579912e+01,
9.4444789583e+01,
9.4450588630e+01,
9.4456967068e+01,
9.4463905986e+01,
9.4471378577e+01,
9.4479351237e+01,
9.4487784598e+01,
9.4496634384e+01,
9.4505852091e+01,
9.4515385502e+01,
9.4525179109e+01,
9.4535174528e+01,
9.4545310972e+01,
9.4555525845e+01,
9.4565755458e+01,
9.4575935894e+01,
9.4586003963e+01,
9.4595898235e+01,
9.4605560081e+01,
9.4614934683e+01,
9.4623971953e+01,
9.4632627323e+01,
9.4640862370e+01,
9.4648645264e+01,
9.4655951018e+01,
9.4662761558e+01,
9.4669065624e+01,
9.4674858523e+01,
9.4680141762e+01,
9.4684922588e+01,
9.4689213464e+01,
9.4693031493e+01,
9.4696397823e+01,
9.4699337034e+01,
9.4701876521e+01,
9.4704045880e+01,
9.4705876301e+01,
9.4707399974e+01,
9.4708649504e+01,
9.4709657351e+01,
9.4710455292e+01,
9.4711073918e+01,
9.4711542172e+01,
9.4711886945e+01,
9.4712132728e+01,
9.4712301351e+01,
9.4712411793e+01,
9.4712480095e+01,
9.4712519361e+01,
9.4712539861e+01,
9.4712549228e+01,
9.4712552742e+01,
9.4712553698e+01,
9.4712553839e+01,
9.4712553853e+01,
9.4712554143e+01,
9.4712556113e+01,
9.4712563353e+01,
9.4712582653e+01,
9.4712624888e+01,
9.4712705767e+01,
9.4712846397e+01,
9.4713073641e+01,
9.4713420238e+01,
9.4713924663e+01,
9.4714630701e+01,
9.4715586731e+01,
9.4716844706e+01,
9.4718458839e+01,
9.4720484008e+01,
9.4722973923e+01,
9.4725979095e+01,
9.4729544682e+01,
9.4733708284e+01,
9.4738497803e+01,
9.4743929462e+01,
9.4750006110e+01,
9.4756715929e+01,
9.4764031662e+01,
9.4771910459e+01,
9.4780294408e+01,
9.4789111809e+01,
9.4798279145e+01,
9.4807703709e+01,
9.4817286742e+01,
9.4826926895e+01,
9.4836523801e+01,
9.4845981513e+01,
9.4855211571e+01,
9.4864135521e+01,
9.4872686742e+01,
9.4880811527e+01,
9.4888469421e+01,
9.4895632895e+01,
9.4902286477e+01,
9.4908425472e+01,
9.4914054430e+01,
9.4919185508e+01,
9.4923836827e+01,
9.4928030941e+01,
9.4931793450e+01,
9.4935151827e+01,
9.4938134442e+01,
9.4940769801e+01,
9.4943085973e+01,
9.4945110184e+01,
9.4946868547e+01,
9.4948385912e+01,
9.4949685795e+01,
9.4950790360e+01,
9.4951720454e+01,
9.4952495649e+01,
9.4953134290e+01,
9.4953653548e+01,
9.4954069445e+01,
9.4954396877e+01,
9.4954649609e+01,
9.4954840259e+01,
9.4954980278e+01,
9.4955079911e+01,
9.4955148177e+01,
9.4955192849e+01,
9.4955220461e+01,
9.4955236330e+01,
9.4955244613e+01,
9.4955248397e+01,
9.4955249817e+01,
9.4955250203e+01,
9.4955250260e+01,
9.4955250266e+01,
9.4955250391e+01,
9.4955251236e+01,
9.4955254344e+01,
9.4955262629e+01,
9.4955280754e+01,
9.4955315450e+01,
9.4955375732e+01,
9.4955473020e+01,
9.4955621115e+01,
9.4955836022e+01,
9.4956135583e+01,
9.4956538910e+01,
9.4957065602e+01,
9.4957734761e+01,
9.4958563824e+01,
9.4959567279e+01,
9.4960755342e+01,
9.4962132708e+01,
9.4963697507e+01,
9.4965440587e+01,
9.4967345267e+01,
9.4969387620e+01,
9.4971537342e+01,
9.4973759156e+01,
9.4976014665e+01,
9.4978264472e+01,
9.4980470377e+01,
9.4982597420e+01,
9.4984615581e+01,
9.4986500990e+01,
9.4988236569e+01,
9.4989812108e+01,
9.4991223843e+01,
9.4992473654e+01,
9.4993568017e+01,
9.4994516852e+01,
9.4995332382e+01,
9.4996028097e+01,
9.4996617887e+01,
9.4997115376e+01,
9.4997533457e+01,
9.4997884004e+01,
9.4998177719e+01,
9.4998424069e+01,
9.4998631287e+01,
9.4998806423e+01,
9.4998955422e+01,
9.4999083230e+01,
9.4999193906e+01,
9.4999290731e+01,
9.4999376305e+01,
9.4999452649e+01,
9.4999521287e+01,
9.4999583341e+01,
9.4999639613e+01,
9.4999690664e+01,
9.4999736880e+01,
9.4999778537e+01,
9.4999815839e+01,
9.4999848958e+01,
9.4999878059e+01,
9.4999903317e+01,
9.4999924927e+01,
9.4999943108e+01,
9.4999958111e+01,
9.4999970207e+01,
9.4999979692e+01,
9.4999986881e+01,
9.4999992096e+01,
9.4999995670e+01,
9.4999997932e+01,
9.4999999204e+01,
9.5000000000e+01,
9.5000000000e+01,
