0.0000000000e+00,
4.1962099573e-08,
1.3395120000e-06,
1.0130621600e-05,
4.2447930799e-05,
1.2859601440e-04,
3.1713915000e-04,
6.7826074540e-04,
1.3063760486e-03,
2.3219043425e-03,
3.8721344389e-03,
6.1311465148e-03,
9.2987824565e-03,
1.3598684047e-02,
1.9275441726e-02,
2.6590914795e-02,
3.5819795998e-02,
4.7244499521e-02,
6.1149453112e-02,
7.7814874682e-02,
9.7510115415e-02,
1.2048665890e-01,
1.4697088311e-01,
1.7715672107e-01,
2.1119839652e-01,
2.4920345906e-01,
2.9122639195e-01,
3.3726310558e-01,
3.8724665027e-01,
4.4104447369e-01,
4.9845750527e-01,
5.5922127173e-01,
6.2300913924e-01,
6.8943764911e-01,
7.5807378039e-01,
8.2844384933e-01,
9.0004365675e-01,
9.7234943088e-01,
1.0448290896e+00,
1.1169533616e+00,
1.1882063547e+00,
1.2580952341e+00,
1.3261587577e+00,
1.3919745065e+00,
1.4551647288e+00,
1.5154007884e+00,
1.5724062588e+00,
1.6259587460e+00,
1.6758905399e+00,
1.7220882094e+00,
1.7644912533e+00,
1.8030899150e+00,
1.8379222637e+00,
1.8690706342e+00,
1.8966575127e+00,
1.9208409538e+00,
1.9418096098e+00,
1.9597774592e+00,
1.9749783225e+00,
1.9876602630e+00,
1.9980799731e+00,
2.0064972562e+00,
2.0131697175e+00,
2.0183477803e+00,
2.0222701416e+00,
2.0251597789e+00,
2.0272206070e+00,
2.0286348715e+00,
2.0295613481e+00,
2.0301343908e+00,
2.0304638520e+00,
2.0306358658e+00,
2.0307144615e+00,
2.0307439457e+00,
2.0307519661e+00,
2.0307531499e+00,
2.0307533120e+00,
2.0307571390e+00,
2.0307830672e+00,
2.0308783820e+00,
2.0311324548e+00,
2.0316884800e+00,
2.0327533079e+00,
2.0346049687e+00,
2.0375975193e+00,
2.0421628937e+00,
2.0488094930e+00,
2.0581173184e+00,
2.0707295388e+00,
2.0873404859e+00,
2.1086801989e+00,
2.1354957880e+00,
2.1685300560e+00,
2.2084980024e+00,
2.2560620324e+00,
2.3118068772e+00,
2.3762154017e+00,
2.4496465827e+00,
2.5323169668e+00,
2.6242868209e+00,
2.7254519507e+00,
2.8355417827e+00,
2.9541238059e+00,
3.0806139289e+00,
3.2142917975e+00,
3.3543197530e+00,
3.4997639529e+00,
3.6496162636e+00,
3.8028158361e+00,
3.9582697078e+00,
4.1148722157e+00,
4.2715233359e+00,
4.4271462003e+00,
4.5807039591e+00,
4.7312159036e+00,
4.8777724525e+00,
5.0195483588e+00,
5.1558134184e+00,
5.2859401005e+00,
5.4094078207e+00,
5.5258039547e+00,
5.6348220162e+00,
5.7362576246e+00,
5.8300029349e+00,
5.9160401252e+00,
5.9944343841e+00,
6.0653266752e+00,
6.1289264150e+00,
6.1855040962e+00,
6.2353838383e+00,
6.2789358200e+00,
6.3165685611e+00,
6.3487210373e+00,
6.3758546425e+00,
6.3984450481e+00,
6.4169740392e+00,
6.4319214428e+00,
6.4437572873e+00,
6.4529343601e+00,
6.4598813420e+00,
6.4649967054e+00,
6.4686435611e+00,
6.4711456217e+00,
6.4727844287e+00,
6.4737979505e+00,
6.4743806196e+00,
6.4746848237e+00,
6.4748238168e+00,
6.4748759578e+00,
6.4748901414e+00,
6.4748922349e+00,
6.4748924336e+00,
6.4748964852e+00,
6.4749239354e+00,
6.4750248446e+00,
6.4752938282e+00,
6.4758824757e+00,
6.4770097431e+00,
6.4789698729e+00,
6.4821374338e+00,
6.4869691093e+00,
6.4940019223e+00,
6.5038476536e+00,
6.5171833103e+00,
6.5347376310e+00,
6.5572737795e+00,
6.5855685771e+00,
6.6203888498e+00,
6.6624656997e+00,
6.7124677371e+00,
6.7709744866e+00,
6.8384512874e+00,
6.9152270076e+00,
7.0014757686e+00,
7.0972036320e+00,
7.2022408697e+00,
7.3162400722e+00,
7.4386800204e+00,
7.5688750057e+00,
7.7059891579e+00,
7.8490552893e+00,
7.9969977316e+00,
8.1486585578e+00,
8.3028263948e+00,
8.4582667850e+00,
8.6137527945e+00,
8.7680943942e+00,
8.9201651327e+00,
9.0689247994e+00,
9.2134371321e+00,
9.3528820860e+00,
9.4865626687e+00,
9.6139067840e+00,
9.7344648474e+00,
9.8479041254e+00,
9.9540007934e+00,
1.0052630644e+01,
1.0143759222e+01,
1.0227431993e+01,
1.0303764930e+01,
1.0372935755e+01,
1.0435175906e+01,
1.0490763202e+01,
1.0540015107e+01,
1.0583282463e+01,
1.0620943541e+01,
1.0653398283e+01,
1.0681062626e+01,
1.0704362831e+01,
1.0723729781e+01,
1.0739593262e+01,
1.0752376247e+01,
1.0762489292e+01,
1.0770325140e+01,
1.0776253673e+01,
1.0780617375e+01,
1.0783727457e+01,
1.0785860813e+01,
1.0787257934e+01,
1.0788121909e+01,
1.0788618579e+01,
1.0788877876e+01,
1.0788996349e+01,
1.0789040792e+01,
1.0789052882e+01,
1.0789054666e+01,
1.0789054825e+01,
1.0789057951e+01,
1.0789079130e+01,
1.0789156985e+01,
1.0789364513e+01,
1.0789818662e+01,
1.0790688330e+01,
1.0792200431e+01,
1.0794643696e+01,
1.0798369884e+01,
1.0803792134e+01,
1.0811380228e+01,
1.0821652619e+01,
1.0835165192e+01,
1.0852496875e+01,
1.0874232387e+01,
1.0900942670e+01,
1.0933163722e+01,
1.0971374819e+01,
1.1015977285e+01,
1.1067275061e+01,
1.1125458357e+01,
1.1190591544e+01,
1.1262606167e+01,
1.1341299590e+01,
1.1426339301e+01,
1.1517272396e+01,
1.1613539311e+01,
1.1714490523e+01,
1.1819404814e+01,
1.1927507755e+01,
1.2037989362e+01,
1.2150020304e+01,
1.2262766529e+01,
1.2375402586e+01,
1.2487124162e+01,
1.2597160385e+01,
1.2704786158e+01,
1.2809334414e+01,
1.2910207691e+01,
1.3006888060e+01,
1.3098944341e+01,
1.3186035781e+01,
1.3267911810e+01,
1.3344408133e+01,
1.3415439925e+01,
1.3480993223e+01,
1.3541115602e+01,
1.3595907088e+01,
1.3645511882e+01,
1.3690111184e+01,
1.3729917118e+01,
1.3765167607e+01,
1.3796121945e+01,
1.3823056825e+01,
1.3846262613e+01,
1.3866039688e+01,
1.3882694755e+01,
1.3896537079e+01,
1.3907874629e+01,
1.3917010175e+01,
1.3924237401e+01,
1.3929837134e+01,
1.3934073788e+01,
1.3937192154e+01,
1.3939414653e+01,
1.3940939167e+01,
1.3941937559e+01,
1.3942554961e+01,
1.3942909883e+01,
1.3943095179e+01,
1.3943179840e+01,
1.3943211599e+01,
1.3943220238e+01,
1.3943221514e+01,
1.3943221626e+01,
1.3943223837e+01,
1.3943238814e+01,
1.3943293873e+01,
1.3943440635e+01,
1.3943761806e+01,
1.3944376828e+01,
1.3945446177e+01,
1.3947174044e+01,
1.3949809204e+01,
1.3953643850e+01,
1.3959010266e+01,
1.3966275208e+01,
1.3975832012e+01,
1.3988090498e+01,
1.4003464917e+01,
1.4022360334e+01,
1.4045157997e+01,
1.4072200415e+01,
1.4103776950e+01,
1.4140110808e+01,
1.4181348226e+01,
1.4227550511e+01,
1.4278689325e+01,
1.4334645279e+01,
1.4395209601e+01,
1.4460088394e+01,
1.4528908915e+01,
1.4601227366e+01,
1.4676537884e+01,
1.4754282623e+01,
1.4833862976e+01,
1.4914652020e+01,
1.4996008110e+01,
1.5077289340e+01,
1.5157868331e+01,
1.5237146593e+01,
1.5314567675e+01,
1.5389628324e+01,
1.5461887091e+01,
1.5530970068e+01,
1.5596573670e+01,
1.5658464684e+01,
1.5716477948e+01,
1.5770512156e+01,
1.5820524344e+01,
1.5866523567e+01,
1.5908564243e+01,
1.5946739535e+01,
1.5981175050e+01,
1.6012023030e+01,
1.6039457134e+01,
1.6063667823e+01,
1.6084858333e+01,
1.6103241140e+01,
1.6119034859e+01,
1.6132461461e+01,
1.6143743718e+01,
1.6153102816e+01,
1.6160756058e+01,
1.6166914637e+01,
1.6171781465e+01,
1.6175549084e+01,
1.6178397690e+01,
1.6180493336e+01,
1.6181986379e+01,
1.6183010261e+01,
1.6183680676e+01,
1.6184095211e+01,
1.6184333497e+01,
1.6184457895e+01,
1.6184514731e+01,
1.6184536052e+01,
1.6184541852e+01,
1.6184542708e+01,
1.6184542785e+01,
1.6184544305e+01,
1.6184554605e+01,
1.6184592468e+01,
1.6184693393e+01,
1.6184914247e+01,
1.6185337139e+01,
1.6186072334e+01,
1.6187260020e+01,
1.6189070749e+01,
1.6191704392e+01,
1.6195387442e+01,
1.6200368584e+01,
1.6206912448e+01,
1.6215291611e+01,
1.6225776975e+01,
1.6238626790e+01,
1.6254074763e+01,
1.6272317789e+01,
1.6293504024e+01,
1.6317722066e+01,
1.6344992078e+01,
1.6375259644e+01,
1.6408393007e+01,
1.6444184162e+01,
1.6482353969e+01,
1.6522561113e+01,
1.6564414414e+01,
1.6607487653e+01,
1.6651335851e+01,
1.6695511824e+01,
1.6739581842e+01,
1.6783139363e+01,
1.6825816091e+01,
1.6867289873e+01,
1.6907289350e+01,
1.6945595527e+01,
1.6982040679e+01,
1.7016505174e+01,
1.7048912822e+01,
1.7079225380e+01,
1.7107436720e+01,
1.7133567114e+01,
1.7157657918e+01,
1.7179766859e+01,
1.7199964009e+01,
1.7218328468e+01,
1.7234945707e+01,
1.7249905507e+01,
1.7263300397e+01,
1.7275224488e+01,
1.7285772635e+01,
1.7295039806e+01,
1.7303120617e+01,
1.7310108945e+01,
1.7316097592e+01,
1.7321177936e+01,
1.7325439559e+01,
1.7328969830e+01,
1.7331853427e+01,
1.7334171809e+01,
1.7336002646e+01,
1.7337419217e+01,
1.7338489821e+01,
1.7339277200e+01,
1.7339838048e+01,
1.7340222602e+01,
1.7340474374e+01,
1.7340630041e+01,
1.7340719519e+01,
1.7340766230e+01,
1.7340787572e+01,
1.7340795578e+01,
1.7340797755e+01,
1.7340798077e+01,
1.7340798107e+01,
1.7340798701e+01,
1.7340802731e+01,
1.7340817545e+01,
1.7340857032e+01,
1.7340943438e+01,
1.7341108880e+01,
1.7341396475e+01,
1.7341861007e+01,
1.7342569063e+01,
1.7343598558e+01,
1.7345037581e+01,
1.7346982526e+01,
1.7349535486e+01,
1.7352800929e+01,
1.7356881755e+01,
1.7361874870e+01,
1.7367866499e+01,
1.7374927527e+01,
1.7383109182e+01,
1.7392439416e+01,
1.7402920291e+01,
1.7414526632e+01,
1.7427206087e+01,
1.7440880618e+01,
1.7455449282e+01,
1.7470792083e+01,
1.7486774525e+01,
1.7503252520e+01,
1.7520077264e+01,
1.7537099784e+01,
1.7554174922e+01,
1.7571164644e+01,
1.7587940608e+01,
1.7604386044e+01,
1.7620397000e+01,
1.7635883053e+01,
1.7650767574e+01,
1.7664987625e+01,
1.7678493573e+01,
1.7691248456e+01,
1.7703227172e+01,
1.7714415524e+01,
1.7724809168e+01,
1.7734412504e+01,
1.7743237549e+01,
1.7751302833e+01,
1.7758632337e+01,
1.7765254516e+01,
1.7771201401e+01,
1.7776507815e+01,
1.7781210675e+01,
1.7785348401e+01,
1.7788960408e+01,
1.7792086671e+01,
1.7794767347e+01,
1.7797042435e+01,
1.7798951472e+01,
1.7800533231e+01,
1.7801825432e+01,
1.7802864450e+01,
1.7803685020e+01,
1.7804319946e+01,
1.7804799817e+01,
1.7805152746e+01,
1.7805404139e+01,
1.7805576512e+01,
1.7805689367e+01,
1.7805759144e+01,
1.7805799252e+01,
1.7805820190e+01,
1.7805829756e+01,
1.7805833345e+01,
1.7805834321e+01,
1.7805834465e+01,
1.7805834479e+01,
1.7805834759e+01,
1.7805836660e+01,
1.7805843646e+01,
1.7805862267e+01,
1.7805903015e+01,
1.7805981034e+01,
1.7806116655e+01,
1.7806335704e+01,
1.7806669566e+01,
1.7807154944e+01,
1.7807833306e+01,
1.7808749975e+01,
1.7809952861e+01,
1.7811490842e+01,
1.7813411817e+01,
1.7815760512e+01,
1.7818576117e+01,
1.7821889887e+01,
1.7825722873e+01,
1.7830083927e+01,
1.7834968183e+01,
1.7840356138e+01,
1.7846213468e+01,
1.7852491642e+01,
1.7859129335e+01,
1.7866054562e+01,
1.7873187431e+01,
1.7880443292e+01,
1.7887736093e+01,
1.7894981687e+01,
1.7902100881e+01,
1.7909022023e+01,
1.7915682999e+01,
1.7922032562e+01,
1.7928030969e+01,
1.7933649977e+01,
1.7938872290e+01,
1.7943690575e+01,
1.7948106169e+01,
1.7952127635e+01,
1.7955769259e+01,
1.7959049603e+01,
1.7961990175e+01,
1.7964614265e+01,
1.7966945979e+01,
1.7969009458e+01,
1.7970828289e+01,
1.7972425082e+01,
1.7973821195e+01,
1.7975036571e+01,
1.7976089674e+01,
1.7976997494e+01,
1.7977775601e+01,
1.7978438233e+01,
1.7978998402e+01,
1.7979468002e+01,
1.7979857923e+01,
1.7980178145e+01,
1.7980437828e+01,
1.7980645377e+01,
1.7980808502e+01,
1.7980934243e+01,
1.7981029000e+01,
1.7981098539e+01,
1.7981147993e+01,
1.7981181864e+01,
1.7981204023e+01,
1.7981217718e+01,
1.7981225587e+01,
1.7981229694e+01,
1.7981231571e+01,
1.7981232275e+01,
1.7981232466e+01,
1.7981232495e+01,
1.7981232497e+01,
1.7981232556e+01,
1.7981232950e+01,
1.7981234400e+01,
1.7981238266e+01,
1.7981246723e+01,
1.7981262910e+01,
1.7981291030e+01,
1.7981336401e+01,
1.7981405440e+01,
1.7981505568e+01,
1.7981645024e+01,
1.7981832579e+01,
1.7982077139e+01,
1.7982387258e+01,
1.7982770554e+01,
1.7983233087e+01,
1.7983778725e+01,
1.7984408567e+01,
1.7985120486e+01,
1.7985908870e+01,
1.7986764599e+01,
1.7987675311e+01,
1.7988625937e+01,
1.7989599494e+01,
1.7990578051e+01,
1.7991543779e+01,
1.7992479971e+01,
1.7993371938e+01,
1.7994207689e+01,
1.7994978339e+01,
1.7995678246e+01,
1.7996304880e+01,
1.7996858490e+01,
1.7997341622e+01,
1.7997758573e+01,
1.7998114830e+01,
1.7998416560e+01,
1.7998670170e+01,
1.7998881970e+01,
1.7999057922e+01,
1.7999203489e+01,
1.7999323544e+01,
1.7999422347e+01,
1.7999503554e+01,
1.7999570260e+01,
1.7999625053e+01,
1.7999670078e+01,
1.7999707100e+01,
1.7999737564e+01,
1.7999762647e+01,
1.7999783308e+01,
1.7999800323e+01,
1.7999814323e+01,
1.7999825824e+01,
1.7999835243e+01,
1.7999842927e+01,
1.7999849159e+01,
1.7999854178e+01,
1.7999858183e+01,
1.7999861341e+01,
1.7999863797e+01,
1.7999865674e+01,
1.7999867080e+01,
1.7999868106e+01,
1.7999868834e+01,
1.7999869331e+01,
1.7999869656e+01,
1.7999869857e+01,
1.7999869972e+01,
1.7999870032e+01,
1.7999870059e+01,
1.7999870069e+01,
1.7999870072e+01,
1.7999870073e+01,
1.7999870073e+01,
1.7999870074e+01,
1.7999870080e+01,
1.7999870102e+01,
1.7999870162e+01,
1.7999870294e+01,
1.7999870545e+01,
1.7999870980e+01,
1.7999871681e+01,
1.7999872743e+01,
1.7999874275e+01,
1.7999876392e+01,
1.7999879208e+01,
1.7999882826e+01,
1.7999887325e+01,
1.7999892753e+01,
1.7999899104e+01,
1.7999906321e+01,
1.7999914284e+01,
1.7999922815e+01,
1.7999931687e+01,
1.7999940645e+01,
1.7999949423e+01,
1.7999957773e+01,
1.7999965482e+01,
1.7999972391e+01,
1.7999978402e+01,
1.7999983482e+01,
1.7999987662e+01,
1.7999991024e+01,
1.7999993693e+01,
1.7999995812e+01,
1.7999997532e+01,
1.7999999052e+01,
1.7999999084e+01,
1.7999998430e+01,
1.7999998058e+01,
1.7999997771e+01,
1.7999997524e+01,
1.7999997350e+01,
1.7999997312e+01,
1.7999997453e+01,
1.7999997766e+01,
1.7999998198e+01,
1.7999998660e+01,
1.7999999063e+01,
1.7999999344e+01,
1.7999999493e+01,
1.7999999561e+01,
1.7999999616e+01,
1.8000000000e+01,
1.8000000000e+01,
1.8000000000e+01,
1.8000000000e+01,
1.8000000000e+01,
1.8000000000e+01,
1.8000000000e+01,
1.8000000000e+01,
1.8000000000e+01,
1.8000000000e+01,
1.8000000000e+01,
1.8000000000e+01,
1.8000000000e+01,
1.8000000000e+01,
1.8000000000e+01,
1.8000000000e+01,
1.8000000000e+01,
1.8000000000e+01,
1.8000000000e+01,
1.8000000000e+01,
1.8000000000e+01,
1.8000000000e+01,
1.8000000000e+01,
1.8000000000e+01,
1.8000000000e+01,
