0.0000000000e+00,
1.0319219967e-07,
3.2940986969e-06,
2.4913008197e-05,
1.0438712700e-04,
3.1624148560e-04,
7.7990765790e-04,
1.6679914519e-03,
3.2127131443e-03,
5.7102966565e-03,
9.5231538641e-03,
1.5079782186e-02,
2.2872361728e-02,
3.3452095858e-02,
4.7422379885e-02,
6.5429901930e-02,
8.8153777518e-02,
1.1629279970e-01,
1.5055086150e-01,
1.9162059558e-01,
2.4016529977e-01,
2.9679929817e-01,
3.6206704044e-01,
4.3642146545e-01,
5.2020242807e-01,
6.1361626806e-01,
7.1671782671e-01,
8.2939632768e-01,
9.5136647973e-01,
1.0821659041e+00,
1.2211595518e+00,
1.3675512050e+00,
1.5204015393e+00,
1.6786516520e+00,
1.8411505306e+00,
2.0066846995e+00,
2.1740082721e+00,
2.3418718212e+00,
2.5090488142e+00,
2.6743587732e+00,
2.8366867305e+00,
2.9949989155e+00,
3.1483548721e+00,
3.2959163740e+00,
3.4369535695e+00,
3.5708487821e+00,
3.6970983341e+00,
3.8153126832e+00,
3.9252150828e+00,
4.0266389055e+00,
4.1195237273e+00,
4.2039102350e+00,
4.2799340136e+00,
4.3478182728e+00,
4.4078655832e+00,
4.4604487143e+00,
4.5060006863e+00,
4.5450041740e+00,
4.5779804247e+00,
4.6054778745e+00,
4.6280606726e+00,
4.6462973396e+00,
4.6607498009e+00,
4.6719630461e+00,
4.6804556646e+00,
4.6867114987e+00,
4.6911726390e+00,
4.6942339563e+00,
4.6962393256e+00,
4.6974796507e+00,
4.6981927433e+00,
4.6985650503e+00,
4.6987351624e+00,
4.6987989776e+00,
4.6988163369e+00,
4.6988188991e+00,
4.6988192498e+00,
4.6988275329e+00,
4.6988836516e+00,
4.6990899490e+00,
4.6996398560e+00,
4.7008432819e+00,
4.7031478633e+00,
4.7071551650e+00,
4.7136309976e+00,
4.7235091065e+00,
4.7378875959e+00,
4.7580176046e+00,
4.7852839533e+00,
4.8211777526e+00,
4.8672612976e+00,
4.9251259837e+00,
4.9963444249e+00,
5.0824184193e+00,
5.1847248204e+00,
5.3044616818e+00,
5.4425971831e+00,
5.5998237871e+00,
5.7765198336e+00,
5.9727204327e+00,
6.1880992018e+00,
6.4219622305e+00,
6.6732556474e+00,
6.9405880693e+00,
7.2222685742e+00,
7.5163591337e+00,
7.8207376841e+00,
8.1331650972e+00,
8.4513479183e+00,
8.7729902242e+00,
9.0958320486e+00,
9.4176764963e+00,
9.7364105062e+00,
1.0050024194e+01,
1.0356631541e+01,
1.0654492533e+01,
1.0942034976e+01,
1.1217873573e+01,
1.1480824256e+01,
1.1729912619e+01,
1.1964376316e+01,
1.2183661980e+01,
1.2387417694e+01,
1.2575482182e+01,
1.2747871782e+01,
1.2904766105e+01,
1.3046493008e+01,
1.3173513291e+01,
1.3286405307e+01,
1.3385849589e+01,
1.3472613443e+01,
1.3547535494e+01,
1.3611510128e+01,
1.3665471820e+01,
1.3710379404e+01,
1.3747200390e+01,
1.3776895493e+01,
1.3800403629e+01,
1.3818627651e+01,
1.3832421184e+01,
1.3842576895e+01,
1.3849816574e+01,
1.3854783359e+01,
1.3858036400e+01,
1.3860048200e+01,
1.3861204759e+01,
1.3861808579e+01,
1.3862084468e+01,
1.3862187963e+01,
1.3862216116e+01,
1.3862220271e+01,
1.3862220666e+01,
1.3862228708e+01,
1.3862283194e+01,
1.3862483488e+01,
1.3863017393e+01,
1.3864185788e+01,
1.3866423245e+01,
1.3870313705e+01,
1.3876600389e+01,
1.3886189184e+01,
1.3900144837e+01,
1.3919679447e+01,
1.3946132910e+01,
1.3980945281e+01,
1.4025621323e+01,
1.4081687959e+01,
1.4150645817e+01,
1.4233916591e+01,
1.4332788434e+01,
1.4448362045e+01,
1.4581500395e+01,
1.4732785119e+01,
1.4902482356e+01,
1.5090520352e+01,
1.5296480231e+01,
1.5519600357e+01,
1.5758793471e+01,
1.6012674797e+01,
1.6279598519e+01,
1.6557699812e+01,
1.6844939916e+01,
1.7139152503e+01,
1.7438090564e+01,
1.7739473766e+01,
1.8041036409e+01,
1.8340575476e+01,
1.8635997094e+01,
1.8925358527e+01,
1.9206902291e+01,
1.9479079631e+01,
1.9740562316e+01,
1.9990243746e+01,
2.0227232014e+01,
2.0450838162e+01,
2.0660562463e+01,
2.0856080655e+01,
2.1037230959e+01,
2.1204001997e+01,
2.1356521304e+01,
2.1495044038e+01,
2.1619941567e+01,
2.1731689767e+01,
2.1830856961e+01,
2.1918091540e+01,
2.1994109317e+01,
2.2059680692e+01,
2.2115617686e+01,
2.2162760912e+01,
2.2201966549e+01,
2.2234093416e+01,
2.2259990263e+01,
2.2280483458e+01,
2.2296365298e+01,
2.2308383177e+01,
2.2317229938e+01,
2.2323535678e+01,
2.2327861333e+01,
2.2330694284e+01,
2.2332446214e+01,
2.2333453352e+01,
2.2333979156e+01,
2.2334219396e+01,
2.2334309518e+01,
2.2334334034e+01,
2.2334337652e+01,
2.2334337974e+01,
2.2334344313e+01,
2.2334387260e+01,
2.2334545135e+01,
2.2334965966e+01,
2.2335886906e+01,
2.2337650474e+01,
2.2340716887e+01,
2.2345671828e+01,
2.2353229024e+01,
2.2364227099e+01,
2.2379620255e+01,
2.2400462504e+01,
2.2427885349e+01,
2.2463069106e+01,
2.2507208350e+01,
2.2561472358e+01,
2.2626961800e+01,
2.2704663306e+01,
2.2795403872e+01,
2.2899807314e+01,
2.3018255077e+01,
2.3150853725e+01,
2.3297411256e+01,
2.3457424092e+01,
2.3630076182e+01,
2.3814251116e+01,
2.4008557455e+01,
2.4211366714e+01,
2.4420862510e+01,
2.4635098473e+01,
2.4852061673e+01,
2.5069737666e+01,
2.5286173064e+01,
2.5499531696e+01,
2.5708141144e+01,
2.5910527425e+01,
2.6105436887e+01,
2.6291845557e+01,
2.6468957271e+01,
2.6636192657e+01,
2.6793171397e+01,
2.6939690278e+01,
2.7075699280e+01,
2.7201277575e+01,
2.7316610794e+01,
2.7421970481e+01,
2.7517696179e+01,
2.7604180293e+01,
2.7681855586e+01,
2.7751185058e+01,
2.7812653819e+01,
2.7866762562e+01,
2.7914022255e+01,
2.7954949681e+01,
2.7990063527e+01,
2.8019880754e+01,
2.8044913049e+01,
2.8065663236e+01,
2.8082621545e+01,
2.8096261744e+01,
2.8107037145e+01,
2.8115376599e+01,
2.8121680584e+01,
2.8126317570e+01,
2.8129620840e+01,
2.8131885948e+01,
2.8133369016e+01,
2.8134286008e+01,
2.8134813109e+01,
2.8135088280e+01,
2.8135214002e+01,
2.8135261165e+01,
2.8135273994e+01,
2.8135275887e+01,
2.8135276055e+01,
2.8135279337e+01,
2.8135301579e+01,
2.8135383339e+01,
2.8135601273e+01,
2.8136078174e+01,
2.8136991334e+01,
2.8138578821e+01,
2.8141143262e+01,
2.8145052748e+01,
2.8150738480e+01,
2.8158688834e+01,
2.8169439619e+01,
2.8183560433e+01,
2.8201637243e+01,
2.8224251575e+01,
2.8251957008e+01,
2.8285254016e+01,
2.8324564519e+01,
2.8370207725e+01,
2.8422379018e+01,
2.8481133559e+01,
2.8546376040e+01,
2.8617857605e+01,
2.8695180322e+01,
2.8777808951e+01,
2.8865089072e+01,
2.8956270112e+01,
2.9050531483e+01,
2.9147009972e+01,
2.9244826695e+01,
2.9343112222e+01,
2.9441028967e+01,
2.9537790239e+01,
2.9632675706e+01,
2.9725043166e+01,
2.9814336613e+01,
2.9900090631e+01,
2.9981931235e+01,
3.0059573429e+01,
3.0132815927e+01,
3.0201533681e+01,
3.0265669000e+01,
3.0325222051e+01,
3.0380241467e+01,
3.0430815620e+01,
3.0477064906e+01,
3.0519135200e+01,
3.0557192485e+01,
3.0591418535e+01,
3.0622007481e+01,
3.0649163075e+01,
3.0673096459e+01,
3.0694024276e+01,
3.0712166984e+01,
3.0727747259e+01,
3.0740988408e+01,
3.0752112730e+01,
3.0761339794e+01,
3.0768884626e+01,
3.0774955811e+01,
3.0779753545e+01,
3.0783467691e+01,
3.0786275890e+01,
3.0788341828e+01,
3.0789813719e+01,
3.0790823101e+01,
3.0791484025e+01,
3.0791892694e+01,
3.0792127607e+01,
3.0792250245e+01,
3.0792306277e+01,
3.0792327296e+01,
3.0792333014e+01,
3.0792333857e+01,
3.0792333933e+01,
3.0792335432e+01,
3.0792345586e+01,
3.0792382913e+01,
3.0792482411e+01,
3.0792700140e+01,
3.0793117050e+01,
3.0793841849e+01,
3.0795012747e+01,
3.0796797902e+01,
3.0799394395e+01,
3.0803025605e+01,
3.0807936871e+01,
3.0814389431e+01,
3.0822652677e+01,
3.0832994912e+01,
3.0845672918e+01,
3.0860920799e+01,
3.0878938681e+01,
3.0899881966e+01,
3.0923851870e+01,
3.0950887948e+01,
3.0980963191e+01,
3.1013982094e+01,
3.1049781849e+01,
3.1088136560e+01,
3.1128764124e+01,
3.1171335275e+01,
3.1215484151e+01,
3.1260819740e+01,
3.1306937595e+01,
3.1353431264e+01,
3.1399903002e+01,
3.1445973356e+01,
3.1491289358e+01,
3.1535531084e+01,
3.1578416468e+01,
3.1619704318e+01,
3.1659195615e+01,
3.1696733232e+01,
3.1732200330e+01,
3.1765517688e+01,
3.1796640303e+01,
3.1825553530e+01,
3.1852269057e+01,
3.1876820922e+01,
3.1899261744e+01,
3.1919659295e+01,
3.1938093452e+01,
3.1954653584e+01,
3.1969436323e+01,
3.1982543719e+01,
3.1994081704e+01,
3.2004158815e+01,
3.2012885114e+01,
3.2020371243e+01,
3.2026727571e+01,
3.2032063371e+01,
3.2036486024e+01,
3.2040100198e+01,
3.2043007010e+01,
3.2045303181e+01,
3.2047080182e+01,
3.2048423407e+01,
3.2049411407e+01,
3.2050115218e+01,
3.2050597825e+01,
3.2050913807e+01,
3.2051109180e+01,
3.2051221482e+01,
3.2051280109e+01,
3.2051306895e+01,
3.2051316943e+01,
3.2051319677e+01,
3.2051320080e+01,
3.2051320117e+01,
3.2051320864e+01,
3.2051325922e+01,
3.2051344515e+01,
3.2051394075e+01,
3.2051502524e+01,
3.2051710178e+01,
3.2052071160e+01,
3.2052654257e+01,
3.2053543100e+01,
3.2054835593e+01,
3.2056642508e+01,
3.2059085187e+01,
3.2062292330e+01,
3.2066395892e+01,
3.2071526186e+01,
3.2077806340e+01,
3.2085346387e+01,
3.2094237282e+01,
3.2104545264e+01,
3.2116306969e+01,
3.2129525721e+01,
3.2144169361e+01,
3.2160169872e+01,
3.2177424919e+01,
3.2195801235e+01,
3.2215139635e+01,
3.2235261259e+01,
3.2255974561e+01,
3.2277082487e+01,
3.2298389329e+01,
3.2319706802e+01,
3.2340859022e+01,
3.2361686202e+01,
3.2382047048e+01,
3.2401819917e+01,
3.2420902952e+01,
3.2439213396e+01,
3.2456686341e+01,
3.2473273134e+01,
3.2488939635e+01,
3.2503664465e+01,
3.2517437343e+01,
3.2530257573e+01,
3.2542132708e+01,
3.2553077380e+01,
3.2563112308e+01,
3.2572263433e+01,
3.2580561185e+01,
3.2588039847e+01,
3.2594736989e+01,
3.2600692965e+01,
3.2605950452e+01,
3.2610554011e+01,
3.2614549665e+01,
3.2617984480e+01,
3.2620906136e+01,
3.2623362495e+01,
3.2625401146e+01,
3.2627068942e+01,
3.2628411519e+01,
3.2629472822e+01,
3.2630294627e+01,
3.2630916096e+01,
3.2631373363e+01,
3.2631699179e+01,
3.2631922630e+01,
3.2632068949e+01,
3.2632159425e+01,
3.2632211434e+01,
3.2632238585e+01,
3.2632250991e+01,
3.2632255644e+01,
3.2632256910e+01,
3.2632257097e+01,
3.2632257115e+01,
3.2632257479e+01,
3.2632259943e+01,
3.2632269003e+01,
3.2632293151e+01,
3.2632345996e+01,
3.2632447182e+01,
3.2632623094e+01,
3.2632907274e+01,
3.2633340529e+01,
3.2633970683e+01,
3.2634851932e+01,
3.2636043786e+01,
3.2637609592e+01,
3.2639614640e+01,
3.2642123902e+01,
3.2645199484e+01,
3.2648897880e+01,
3.2653267199e+01,
3.2658344503e+01,
3.2664153446e+01,
3.2670702387e+01,
3.2677983116e+01,
3.2685970295e+01,
3.2694621676e+01,
3.2703879076e+01,
3.2713670048e+01,
3.2723910139e+01,
3.2734505593e+01,
3.2745356333e+01,
3.2756359071e+01,
3.2767410385e+01,
3.2778409621e+01,
3.2789261517e+01,
3.2799878433e+01,
3.2810182130e+01,
3.2820105046e+01,
3.2829591065e+01,
3.2838595792e+01,
3.2847086363e+01,
3.2855040884e+01,
3.2862447554e+01,
3.2869303572e+01,
3.2875613914e+01,
3.2881390067e+01,
3.2886648774e+01,
3.2891410865e+01,
3.2895700190e+01,
3.2899542700e+01,
3.2902965664e+01,
3.2905997035e+01,
3.2908664955e+01,
3.2910997373e+01,
3.2913021769e+01,
3.2914764953e+01,
3.2916252935e+01,
3.2917510825e+01,
3.2918562768e+01,
3.2919431885e+01,
3.2920140214e+01,
3.2920708651e+01,
3.2921156875e+01,
3.2921503267e+01,
3.2921764819e+01,
3.2921957045e+01,
3.2922093897e+01,
3.2922187699e+01,
3.2922249097e+01,
3.2922287053e+01,
3.2922308868e+01,
3.2922320256e+01,
3.2922325459e+01,
3.2922327411e+01,
3.2922327942e+01,
3.2922328020e+01,
3.2922328028e+01,
3.2922328189e+01,
3.2922329283e+01,
3.2922333304e+01,
3.2922344023e+01,
3.2922367477e+01,
3.2922412377e+01,
3.2922490410e+01,
3.2922616398e+01,
3.2922808308e+01,
3.2923087070e+01,
3.2923476182e+01,
3.2924001089e+01,
3.2924688316e+01,
3.2925564366e+01,
3.2926654415e+01,
3.2927980837e+01,
3.2929561655e+01,
3.2931409018e+01,
3.2933527822e+01,
3.2935914611e+01,
3.2938556898e+01,
3.2941432997e+01,
3.2944512449e+01,
3.2947757045e+01,
3.2951122413e+01,
3.2954560036e+01,
3.2958019570e+01,
3.2961451235e+01,
3.2964808104e+01,
3.2968048080e+01,
3.2971135434e+01,
3.2974041803e+01,
3.2976746626e+01,
3.2979237060e+01,
3.2981507441e+01,
3.2983558424e+01,
3.2985395908e+01,
3.2987029869e+01,
3.2988473219e+01,
3.2989740742e+01,
3.2990848181e+01,
3.2991811485e+01,
3.2992646240e+01,
3.2993367248e+01,
3.2993988261e+01,
3.2994521826e+01,
3.2994979226e+01,
3.2995370489e+01,
3.2995704445e+01,
3.2995988813e+01,
3.2996230305e+01,
3.2996434738e+01,
3.2996607142e+01,
3.2996751871e+01,
3.2996872695e+01,
3.2996972893e+01,
3.2997055323e+01,
3.2997122493e+01,
3.2997176614e+01,
3.2997219641e+01,
3.2997253317e+01,
3.2997279188e+01,
3.2997298635e+01,
3.2997312879e+01,
3.2997322995e+01,
3.2997329917e+01,
3.2997334442e+01,
3.2997337238e+01,
3.2997338844e+01,
3.2997339682e+01,
3.2997340065e+01,
3.2997340208e+01,
3.2997340247e+01,
3.2997340253e+01,
3.2997340254e+01,
3.2997340266e+01,
3.2997340352e+01,
3.2997340666e+01,
3.2997341504e+01,
3.2997343337e+01,
3.2997346845e+01,
3.2997352934e+01,
3.2997362748e+01,
3.2997377657e+01,
3.2997399228e+01,
3.2997429169e+01,
3.2997469247e+01,
3.2997521177e+01,
3.2997586489e+01,
3.2997666373e+01,
3.2997761521e+01,
3.2997871984e+01,
3.2997997060e+01,
3.2998135235e+01,
3.2998284200e+01,
3.2998440947e+01,
3.2998601946e+01,
3.2998763388e+01,
3.2998921459e+01,
3.2999072622e+01,
3.2999213863e+01,
3.2999342869e+01,
3.2999458127e+01,
3.2999558934e+01,
3.2999645326e+01,
3.2999717958e+01,
3.2999777937e+01,
3.2999826658e+01,
3.2999865650e+01,
3.2999896441e+01,
3.2999920476e+01,
3.2999939054e+01,
3.2999953301e+01,
3.2999964165e+01,
3.2999972422e+01,
3.2999978686e+01,
3.2999983444e+01,
3.2999987079e+01,
3.2999989899e+01,
3.2999992149e+01,
3.2999994013e+01,
3.2999995608e+01,
3.2999996991e+01,
3.2999998177e+01,
3.2999999169e+01,
3.3000000000e+01,
3.2999999467e+01,
3.2999999514e+01,
3.3000000000e+01,
3.3000000000e+01,
3.3000000000e+01,
3.3000000000e+01,
3.3000000000e+01,
3.3000000000e+01,
3.3000000000e+01,
3.3000000000e+01,
3.3000000000e+01,
3.3000000000e+01,
3.3000000000e+01,
3.3000000000e+01,
3.3000000000e+01,
3.3000000000e+01,
3.3000000000e+01,
3.3000000000e+01,
3.3000000000e+01,
3.3000000000e+01,
3.3000000000e+01,
3.3000000000e+01,
3.3000000000e+01,
