0.0000000000e+00,
4.0256820455e-07,
1.2850775903e-05,
9.7189456298e-05,
4.0723098880e-04,
1.2337156958e-03,
3.0425982980e-03,
6.5073645553e-03,
1.2534306515e-02,
2.2279949114e-02,
3.7160098692e-02,
5.8850234343e-02,
8.9277132011e-02,
1.3060164006e-01,
1.8519236827e-01,
2.5558970672e-01,
3.4445912996e-01,
4.5453234164e-01,
5.8853475463e-01,
7.4909841249e-01,
9.3866101400e-01,
1.1593542675e+00,
1.4128880815e+00,
1.7004403819e+00,
2.0225646053e+00,
2.3791270899e+00,
2.7692839902e+00,
3.1915020573e+00,
3.6436206461e+00,
4.1229453746e+00,
4.6263589064e+00,
5.1504328442e+00,
5.6915271883e+00,
6.2458694761e+00,
6.8096128674e+00,
7.3788788938e+00,
7.9497944115e+00,
8.5185323201e+00,
9.0813618984e+00,
9.6347085852e+00,
1.0175217204e+01,
1.0699809621e+01,
1.1205728929e+01,
1.1690566596e+01,
1.2152273946e+01,
1.2589162523e+01,
1.2999898320e+01,
1.3383493410e+01,
1.3739296528e+01,
1.4066982601e+01,
1.4366540536e+01,
1.4638258422e+01,
1.4882705611e+01,
1.5100711444e+01,
1.5293340693e+01,
1.5461865995e+01,
1.5607737701e+01,
1.5732551621e+01,
1.5838015214e+01,
1.5925912829e+01,
1.5998070618e+01,
1.6056321828e+01,
1.6102473178e+01,
1.6138273107e+01,
1.6165382637e+01,
1.6185349639e+01,
1.6199587187e+01,
1.6209356652e+01,
1.6215756043e+01,
1.6219713974e+01,
1.6221989447e+01,
1.6223177465e+01,
1.6223720284e+01,
1.6223923915e+01,
1.6223979308e+01,
1.6223987483e+01,
1.6223988603e+01,
1.6224015033e+01,
1.6224194105e+01,
1.6224852386e+01,
1.6226607090e+01,
1.6230447060e+01,
1.6237800458e+01,
1.6250586185e+01,
1.6271246241e+01,
1.6302756443e+01,
1.6348613252e+01,
1.6412794916e+01,
1.6499695792e+01,
1.6614033625e+01,
1.6760730746e+01,
1.6944771571e+01,
1.7171040407e+01,
1.7444145206e+01,
1.7768234506e+01,
1.8146816137e+01,
1.8582587293e+01,
1.9077286254e+01,
1.9631576089e+01,
2.0244969927e+01,
2.0915805222e+01,
2.1641270446e+01,
2.2417481886e+01,
2.3239601712e+01,
2.4101983381e+01,
2.4998329164e+01,
2.5921848531e+01,
2.6865414102e+01,
2.7821719572e+01,
2.8783445829e+01,
2.9743434357e+01,
3.0694854470e+01,
3.1631342650e+01,
3.2547096563e+01,
3.3436921616e+01,
3.4296243268e+01,
3.5121103656e+01,
3.5908155735e+01,
3.6654658798e+01,
3.7358472470e+01,
3.8018044478e+01,
3.8632389151e+01,
3.9201056335e+01,
3.9724092621e+01,
4.0201997722e+01,
4.0635678786e+01,
4.1026404781e+01,
4.1375762195e+01,
4.1685612545e+01,
4.1958051609e+01,
4.2195369987e+01,
4.2400014477e+01,
4.2574549803e+01,
4.2721620357e+01,
4.2843911839e+01,
4.2944112881e+01,
4.3024876987e+01,
4.3088785328e+01,
4.3138311131e+01,
4.3175786534e+01,
4.3203372872e+01,
4.3223035422e+01,
4.3236523545e+01,
4.3245357109e+01,
4.3250819869e+01,
4.3253960258e+01,
4.3255599778e+01,
4.3256348879e+01,
4.3256629890e+01,
4.3256706332e+01,
4.3256717615e+01,
4.3256718686e+01,
4.3256740522e+01,
4.3256888463e+01,
4.3257432305e+01,
4.3258881957e+01,
4.3262054327e+01,
4.3268129191e+01,
4.3278691542e+01,
4.3295758037e+01,
4.3321785343e+01,
4.3359658381e+01,
4.3412656878e+01,
4.3484399167e+01,
4.3578762971e+01,
4.3699783959e+01,
4.3851534202e+01,
4.4037984165e+01,
4.4262853503e+01,
4.4529457497e+01,
4.4840557170e+01,
4.5198221820e+01,
4.5603712534e+01,
4.6057394092e+01,
4.6558680565e+01,
4.7106017063e+01,
4.7696897186e+01,
4.8327913479e+01,
4.8994837518e+01,
4.9692727119e+01,
5.0416059822e+01,
5.1158891918e+01,
5.1915038622e+01,
5.2678263300e+01,
5.3442455811e+01,
5.4201778631e+01,
5.4950768225e+01,
5.5684394551e+01,
5.6398093982e+01,
5.7087793366e+01,
5.7749935904e+01,
5.8381509457e+01,
5.8980070886e+01,
5.9543758334e+01,
6.0071285843e+01,
6.0561918840e+01,
6.1015432839e+01,
6.1432060085e+01,
6.1812429646e+01,
6.2157506088e+01,
6.2468530682e+01,
6.2746967732e+01,
6.2994457289e+01,
6.3212774464e+01,
6.3403794802e+01,
6.3569464770e+01,
6.3711776206e+01,
6.3832743593e+01,
6.3934383165e+01,
6.4018693052e+01,
6.4087633920e+01,
6.4143109861e+01,
6.4186949497e+01,
6.4220887550e+01,
6.4246547305e+01,
6.4265424548e+01,
6.4278873672e+01,
6.4288096667e+01,
6.4294135686e+01,
6.4297869775e+01,
6.4300016228e+01,
6.4301136789e+01,
6.4301648764e+01,
6.4301840821e+01,
6.4301893065e+01,
6.4301900776e+01,
6.4301901462e+01,
6.4301914970e+01,
6.4302006492e+01,
6.4302342932e+01,
6.4303239726e+01,
6.4305202179e+01,
6.4308959908e+01,
6.4315492736e+01,
6.4326046445e+01,
6.4342136780e+01,
6.4365540267e+01,
6.4398270530e+01,
6.4442539230e+01,
6.4500701226e+01,
6.4575184396e+01,
6.4668405536e+01,
6.4782674995e+01,
6.4920094015e+01,
6.5082450087e+01,
6.5271116748e+01,
6.5486964985e+01,
6.5730293503e+01,
6.6000784401e+01,
6.6297489148e+01,
6.6618847183e+01,
6.6962736268e+01,
6.7326550254e+01,
6.7707296883e+01,
6.8101706321e+01,
6.8506340757e+01,
6.8917696932e+01,
6.9332296441e+01,
6.9746762259e+01,
7.0157883025e+01,
7.0562668035e+01,
7.0958395208e+01,
7.1342651861e+01,
7.1713365501e+01,
7.2068820526e+01,
7.2407657892e+01,
7.2728857943e+01,
7.3031710160e+01,
7.3315775813e+01,
7.3580849585e+01,
7.3826924565e+01,
7.4054162735e+01,
7.4262871096e+01,
7.4453482452e+01,
7.4626539519e+01,
7.4782681143e+01,
7.4922629774e+01,
7.5047179677e+01,
7.5157185608e+01,
7.5253551816e+01,
7.5337221297e+01,
7.5409165221e+01,
7.5470372459e+01,
7.5521839128e+01,
7.5564558101e+01,
7.5599508467e+01,
7.5627644969e+01,
7.5649887553e+01,
7.5667111214e+01,
7.5680136384e+01,
7.5689720205e+01,
7.5696549004e+01,
7.5701232365e+01,
7.5704299097e+01,
7.5706195408e+01,
7.5707285480e+01,
7.5707854561e+01,
7.5708114571e+01,
7.5708212109e+01,
7.5708238641e+01,
7.5708242557e+01,
7.5708242904e+01,
7.5708249693e+01,
7.5708295691e+01,
7.5708464783e+01,
7.5708915506e+01,
7.5709901834e+01,
7.5711790510e+01,
7.5715074116e+01,
7.5720379104e+01,
7.5728468025e+01,
7.5740235258e+01,
7.5756695666e+01,
7.5778965732e+01,
7.5808237036e+01,
7.5845742257e+01,
7.5892714356e+01,
7.5950340109e+01,
7.6019709738e+01,
7.6101764936e+01,
7.6197248033e+01,
7.6306655361e+01,
7.6430197968e+01,
7.6567772647e+01,
7.6718945834e+01,
7.6882952223e+01,
7.7058709079e+01,
7.7244846110e+01,
7.7439749626e+01,
7.7641618500e+01,
7.7848528348e+01,
7.8058499557e+01,
7.8269564419e+01,
7.8479828774e+01,
7.8687524348e+01,
7.8891049174e+01,
7.9088994941e+01,
7.9280161573e+01,
7.9463560529e+01,
7.9638409062e+01,
7.9804117965e+01,
7.9960275208e+01,
8.0106627486e+01,
8.0243061156e+01,
8.0369583584e+01,
8.0486305476e+01,
8.0593424525e+01,
8.0691210530e+01,
8.0779992032e+01,
8.0860144505e+01,
8.0932080059e+01,
8.0996238606e+01,
8.1053080375e+01,
8.1103079628e+01,
8.1146719388e+01,
8.1184486967e+01,
8.1216870082e+01,
8.1244353350e+01,
8.1267414979e+01,
8.1286523515e+01,
8.1302134544e+01,
8.1314687307e+01,
8.1324601240e+01,
8.1332272481e+01,
8.1338070473e+01,
8.1342334785e+01,
8.1345372317e+01,
8.1347455083e+01,
8.1348818710e+01,
8.1349661828e+01,
8.1350146458e+01,
8.1350399455e+01,
8.1350515046e+01,
8.1350558408e+01,
8.1350570203e+01,
8.1350571944e+01,
8.1350572100e+01,
8.1350575192e+01,
8.1350596139e+01,
8.1350673143e+01,
8.1350878397e+01,
8.1351327546e+01,
8.1352187549e+01,
8.1353682568e+01,
8.1356097481e+01,
8.1359778646e+01,
8.1365131526e+01,
8.1372614869e+01,
8.1382731177e+01,
8.1396013387e+01,
8.1413007847e+01,
8.1434253961e+01,
8.1460261174e+01,
8.1491484324e+01,
8.1528298702e+01,
8.1570976440e+01,
8.1619665991e+01,
8.1674376481e+01,
8.1734968474e+01,
8.1801152313e+01,
8.1872494583e+01,
8.1948432485e+01,
8.2028295144e+01,
8.2111330129e+01,
8.2196732929e+01,
8.2283676926e+01,
8.2371341521e+01,
8.2458936593e+01,
8.2545722145e+01,
8.2631022791e+01,
8.2714237356e+01,
8.2794844267e+01,
8.2872403554e+01,
8.2946556244e+01,
8.3017021747e+01,
8.3083593693e+01,
8.3146134588e+01,
8.3204569544e+01,
8.3258879405e+01,
8.3309093524e+01,
8.3355282505e+01,
8.3397551163e+01,
8.3436031936e+01,
8.3470878921e+01,
8.3502262631e+01,
8.3530365527e+01,
8.3555378296e+01,
8.3577496827e+01,
8.3596919789e+01,
8.3613846710e+01,
8.3628476435e+01,
8.3641005859e+01,
8.3651628830e+01,
8.3660535131e+01,
8.3667909479e+01,
8.3673930500e+01,
8.3678769638e+01,
8.3682590017e+01,
8.3685545266e+01,
8.3687778349e+01,
8.3689420451e+01,
8.3690589996e+01,
8.3691391855e+01,
8.3691916816e+01,
8.3692241382e+01,
8.3692427941e+01,
8.3692525331e+01,
8.3692569827e+01,
8.3692586518e+01,
8.3692591059e+01,
8.3692591729e+01,
8.3692591791e+01,
8.3692593031e+01,
8.3692601433e+01,
8.3692632318e+01,
8.3692714644e+01,
8.3692894791e+01,
8.3693239713e+01,
8.3693839284e+01,
8.3694807672e+01,
8.3696283588e+01,
8.3698429236e+01,
8.3701427820e+01,
8.3705479507e+01,
8.3710795797e+01,
8.3717592339e+01,
8.3726080354e+01,
8.3736456985e+01,
8.3748895003e+01,
8.3763532504e+01,
8.3780463291e+01,
8.3799728734e+01,
8.3821311854e+01,
8.3845134300e+01,
8.3871056643e+01,
8.3898882178e+01,
8.3928364040e+01,
8.3959215176e+01,
8.3991120358e+01,
8.4023749271e+01,
8.4056769613e+01,
8.4089859208e+01,
8.4122716301e+01,
8.4155067481e+01,
8.4186672977e+01,
8.4217329378e+01,
8.4246870055e+01,
8.4275163753e+01,
8.4302111870e+01,
8.4327644942e+01,
8.4351718806e+01,
8.4374310774e+01,
8.4395416074e+01,
8.4415044692e+01,
8.4433218666e+01,
8.4449969837e+01,
8.4465338002e+01,
8.4479369426e+01,
8.4492115626e+01,
8.4503632398e+01,
8.4513979003e+01,
8.4523217500e+01,
8.4531412161e+01,
8.4538628964e+01,
8.4544935126e+01,
8.4550398662e+01,
8.4555087944e+01,
8.4559071261e+01,
8.4562416355e+01,
8.4565189933e+01,
8.4567457152e+01,
8.4569281078e+01,
8.4570722134e+01,
8.4571837540e+01,
8.4572680772e+01,
8.4573301064e+01,
8.4573742963e+01,
8.4574045991e+01,
8.4574244402e+01,
8.4574367082e+01,
8.4574437601e+01,
8.4574474415e+01,
8.4574491236e+01,
8.4574497545e+01,
8.4574499262e+01,
8.4574499515e+01,
8.4574499539e+01,
8.4574500032e+01,
8.4574503374e+01,
8.4574515657e+01,
8.4574548399e+01,
8.4574620047e+01,
8.4574757233e+01,
8.4574995716e+01,
8.4575380938e+01,
8.4575968150e+01,
8.4576822028e+01,
8.4578015752e+01,
8.4579629482e+01,
8.4581748244e+01,
8.4584459223e+01,
8.4587848542e+01,
8.4591997626e+01,
8.4596979319e+01,
8.4602853973e+01,
8.4609665743e+01,
8.4617439371e+01,
8.4626177684e+01,
8.4635860039e+01,
8.4646441848e+01,
8.4657855238e+01,
8.4670010836e+01,
8.4682800546e+01,
8.4696101158e+01,
8.4709778544e+01,
8.4723692210e+01,
8.4737699939e+01,
8.4751662279e+01,
8.4765446671e+01,
8.4778931016e+01,
8.4792006549e+01,
8.4804579928e+01,
8.4816574487e+01,
8.4827930691e+01,
8.4838605843e+01,
8.4848573163e+01,
8.4857820372e+01,
8.4866347939e+01,
8.4874167129e+01,
8.4881298001e+01,
8.4887767455e+01,
8.4893607431e+01,
8.4898853303e+01,
8.4903542507e+01,
8.4907713425e+01,
8.4911404488e+01,
8.4914653516e+01,
8.4917497242e+01,
8.4919970996e+01,
8.4922108522e+01,
8.4923941888e+01,
8.4925501469e+01,
8.4926815967e+01,
8.4927912461e+01,
8.4928816449e+01,
8.4929551892e+01,
8.4930141233e+01,
8.4930605401e+01,
8.4930963787e+01,
8.4931234205e+01,
8.4931432843e+01,
8.4931574206e+01,
8.4931671074e+01,
8.4931734467e+01,
8.4931773652e+01,
8.4931796172e+01,
8.4931807928e+01,
8.4931813298e+01,
8.4931815313e+01,
8.4931815861e+01,
8.4931815942e+01,
8.4931815950e+01,
8.4931816116e+01,
8.4931817246e+01,
8.4931821397e+01,
8.4931832460e+01,
8.4931856668e+01,
8.4931903010e+01,
8.4931983534e+01,
8.4932113515e+01,
8.4932311433e+01,
8.4932598764e+01,
8.4932999521e+01,
8.4933539552e+01,
8.4934245559e+01,
8.4935143861e+01,
8.4936258927e+01,
8.4937611752e+01,
8.4939218165e+01,
8.4941087204e+01,
8.4943219713e+01,
8.4945607314e+01,
8.4948231904e+01,
8.4951065792e+01,
8.4954072526e+01,
8.4957208398e+01,
8.4960424518e+01,
8.4963669307e+01,
8.4966891170e+01,
8.4970041107e+01,
8.4973075036e+01,
8.4975955616e+01,
8.4978653467e+01,
8.4981147717e+01,
8.4983425931e+01,
8.4985483498e+01,
8.4987322617e+01,
8.4988951049e+01,
8.4990380759e+01,
8.4991626603e+01,
8.4992705125e+01,
8.4993633548e+01,
8.4994428965e+01,
8.4995107750e+01,
8.4995685153e+01,
8.4996175064e+01,
8.4996589906e+01,
8.4996940622e+01,
8.4997236742e+01,
8.4997486478e+01,
8.4997696854e+01,
8.4997873845e+01,
8.4998022510e+01,
8.4998147120e+01,
8.4998251281e+01,
8.4998338040e+01,
8.4998409975e+01,
8.4998469276e+01,
8.4998517814e+01,
8.4998557199e+01,
8.4998588819e+01,
8.4998613886e+01,
8.4998633459e+01,
8.4998648469e+01,
8.4998659736e+01,
8.4998667980e+01,
8.4998673830e+01,
8.4998677831e+01,
8.4998680446e+01,
8.4998682061e+01,
8.4998682989e+01,
8.4998683473e+01,
8.4998683694e+01,
8.4998683777e+01,
8.4998683799e+01,
8.4998683803e+01,
8.4998683803e+01,
8.4998683810e+01,
8.4998683860e+01,
8.4998684041e+01,
8.4998684525e+01,
8.4998685584e+01,
8.4998687608e+01,
8.4998691123e+01,
8.4998696784e+01,
8.4998705378e+01,
8.4998717798e+01,
8.4998735007e+01,
8.4998757990e+01,
8.4998787679e+01,
8.4998824869e+01,
8.4998870127e+01,
8.4998923694e+01,
8.4998985403e+01,
8.4999054629e+01,
8.4999130265e+01,
8.4999210761e+01,
8.4999294209e+01,
8.4999378471e+01,
8.4999461353e+01,
8.4999540773e+01,
8.4999614927e+01,
8.4999682417e+01,
8.4999742320e+01,
8.4999794211e+01,
8.4999838120e+01,
8.4999874451e+01,
8.4999903885e+01,
8.4999927268e+01,
8.4999945509e+01,
8.4999959510e+01,
8.4999970104e+01,
8.4999978026e+01,
8.4999983891e+01,
8.4999988199e+01,
8.4999991339e+01,
8.4999993624e+01,
8.4999995249e+01,
8.4999996113e+01,
8.4999996223e+01,
8.4999996251e+01,
8.4999996650e+01,
8.4999997443e+01,
8.4999998463e+01,
8.4999999458e+01,
8.4999999291e+01,
8.4999999255e+01,
8.4999999418e+01,
8.4999999437e+01,
8.4999999377e+01,
8.4999999400e+01,
8.4999999489e+01,
8.4999999589e+01,
8.5000000000e+01,
8.5000000000e+01,
8.5000000000e+01,
8.5000000000e+01,
8.5000000000e+01,
8.5000000000e+01,
8.5000000000e+01,
8.5000000000e+01,
8.5000000000e+01,
8.5000000000e+01,
8.5000000000e+01,
8.5000000000e+01,
8.5000000000e+01,
8.5000000000e+01,
8.5000000000e+01,
8.5000000000e+01,
8.5000000000e+01,
8.5000000000e+01,
