0.0000000000e+00,
3.6322960284e-07,
1.1595010903e-05,
8.7692194896e-05,
3.6743668500e-04,
1.1131573029e-03,
2.7452729584e-03,
5.8714454789e-03,
1.1309371078e-02,
2.0102476464e-02,
3.3528036644e-02,
5.3097462210e-02,
8.0548669309e-02,
1.1783049592e-01,
1.6707902415e-01,
2.3058540312e-01,
3.1075439378e-01,
4.1005251184e-01,
5.3094454704e-01,
6.7581765645e-01,
8.4689340044e-01,
1.0461300990e+00,
1.2751205462e+00,
1.5349929128e+00,
1.8263248010e+00,
2.1490810115e+00,
2.5025840093e+00,
2.8855222259e+00,
3.2959958294e+00,
3.7315936823e+00,
4.1894904264e+00,
4.6665503092e+00,
5.1594251529e+00,
5.6646374774e+00,
6.1786451386e+00,
6.6978893418e+00,
7.2188319909e+00,
7.7379899441e+00,
8.2519725646e+00,
8.7575255361e+00,
9.2515796210e+00,
9.7312995440e+00,
1.0194126888e+01,
1.0637812116e+01,
1.1060433760e+01,
1.1460405821e+01,
1.1836476331e+01,
1.2187720307e+01,
1.2513529543e+01,
1.2813600520e+01,
1.3087920745e+01,
1.3336753297e+01,
1.3560619190e+01,
1.3760277288e+01,
1.3936701625e+01,
1.4091056238e+01,
1.4224667727e+01,
1.4338995916e+01,
1.4435603049e+01,
1.4516122061e+01,
1.4582224496e+01,
1.4635588715e+01,
1.4677869079e+01,
1.4710666808e+01,
1.4735503249e+01,
1.4753796234e+01,
1.4766840214e+01,
1.4775790728e+01,
1.4781653694e+01,
1.4785279862e+01,
1.4787364603e+01,
1.4788453041e+01,
1.4788950360e+01,
1.4789136923e+01,
1.4789187672e+01,
1.4789195163e+01,
1.4789196188e+01,
1.4789220404e+01,
1.4789384465e+01,
1.4789987569e+01,
1.4791595196e+01,
1.4795113308e+01,
1.4801850375e+01,
1.4813564510e+01,
1.4832493155e+01,
1.4861362993e+01,
1.4903378025e+01,
1.4962184221e+01,
1.5041809722e+01,
1.5146580471e+01,
1.5281012187e+01,
1.5449680964e+01,
1.5657076183e+01,
1.5907440922e+01,
1.6204606307e+01,
1.6551827320e+01,
1.6951628179e+01,
1.7405665823e+01,
1.7914620076e+01,
1.8478118848e+01,
1.9094705802e+01,
1.9761855624e+01,
2.0476038017e+01,
2.1232825710e+01,
2.2027035606e+01,
2.2852887626e+01,
2.3704165313e+01,
2.4574366679e+01,
2.5456841826e+01,
2.6344921946e+01,
2.7232047561e+01,
2.8111899827e+01,
2.8978529071e+01,
2.9826466133e+01,
3.0650801346e+01,
3.1447224551e+01,
3.2212031592e+01,
3.2942110344e+01,
3.3634919092e+01,
3.4288464658e+01,
3.4901281759e+01,
3.5472411704e+01,
3.6001377997e+01,
3.6488157505e+01,
3.6933147222e+01,
3.7337127653e+01,
3.7701224183e+01,
3.8026867684e+01,
3.8315755236e+01,
3.8569811420e+01,
3.8791150293e+01,
3.8982037926e+01,
3.9144855313e+01,
3.9282061464e+01,
3.9396156621e+01,
3.9489645671e+01,
3.9565002055e+01,
3.9624632636e+01,
3.9670844160e+01,
3.9705812128e+01,
3.9731552925e+01,
3.9749900153e+01,
3.9762486045e+01,
3.9770728749e+01,
3.9775826124e+01,
3.9778756467e+01,
3.9780286328e+01,
3.9780985325e+01,
3.9781247542e+01,
3.9781318871e+01,
3.9781329399e+01,
3.9781330398e+01,
3.9781350773e+01,
3.9781488819e+01,
3.9781996287e+01,
3.9783348980e+01,
3.9786309171e+01,
3.9791977733e+01,
3.9801833668e+01,
3.9817758800e+01,
3.9842045590e+01,
3.9877386216e+01,
3.9926841420e+01,
3.9993788133e+01,
4.0081845600e+01,
4.0194780721e+01,
4.0336394488e+01,
4.0510392876e+01,
4.0720247017e+01,
4.0969049024e+01,
4.1259371101e+01,
4.1593136426e+01,
4.1971510420e+01,
4.2394820312e+01,
4.2862509028e+01,
4.3373126664e+01,
4.3924359139e+01,
4.4513089846e+01,
4.5135487017e+01,
4.5787108107e+01,
4.6463013549e+01,
4.7157885562e+01,
4.7866152099e+01,
4.8582118908e+01,
4.9300111368e+01,
5.0014621517e+01,
5.0720447119e+01,
5.1412804874e+01,
5.2087403626e+01,
5.2740475151e+01,
5.3368772635e+01,
5.3969553082e+01,
5.4540557438e+01,
5.5079994903e+01,
5.5586530914e+01,
5.6059274698e+01,
5.6497762123e+01,
5.6901931411e+01,
5.7272091515e+01,
5.7608884660e+01,
5.7913245397e+01,
5.8186358592e+01,
5.8429618371e+01,
5.8644589403e+01,
5.8832971255e+01,
5.8996565961e+01,
5.9137248590e+01,
5.9256940317e+01,
5.9357583432e+01,
5.9441117764e+01,
5.9509458105e+01,
5.9564472383e+01,
5.9607960587e+01,
5.9641634597e+01,
5.9667099311e+01,
5.9685835573e+01,
5.9699185543e+01,
5.9708341158e+01,
5.9714336328e+01,
5.9718043412e+01,
5.9720174378e+01,
5.9721286865e+01,
5.9721795154e+01,
5.9721985828e+01,
5.9722037695e+01,
5.9722045351e+01,
5.9722046032e+01,
5.9722059444e+01,
5.9722150307e+01,
5.9722484325e+01,
5.9723374669e+01,
5.9725323024e+01,
5.9729053820e+01,
5.9735540021e+01,
5.9746018930e+01,
5.9761996467e+01,
5.9785238553e+01,
5.9817748348e+01,
5.9861728488e+01,
5.9919527920e+01,
5.9993573625e+01,
6.0086288437e+01,
6.0199997198e+01,
6.0336824700e+01,
6.0498590069e+01,
6.0686703382e+01,
6.0902071169e+01,
6.1145017936e+01,
6.1415230699e+01,
6.1711732676e+01,
6.2032890562e+01,
6.2376457271e+01,
6.2739648821e+01,
6.3119250475e+01,
6.3511743914e+01,
6.3913444699e+01,
6.4320638194e+01,
6.4729702822e+01,
6.5137211938e+01,
6.5540009325e+01,
6.5935257464e+01,
6.6320461449e+01,
6.6693473875e+01,
6.7052486954e+01,
6.7396017438e+01,
6.7722888375e+01,
6.8032209716e+01,
6.8323358265e+01,
6.8595956602e+01,
6.8849850540e+01,
6.9085085157e+01,
6.9301879990e+01,
6.9500604437e+01,
6.9681754420e+01,
6.9845931175e+01,
6.9993822635e+01,
7.0126187459e+01,
7.0243841480e+01,
7.0347646129e+01,
7.0438498336e+01,
7.0517321417e+01,
7.0585056517e+01,
7.0642654259e+01,
7.0691066354e+01,
7.0731237019e+01,
7.0764094141e+01,
7.0790540230e+01,
7.0811443283e+01,
7.0827627769e+01,
7.0839865999e+01,
7.0848870211e+01,
7.0855285722e+01,
7.0859685497e+01,
7.0862566471e+01,
7.0864347893e+01,
7.0865371915e+01,
7.0865906512e+01,
7.0866150766e+01,
7.0866242392e+01,
7.0866267317e+01,
7.0866270996e+01,
7.0866271321e+01,
7.0866277699e+01,
7.0866320909e+01,
7.0866479754e+01,
7.0866903162e+01,
7.0867829712e+01,
7.0869603908e+01,
7.0872688438e+01,
7.0877671682e+01,
7.0885269739e+01,
7.0896322310e+01,
7.0911781875e+01,
7.0932695774e+01,
7.0960181053e+01,
7.0995392298e+01,
7.1039483174e+01,
7.1093562856e+01,
7.1158649183e+01,
7.1235620838e+01,
7.1325171284e+01,
7.1427767403e+01,
7.1543615645e+01,
7.1672638158e+01,
7.1814460641e+01,
7.1968412790e+01,
7.2133541271e+01,
7.2308634325e+01,
7.2492256444e+01,
7.2682791218e+01,
7.2878490243e+01,
7.3077525905e+01,
7.3278045753e+01,
7.3478226079e+01,
7.3676322212e+01,
7.3870713112e+01,
7.4059938112e+01,
7.4242724225e+01,
7.4418003216e+01,
7.4584918456e+01,
7.4742822445e+01,
7.4891266478e+01,
7.5029984338e+01,
7.5158872018e+01,
7.5277965364e+01,
7.5387417300e+01,
7.5487475883e+01,
7.5578464135e+01,
7.5660762170e+01,
7.5734791895e+01,
7.5801004284e+01,
7.5859869083e+01,
7.5911866668e+01,
7.5957481732e+01,
7.5997198454e+01,
7.6031496790e+01,
7.6060849563e+01,
7.6085720061e+01,
7.6106559903e+01,
7.6123806980e+01,
7.6137883339e+01,
7.6149192936e+01,
7.6158119247e+01,
7.6165022756e+01,
7.6170238443e+01,
7.6174073351e+01,
7.6176804429e+01,
7.6178676785e+01,
7.6179902527e+01,
7.6180660345e+01,
7.6181095925e+01,
7.6181323312e+01,
7.6181427201e+01,
7.6181466173e+01,
7.6181476774e+01,
7.6181478338e+01,
7.6181478479e+01,
7.6181481258e+01,
7.6181500084e+01,
7.6181569291e+01,
7.6181753762e+01,
7.6182157425e+01,
7.6182930304e+01,
7.6184273774e+01,
7.6186443639e+01,
7.6189750671e+01,
7.6194558230e+01,
7.6201276655e+01,
7.6210354154e+01,
7.6222264117e+01,
7.6237488900e+01,
7.6256500482e+01,
7.6279738630e+01,
7.6307587625e+01,
7.6340352872e+01,
7.6378239033e+01,
7.6421331400e+01,
7.6469582257e+01,
7.6522803690e+01,
7.6580667873e+01,
7.6642715249e+01,
7.6708370282e+01,
7.6776963740e+01,
7.6847759819e+01,
7.6919985998e+01,
7.6992863339e+01,
7.7065635013e+01,
7.7137591219e+01,
7.7208089148e+01,
7.7276567262e+01,
7.7342553748e+01,
7.7405669524e+01,
7.7465626555e+01,
7.7522222453e+01,
7.7575332440e+01,
7.7624899690e+01,
7.7670924966e+01,
7.7713456288e+01,
7.7752579168e+01,
7.7788407789e+01,
7.7821077323e+01,
7.7850737463e+01,
7.7877547157e+01,
7.7901670445e+01,
7.7923273290e+01,
7.7942521236e+01,
7.7959577760e+01,
7.7974603167e+01,
7.7987753888e+01,
7.7999182069e+01,
7.8009035336e+01,
7.8017456660e+01,
7.8024584247e+01,
7.8030551387e+01,
7.8035486246e+01,
7.8039511550e+01,
7.8042744184e+01,
7.8045294685e+01,
7.8047266669e+01,
7.8048756215e+01,
7.8049851255e+01,
7.8050631014e+01,
7.8051165555e+01,
7.8051515475e+01,
7.8051731807e+01,
7.8051856148e+01,
7.8051921057e+01,
7.8051950713e+01,
7.8051961838e+01,
7.8051964864e+01,
7.8051965311e+01,
7.8051965352e+01,
7.8051966178e+01,
7.8051971778e+01,
7.8051992362e+01,
7.8052047230e+01,
7.8052167290e+01,
7.8052397158e+01,
7.8052796704e+01,
7.8053441955e+01,
7.8054425211e+01,
7.8055854280e+01,
7.8057850713e+01,
7.8060546971e+01,
7.8064082488e+01,
7.8068598665e+01,
7.8074232934e+01,
7.8081112124e+01,
7.8089345472e+01,
7.8099017751e+01,
7.8110183031e+01,
7.8122859627e+01,
7.8137026748e+01,
7.8152623250e+01,
7.8169548700e+01,
7.8187666769e+01,
7.8206810703e+01,
7.8226790429e+01,
7.8247400694e+01,
7.8268429547e+01,
7.8289666503e+01,
7.8310909812e+01,
7.8331972402e+01,
7.8352686260e+01,
7.8372905184e+01,
7.8392506003e+01,
7.8411388484e+01,
7.8429474208e+01,
7.8446704715e+01,
7.8463039238e+01,
7.8478452257e+01,
7.8492931092e+01,
7.8506473679e+01,
7.8519086599e+01,
7.8530783418e+01,
7.8541583326e+01,
7.8551510057e+01,
7.8560591049e+01,
7.8568856804e+01,
7.8576340395e+01,
7.8583077088e+01,
7.8589104039e+01,
7.8594460029e+01,
7.8599185229e+01,
7.8603320962e+01,
7.8606909454e+01,
7.8609993567e+01,
7.8612616502e+01,
7.8614821473e+01,
7.8616651350e+01,
7.8618148277e+01,
7.8619353267e+01,
7.8620305789e+01,
7.8621043351e+01,
7.8621601110e+01,
7.8622011498e+01,
7.8622303911e+01,
7.8622504453e+01,
7.8622635771e+01,
7.8622716970e+01,
7.8622763647e+01,
7.8622788015e+01,
7.8622799149e+01,
7.8622803325e+01,
7.8622804461e+01,
7.8622804629e+01,
7.8622804645e+01,
7.8622804972e+01,
7.8622807183e+01,
7.8622815314e+01,
7.8622836987e+01,
7.8622884413e+01,
7.8622975226e+01,
7.8623133102e+01,
7.8623388145e+01,
7.8623776981e+01,
7.8624342527e+01,
7.8625133425e+01,
7.8626203090e+01,
7.8627608387e+01,
7.8629407946e+01,
7.8631660154e+01,
7.8634420899e+01,
7.8637741164e+01,
7.8641664609e+01,
7.8646225291e+01,
7.8651445673e+01,
7.8657335075e+01,
7.8663888672e+01,
7.8671087133e+01,
7.8678896882e+01,
7.8687270987e+01,
7.8696150559e+01,
7.8705466567e+01,
7.8715141936e+01,
7.8725093805e+01,
7.8735235825e+01,
7.8745480424e+01,
7.8755740952e+01,
7.8765933659e+01,
7.8775979463e+01,
7.8785805456e+01,
7.8795346131e+01,
7.8804544297e+01,
7.8813351671e+01,
7.8821729135e+01,
7.8829646698e+01,
7.8837083175e+01,
7.8844025635e+01,
7.8850468675e+01,
7.8856413578e+01,
7.8861867402e+01,
7.8866842070e+01,
7.8871353478e+01,
7.8875420673e+01,
7.8879065120e+01,
7.8882310052e+01,
7.8885179924e+01,
7.8887699966e+01,
7.8889895807e+01,
7.8891793183e+01,
7.8893417687e+01,
7.8894794579e+01,
7.8895948605e+01,
7.8896903850e+01,
7.8897683581e+01,
7.8898310112e+01,
7.8898804646e+01,
7.8899187131e+01,
7.8899476112e+01,
7.8899688595e+01,
7.8899839919e+01,
7.8899943664e+01,
7.8900011582e+01,
7.8900053572e+01,
7.8900077707e+01,
7.8900090307e+01,
7.8900096063e+01,
7.8900098223e+01,
7.8900098810e+01,
7.8900098897e+01,
7.8900098905e+01,
7.8900099084e+01,
7.8900100294e+01,
7.8900104744e+01,
7.8900116604e+01,
7.8900142555e+01,
7.8900192240e+01,
7.8900278599e+01,
7.8900418059e+01,
7.8900630560e+01,
7.8900939380e+01,
7.8901370743e+01,
7.8901953195e+01,
7.8902716720e+01,
7.8903691623e+01,
7.8904907192e+01,
7.8906390179e+01,
7.8908163182e+01,
7.8910243017e+01,
7.8912639198e+01,
7.8915352649e+01,
7.8918374780e+01,
7.8921687040e+01,
7.8925261036e+01,
7.8929059244e+01,
7.8933036330e+01,
7.8937140969e+01,
7.8941318075e+01,
7.8945511241e+01,
7.8949665225e+01,
7.8953728259e+01,
7.8957654027e+01,
7.8961403179e+01,
7.8964944299e+01,
7.8968254309e+01,
7.8971318364e+01,
7.8974129296e+01,
7.8976686739e+01,
7.8978996035e+01,
7.8981067055e+01,
7.8982913018e+01,
7.8984549392e+01,
7.8985992935e+01,
7.8987260885e+01,
7.8988370333e+01,
7.8989337744e+01,
7.8990178637e+01,
7.8990907383e+01,
7.8991537097e+01,
7.8992079624e+01,
7.8992545560e+01,
7.8992944327e+01,
7.8993284265e+01,
7.8993572736e+01,
7.8993816235e+01,
7.8994020494e+01,
7.8994190586e+01,
7.8994331012e+01,
7.8994445782e+01,
7.8994538483e+01,
7.8994612332e+01,
7.8994670222e+01,
7.8994714754e+01,
7.8994748259e+01,
7.8994772819e+01,
7.8994790269e+01,
7.8994802214e+01,
7.8994810026e+01,
7.8994814852e+01,
7.8994817625e+01,
7.8994819072e+01,
7.8994819733e+01,
7.8994819981e+01,
7.8994820048e+01,
7.8994820058e+01,
7.8994820059e+01,
7.8994820081e+01,
7.8994820229e+01,
7.8994820772e+01,
7.8994822219e+01,
7.8994825385e+01,
7.8994831442e+01,
7.8994841961e+01,
7.8994858922e+01,
7.8994884702e+01,
7.8994922030e+01,
7.8994973902e+01,
7.8995043445e+01,
7.8995133745e+01,
7.8995247625e+01,
7.8995387399e+01,
7.8995554607e+01,
7.8995749768e+01,
7.8995972169e+01,
7.8996219742e+01,
7.8996489041e+01,
7.8996775346e+01,
7.8997072901e+01,
7.8997375261e+01,
7.8997675720e+01,
7.8997967779e+01,
7.8998245577e+01,
7.8998504257e+01,
7.8998740213e+01,
7.8998951200e+01,
7.8999136310e+01,
7.8999295827e+01,
7.8999430999e+01,
7.8999543776e+01,
7.8999636538e+01,
7.8999711868e+01,
7.8999772357e+01,
7.8999820470e+01,
7.8999858446e+01,
7.8999888241e+01,
7.8999911510e+01,
7.8999929616e+01,
7.8999943676e+01,
7.8999954591e+01,
7.8999963087e+01,
7.8999969736e+01,
7.8999974970e+01,
7.8999979111e+01,
7.8999982406e+01,
7.8999985046e+01,
7.8999987193e+01,
7.8999988976e+01,
7.8999990492e+01,
7.8999991808e+01,
7.8999992962e+01,
7.8999993977e+01,
7.8999994868e+01,
7.8999995649e+01,
7.8999996336e+01,
7.8999996941e+01,
7.8999997476e+01,
7.8999997947e+01,
7.8999998360e+01,
7.8999998718e+01,
7.8999999023e+01,
7.8999999278e+01,
7.8999999485e+01,
7.9000000000e+01,
7.9000000000e+01,
7.9000000000e+01,
7.9000000000e+01,
7.9000000000e+01,
7.9000000000e+01,
7.9000000000e+01,
7.9000000000e+01,
