0.0000000000e+00,
5.5653996966e-09,
1.7765855986e-07,
1.3436170496e-06,
5.6298334101e-06,
1.7055540200e-05,
4.2061575270e-05,
8.9955550960e-05,
1.7325743138e-04,
3.0793262144e-04,
5.1350317936e-04,
8.1303154858e-04,
1.2329751108e-03,
1.8029137283e-03,
2.5551561104e-03,
3.5242341620e-03,
4.7462973315e-03,
6.2584213039e-03,
8.0978471436e-03,
1.0301168213e-02,
1.2903482951e-02,
1.5937532002e-02,
1.9432838354e-02,
2.3414869246e-02,
2.7904238649e-02,
3.2915969257e-02,
3.8458833014e-02,
4.4534789172e-02,
5.1138538571e-02,
5.8257211998e-02,
6.5870208867e-02,
7.3949199964e-02,
8.2458304366e-02,
9.1354446041e-02,
1.0058789001e-01,
1.1010295174e-01,
1.1983886681e-01,
1.2973080151e-01,
1.3971097913e-01,
1.4970989170e-01,
1.5965756358e-01,
1.6948483096e-01,
1.7912460111e-01,
1.8851305634e-01,
1.9759077018e-01,
2.0630370699e-01,
2.1460408101e-01,
2.2245105603e-01,
2.2981127220e-01,
2.3665919231e-01,
2.4297726485e-01,
2.4875590641e-01,
2.5399331031e-01,
2.5869509236e-01,
2.6287378843e-01,
2.6654822109e-01,
2.6974275545e-01,
2.7248646618e-01,
2.7481223913e-01,
2.7675583221e-01,
2.7835492050e-01,
2.7964815046e-01,
2.8067422774e-01,
2.8147106157e-01,
2.8207498711e-01,
2.8252008477e-01,
2.8283761256e-01,
2.8305556439e-01,
2.8319836328e-01,
2.8328669490e-01,
2.8333748239e-01,
2.8336399966e-01,
2.8337611599e-01,
2.8338066130e-01,
2.8338189774e-01,
2.8338208024e-01,
2.8338210522e-01,
2.8338269519e-01,
2.8338669234e-01,
2.8340138635e-01,
2.8344055578e-01,
2.8352628018e-01,
2.8369046438e-01,
2.8397601874e-01,
2.8443764887e-01,
2.8514221948e-01,
2.8616866901e-01,
2.8760746417e-01,
2.8955959623e-01,
2.9213513289e-01,
2.9545135100e-01,
2.9963048528e-01,
3.0479713714e-01,
3.1107539527e-01,
3.1858572640e-01,
3.2744170189e-01,
3.3774663298e-01,
3.4959019695e-01,
3.6304514664e-01,
3.7816420756e-01,
3.9497727791e-01,
4.1348905509e-01,
4.3367721551e-01,
4.5549126873e-01,
4.7885219072e-01,
5.0365291287e-01,
5.2975970390e-01,
5.5701443395e-01,
5.8523765803e-01,
6.1423240515e-01,
6.4378851546e-01,
6.7368733610e-01,
7.0370656958e-01,
7.3362506903e-01,
7.6322739008e-01,
7.9230793882e-01,
8.2067459234e-01,
8.4815171124e-01,
8.7458250464e-01,
8.9983074618e-01,
9.2378187011e-01,
9.4634349912e-01,
9.6744546942e-01,
9.8703942495e-01,
1.0050980520e+00,
1.0216140209e+00,
1.0365986924e+00,
1.0500806391e+00,
1.0621040202e+00,
1.0727268419e+00,
1.0820191287e+00,
1.0900610263e+00,
1.0969408544e+00,
1.1027531309e+00,
1.1075965850e+00,
1.1115721875e+00,
1.1147812223e+00,
1.1173234355e+00,
1.1192952942e+00,
1.1207883943e+00,
1.1218880570e+00,
1.1226721488e+00,
1.1232101607e+00,
1.1235625743e+00,
1.1237805347e+00,
1.1239058425e+00,
1.1239712652e+00,
1.1240011575e+00,
1.1240123711e+00,
1.1240154215e+00,
1.1240158717e+00,
1.1240159145e+00,
1.1240167858e+00,
1.1240226894e+00,
1.1240443914e+00,
1.1241022407e+00,
1.1242288407e+00,
1.1244712884e+00,
1.1248928867e+00,
1.1255742471e+00,
1.1266137089e+00,
1.1281270157e+00,
1.1302462024e+00,
1.1331176697e+00,
1.1368994442e+00,
1.1417576520e+00,
1.1478622689e+00,
1.1553822460e+00,
1.1644801518e+00,
1.1753065112e+00,
1.1879940604e+00,
1.2026521652e+00,
1.2193616761e+00,
1.2381704921e+00,
1.2590900998e+00,
1.2820933150e+00,
1.3071134026e+00,
1.3340446736e+00,
1.3627445661e+00,
1.3930371214e+00,
1.4247176674e+00,
1.4575584398e+00,
1.4913148133e+00,
1.5257317851e+00,
1.5605503601e+00,
1.5955135264e+00,
1.6303715741e+00,
1.6648865910e+00,
1.6988360568e+00,
1.7320155326e+00,
1.7642405124e+00,
1.7953475437e+00,
1.8251947488e+00,
1.8536618844e+00,
1.8806500619e+00,
1.9060812317e+00,
1.9298975102e+00,
1.9520603973e+00,
1.9725499168e+00,
1.9913636858e+00,
2.0085159149e+00,
2.0240363299e+00,
2.0379690042e+00,
2.0503710920e+00,
2.0613114584e+00,
2.0708692024e+00,
2.0791320794e+00,
2.0861948320e+00,
2.0921574462e+00,
2.0971233549e+00,
2.1011976168e+00,
2.1044851036e+00,
2.1070887338e+00,
2.1091077923e+00,
2.1106363818e+00,
2.1117620458e+00,
2.1125646071e+00,
2.1131152585e+00,
2.1134759365e+00,
2.1136990025e+00,
2.1138272435e+00,
2.1138941970e+00,
2.1139247887e+00,
2.1139362646e+00,
2.1139393864e+00,
2.1139398471e+00,
2.1139398881e+00,
2.1139406953e+00,
2.1139461641e+00,
2.1139662678e+00,
2.1140198565e+00,
2.1141371323e+00,
2.1143617220e+00,
2.1147522627e+00,
2.1153834190e+00,
2.1163462663e+00,
2.1177479806e+00,
2.1197107952e+00,
2.1223702006e+00,
2.1258723903e+00,
2.1303709860e+00,
2.1360231087e+00,
2.1429849041e+00,
2.1514066706e+00,
2.1614277740e+00,
2.1731715660e+00,
2.1867405384e+00,
2.2022119483e+00,
2.2196341259e+00,
2.2390236427e+00,
2.2603634568e+00,
2.2836020916e+00,
2.3086538345e+00,
2.3353998900e+00,
2.3636903822e+00,
2.3933470881e+00,
2.4241667956e+00,
2.4559252013e+00,
2.4883813013e+00,
2.5212822460e+00,
2.5543686313e+00,
2.5873801663e+00,
2.6200615934e+00,
2.6521686484e+00,
2.6834737671e+00,
2.7137711834e+00,
2.7428810617e+00,
2.7706523709e+00,
2.7969643331e+00,
2.8217264460e+00,
2.8448772402e+00,
2.8663820592e+00,
2.8862302145e+00,
2.9044318623e+00,
2.9210148925e+00,
2.9360220347e+00,
2.9495082922e+00,
2.9615387372e+00,
2.9721866418e+00,
2.9815318863e+00,
2.9896595737e+00,
2.9966587807e+00,
3.0026213845e+00,
3.0076409240e+00,
3.0118114643e+00,
3.0152264565e+00,
3.0179775924e+00,
3.0201536689e+00,
3.0218394865e+00,
3.0231148107e+00,
3.0240534322e+00,
3.0247223611e+00,
3.0251811915e+00,
3.0254816678e+00,
3.0256674779e+00,
3.0257742925e+00,
3.0258300571e+00,
3.0258555359e+00,
3.0258650938e+00,
3.0258676937e+00,
3.0258680775e+00,
3.0258681114e+00,
3.0258687767e+00,
3.0258732841e+00,
3.0258898539e+00,
3.0259340216e+00,
3.0260306767e+00,
3.0262157634e+00,
3.0265375706e+00,
3.0270575351e+00,
3.0278504921e+00,
3.0290043107e+00,
3.0306188660e+00,
3.0328043160e+00,
3.0356786766e+00,
3.0393647248e+00,
3.0439863011e+00,
3.0496641366e+00,
3.0565113821e+00,
3.0646290733e+00,
3.0741018052e+00,
3.0849939143e+00,
3.0973464548e+00,
3.1111752118e+00,
3.1264699014e+00,
3.1431945874e+00,
3.1612891984e+00,
3.1806719022e+00,
3.2012419988e+00,
3.2228829723e+00,
3.2454653922e+00,
3.2688494680e+00,
3.2928872069e+00,
3.3174242518e+00,
3.3423015664e+00,
3.3673571519e+00,
3.3924279439e+00,
3.4173519614e+00,
3.4419706928e+00,
3.4661316281e+00,
3.4896907965e+00,
3.5125151576e+00,
3.5344847012e+00,
3.5554941471e+00,
3.5754541800e+00,
3.5942921946e+00,
3.6119525699e+00,
3.6283965155e+00,
3.6436015545e+00,
3.6575607135e+00,
3.6702814900e+00,
3.6817846604e+00,
3.6921029832e+00,
3.7012798371e+00,
3.7093678246e+00,
3.7164273625e+00,
3.7225252692e+00,
3.7277333589e+00,
3.7321270474e+00,
3.7357839748e+00,
3.7387826538e+00,
3.7412011547e+00,
3.7431158449e+00,
3.7446001997e+00,
3.7457237128e+00,
3.7465509293e+00,
3.7471406311e+00,
3.7475451988e+00,
3.7478101753e+00,
3.7479740469e+00,
3.7480682548e+00,
3.7481174392e+00,
3.7481399119e+00,
3.7481483421e+00,
3.7481506353e+00,
3.7481509738e+00,
3.7481510042e+00,
3.7481516053e+00,
3.7481556779e+00,
3.7481706490e+00,
3.7482105562e+00,
3.7482978895e+00,
3.7484651336e+00,
3.7487559422e+00,
3.7492258853e+00,
3.7499427124e+00,
3.7509860861e+00,
3.7524467477e+00,
3.7544250917e+00,
3.7570291426e+00,
3.7603719517e+00,
3.7645684555e+00,
3.7697318712e+00,
3.7759697353e+00,
3.7833797256e+00,
3.7920454397e+00,
3.8020323239e+00,
3.8133839697e+00,
3.8261189930e+00,
3.8402287057e+00,
3.8556757600e+00,
3.8723939024e+00,
3.8902889120e+00,
3.9092407263e+00,
3.9291066730e+00,
3.9497256485e+00,
3.9709230077e+00,
3.9925158819e+00,
4.0143186078e+00,
4.0361479590e+00,
4.0578278999e+00,
4.0791936418e+00,
4.1000948538e+00,
4.1203979615e+00,
4.1399875417e+00,
4.1587668881e+00,
4.1766578644e+00,
4.1936001917e+00,
4.2095503218e+00,
4.2244800436e+00,
4.2383749484e+00,
4.2512328592e+00,
4.2630622995e+00,
4.2738810545e+00,
4.2837148540e+00,
4.2925961881e+00,
4.3005632545e+00,
4.3076590239e+00,
4.3139304080e+00,
4.3194275071e+00,
4.3242029182e+00,
4.3283110821e+00,
4.3318076529e+00,
4.3347488775e+00,
4.3371909752e+00,
4.3391895138e+00,
4.3407987859e+00,
4.3420711893e+00,
4.3430566263e+00,
4.3438019352e+00,
4.3443503749e+00,
4.3447411815e+00,
4.3450092182e+00,
4.3451847378e+00,
4.3452932722e+00,
4.3453556627e+00,
4.3453882344e+00,
4.3454031163e+00,
4.3454086989e+00,
4.3454102175e+00,
4.3454104416e+00,
4.3454104623e+00,
4.3454108771e+00,
4.3454136872e+00,
4.3454240173e+00,
4.3454515527e+00,
4.3455118091e+00,
4.3456271910e+00,
4.3458277904e+00,
4.3461518763e+00,
4.3466460296e+00,
4.3473648808e+00,
4.3483704142e+00,
4.3497308129e+00,
4.3515188370e+00,
4.3538097489e+00,
4.3566788286e+00,
4.3601985578e+00,
4.3644355869e+00,
4.3694476351e+00,
4.3752805015e+00,
4.3819653833e+00,
4.3895166950e+00,
4.3979305628e+00,
4.4071841262e+00,
4.4172357189e+00,
4.4280259310e+00,
4.4394794760e+00,
4.4515077262e+00,
4.4640117227e+00,
4.4768854452e+00,
4.4900191223e+00,
4.5033023897e+00,
4.5166271381e+00,
4.5298899488e+00,
4.5429940598e+00,
4.5558508523e+00,
4.5683808804e+00,
4.5805144882e+00,
4.5921920740e+00,
4.6033640589e+00,
4.6139906222e+00,
4.6240412551e+00,
4.6334941843e+00,
4.6423357065e+00,
4.6505594706e+00,
4.6581657400e+00,
4.6651606587e+00,
4.6715555416e+00,
4.6773662023e+00,
4.6826123278e+00,
4.6873169027e+00,
4.6915056825e+00,
4.6952067131e+00,
4.6984498879e+00,
4.7012665367e+00,
4.7036890365e+00,
4.7057504370e+00,
4.7074840932e+00,
4.7089233009e+00,
4.7101009327e+00,
4.7110490748e+00,
4.7117986676e+00,
4.7123791578e+00,
4.7128181688e+00,
4.7131412024e+00,
4.7133713815e+00,
4.7135292472e+00,
4.7136326213e+00,
4.7136965432e+00,
4.7137332881e+00,
4.7137524712e+00,
4.7137612358e+00,
4.7137645237e+00,
4.7137654181e+00,
4.7137655501e+00,
4.7137655627e+00,
4.7137658197e+00,
4.7137675609e+00,
4.7137739616e+00,
4.7137910230e+00,
4.7138283586e+00,
4.7138998495e+00,
4.7140241371e+00,
4.7142249239e+00,
4.7145310498e+00,
4.7149763196e+00,
4.7155990544e+00,
4.7164413526e+00,
4.7175480517e+00,
4.7189654005e+00,
4.7207394681e+00,
4.7229143390e+00,
4.7255301690e+00,
4.7286211969e+00,
4.7322138288e+00,
4.7363249204e+00,
4.7409603860e+00,
4.7461142469e+00,
4.7517682103e+00,
4.7578918292e+00,
4.7644432522e+00,
4.7713705210e+00,
4.7786133318e+00,
4.7861051390e+00,
4.7937754554e+00,
4.8015521992e+00,
4.8093639405e+00,
4.8171419273e+00,
4.8248217984e+00,
4.8323449286e+00,
4.8396593857e+00,
4.8467205120e+00,
4.8534911646e+00,
4.8599416639e+00,
4.8660495093e+00,
4.8717989181e+00,
4.8771802438e+00,
4.8821893199e+00,
4.8868267708e+00,
4.8910973217e+00,
4.8950091332e+00,
4.8985731796e+00,
4.9018026827e+00,
4.9047126095e+00,
4.9073192364e+00,
4.9096397788e+00,
4.9116920823e+00,
4.9134943692e+00,
4.9150650319e+00,
4.9164224641e+00,
4.9175849221e+00,
4.9185704044e+00,
4.9193965450e+00,
4.9200805111e+00,
4.9206389022e+00,
4.9210876457e+00,
4.9214418909e+00,
4.9217158998e+00,
4.9219229395e+00,
4.9220751808e+00,
4.9221836077e+00,
4.9222579454e+00,
4.9223066121e+00,
4.9223367008e+00,
4.9223539956e+00,
4.9223630240e+00,
4.9223671490e+00,
4.9223686963e+00,
4.9223691172e+00,
4.9223691794e+00,
4.9223691855e+00,
4.9223693135e+00,
4.9223701809e+00,
4.9223733692e+00,
4.9223818676e+00,
4.9224004637e+00,
4.9224360676e+00,
4.9224979525e+00,
4.9225978927e+00,
4.9227501820e+00,
4.9229715128e+00,
4.9232807002e+00,
4.9236982386e+00,
4.9242456824e+00,
4.9249448582e+00,
4.9258169222e+00,
4.9268812991e+00,
4.9281545508e+00,
4.9296492440e+00,
4.9313728960e+00,
4.9333270864e+00,
4.9355068198e+00,
4.9379002139e+00,
4.9404885654e+00,
4.9432468141e+00,
4.9461443938e+00,
4.9491464194e+00,
4.9522151292e+00,
4.9553114756e+00,
4.9583967478e+00,
4.9614341063e+00,
4.9643899249e+00,
4.9672348588e+00,
4.9699445853e+00,
4.9725002016e+00,
4.9748882911e+00,
4.9771006992e+00,
4.9791340773e+00,
4.9809892628e+00,
4.9826705658e+00,
4.9841850229e+00,
4.9855416747e+00,
4.9867509022e+00,
4.9878238494e+00,
4.9887719444e+00,
4.9896065212e+00,
4.9903385371e+00,
4.9909783758e+00,
4.9915357236e+00,
4.9920195043e+00,
4.9924378603e+00,
4.9927981676e+00,
4.9931070739e+00,
4.9933705523e+00,
4.9935939622e+00,
4.9937821140e+00,
4.9939393313e+00,
4.9940695093e+00,
4.9941761672e+00,
4.9942624927e+00,
4.9943313783e+00,
4.9943854501e+00,
4.9944270886e+00,
4.9944584428e+00,
4.9944814392e+00,
4.9944977867e+00,
4.9945089799e+00,
4.9945163014e+00,
4.9945208254e+00,
4.9945234248e+00,
4.9945247816e+00,
4.9945254014e+00,
4.9945256339e+00,
4.9945256971e+00,
4.9945257065e+00,
4.9945257074e+00,
4.9945257279e+00,
4.9945258663e+00,
4.9945263754e+00,
4.9945277321e+00,
4.9945307003e+00,
4.9945363806e+00,
4.9945462460e+00,
4.9945621573e+00,
4.9945863537e+00,
4.9946214136e+00,
4.9946701802e+00,
4.9947356474e+00,
4.9948208065e+00,
4.9949284538e+00,
4.9950609699e+00,
4.9952200824e+00,
4.9954066364e+00,
4.9956203944e+00,
4.9958598981e+00,
4.9961224149e+00,
4.9964039910e+00,
4.9966996161e+00,
4.9970034944e+00,
4.9973093969e+00,
4.9976110596e+00,
4.9979025840e+00,
4.9981787948e+00,
4.9984355176e+00,
4.9986697502e+00,
4.9988797168e+00,
4.9990648101e+00,
4.9992254427e+00,
4.9993628392e+00,
4.9994788070e+00,
4.9995755162e+00,
4.9996553081e+00,
4.9997205399e+00,
4.9997734648e+00,
4.9998161450e+00,
4.9998504021e+00,
4.9998778016e+00,
4.9998996669e+00,
4.9999171061e+00,
4.9999310376e+00,
4.9999422094e+00,
4.9999512167e+00,
4.9999585250e+00,
4.9999644983e+00,
4.9999694266e+00,
4.9999735451e+00,
4.9999770422e+00,
4.9999800625e+00,
4.9999827097e+00,
4.9999850541e+00,
4.9999871420e+00,
4.9999890052e+00,
4.9999906680e+00,
4.9999921499e+00,
4.9999934673e+00,
4.9999946331e+00,
4.9999956576e+00,
4.9999965491e+00,
4.9999973146e+00,
4.9999979612e+00,
4.9999984967e+00,
4.9999989297e+00,
4.9999992699e+00,
4.9999995281e+00,
5.0000000000e+00,
5.0000000000e+00,
5.0000000000e+00,
5.0000000000e+00,
5.0000000000e+00,
5.0000000000e+00,
