0.0000000000e+00,
2.2012689982e-07,
7.0268877010e-06,
5.3143810902e-05,
2.2267625780e-04,
6.7460102620e-04,
1.6636958514e-03,
3.5581931393e-03,
6.8535596707e-03,
1.2181943870e-02,
2.0316984245e-02,
3.2173821514e-02,
4.8804282908e-02,
7.1387288208e-02,
1.0121454352e-01,
1.3967153137e-01,
1.8821368445e-01,
2.4833748396e-01,
3.2154612262e-01,
4.0930941326e-01,
5.1301790819e-01,
6.3393179402e-01,
7.7312604540e-01,
9.3143445719e-01,
1.1093963160e+00,
1.3072103219e+00,
1.5247006219e+00,
1.7612992456e+00,
2.0160477935e+00,
2.2876191013e+00,
2.5743571817e+00,
2.8743315192e+00,
3.1854002574e+00,
3.5052762691e+00,
3.8315906146e+00,
4.1619492583e+00,
4.4939807642e+00,
4.8253745463e+00,
5.1539107391e+00,
5.4774836151e+00,
5.7941206710e+00,
6.1019991324e+00,
6.3994609361e+00,
6.6850264746e+00,
6.9574067709e+00,
7.2155134026e+00,
7.4584654527e+00,
7.6855929514e+00,
7.8964365768e+00,
8.0907436969e+00,
8.2684610588e+00,
8.4297245588e+00,
8.5748465455e+00,
8.7043010713e+00,
8.8187074390e+00,
8.9188123331e+00,
9.0054707827e+00,
9.0796261963e+00,
9.1422897177e+00,
9.1945191857e+00,
9.2373980218e+00,
9.2720144119e+00,
9.2994411886e+00,
9.3207168502e+00,
9.3368281654e+00,
9.3486948091e+00,
9.3571564506e+00,
9.3629626676e+00,
9.3667659906e+00,
9.3691182982e+00,
9.3704706770e+00,
9.3711767509e+00,
9.3714993643e+00,
9.3716203881e+00,
9.3716533095e+00,
9.3716581687e+00,
9.3716588338e+00,
9.3716745423e+00,
9.3717809698e+00,
9.3721722059e+00,
9.3732150802e+00,
9.3754972949e+00,
9.3798676638e+00,
9.3874666924e+00,
9.3997458460e+00,
9.4184739927e+00,
9.4457296943e+00,
9.4838783003e+00,
9.5355331907e+00,
9.6035010722e+00,
9.6907119507e+00,
9.8001353144e+00,
9.9346851059e+00,
1.0097117191e+01,
1.0289924108e+01,
1.0515232720e+01,
1.0774710727e+01,
1.1069487568e+01,
1.1400093908e+01,
1.1766421781e+01,
1.2167705158e+01,
1.2602519300e+01,
1.3068797324e+01,
1.3563864094e+01,
1.4084489478e+01,
1.4626963522e+01,
1.5187194131e+01,
1.5760823757e+01,
1.6343357046e+01,
1.6930288316e+01,
1.7517217487e+01,
1.8099945676e+01,
1.8674546184e+01,
1.9237411464e+01,
1.9785280428e+01,
2.0315252204e+01,
2.0824792142e+01,
2.1311734084e+01,
2.1774280563e+01,
2.2211000686e+01,
2.2620824437e+01,
2.3003032226e+01,
2.3357239219e+01,
2.3683374914e+01,
2.3981659113e+01,
2.4252575684e+01,
2.4496845381e+01,
2.4715398606e+01,
2.4909348632e+01,
2.5079965401e+01,
2.5228649859e+01,
2.5356908621e+01,
2.5466328820e+01,
2.5558552985e+01,
2.5635253939e+01,
2.5698109810e+01,
2.5748779359e+01,
2.5788877981e+01,
2.5819954823e+01,
2.5843471558e+01,
2.5860783412e+01,
2.5873123065e+01,
2.5881588008e+01,
2.5887131902e+01,
2.5890560330e+01,
2.5892531249e+01,
2.5893560222e+01,
2.5894030362e+01,
2.5894206727e+01,
2.5894254702e+01,
2.5894261783e+01,
2.5894262455e+01,
2.5894276160e+01,
2.5894369008e+01,
2.5894710328e+01,
2.5895620141e+01,
2.5897611153e+01,
2.5901423823e+01,
2.5908052974e+01,
2.5918764452e+01,
2.5935100477e+01,
2.5958872443e+01,
2.5992140204e+01,
2.6037177173e+01,
2.6096421072e+01,
2.6172410775e+01,
2.6267710491e+01,
2.6384823427e+01,
2.6526098014e+01,
2.6693630726e+01,
2.6889170239e+01,
2.7114028115e+01,
2.7369001240e+01,
2.7654310714e+01,
2.7969561017e+01,
2.8313722002e+01,
2.8685135043e+01,
2.9081543537e+01,
2.9500147178e+01,
2.9937678716e+01,
3.0390501047e+01,
3.0854721069e+01,
3.1326314813e+01,
3.1801256252e+01,
3.2275640653e+01,
3.2745793063e+01,
3.3208353953e+01,
3.3660336985e+01,
3.4099157793e+01,
3.4522636502e+01,
3.4928979747e+01,
3.5316749521e+01,
3.5684826199e+01,
3.6032371819e+01,
3.6358797675e+01,
3.6663738085e+01,
3.6947030310e+01,
3.7208699360e+01,
3.7448945831e+01,
3.7668134986e+01,
3.7866785658e+01,
3.8045558168e+01,
3.8205240923e+01,
3.8346735791e+01,
3.8471042482e+01,
3.8579242272e+01,
3.8672481319e+01,
3.8751953755e+01,
3.8818884680e+01,
3.8874513146e+01,
3.8920075220e+01,
3.8956787277e+01,
3.8985829728e+01,
3.9008331470e+01,
3.9025355419e+01,
3.9037885526e+01,
3.9046815736e+01,
3.9052941298e+01,
3.9056952845e+01,
3.9059433555e+01,
3.9060859624e+01,
3.9061604132e+01,
3.9061944298e+01,
3.9062071905e+01,
3.9062106617e+01,
3.9062111741e+01,
3.9062112197e+01,
3.9062121172e+01,
3.9062181982e+01,
3.9062405522e+01,
3.9063001387e+01,
3.9064305358e+01,
3.9066802371e+01,
3.9071143922e+01,
3.9078158943e+01,
3.9088857229e+01,
3.9104424603e+01,
3.9126209149e+01,
3.9155698061e+01,
3.9194484952e+01,
3.9244227908e+01,
3.9306599041e+01,
3.9383226933e+01,
3.9475634003e+01,
3.9585171487e+01,
3.9712955363e+01,
3.9859807060e+01,
4.0026203105e+01,
4.0212237926e+01,
4.0417603608e+01,
4.0641589352e+01,
4.0883101493e+01,
4.1140702243e+01,
4.1412662280e+01,
4.1697019881e+01,
4.1991638816e+01,
4.2294259231e+01,
4.2602539776e+01,
4.2914093469e+01,
4.3226522245e+01,
4.3537454831e+01,
4.3844590080e+01,
4.4145744529e+01,
4.4438900369e+01,
4.4722248815e+01,
4.4994224366e+01,
4.5253526931e+01,
4.5499130752e+01,
4.5730280912e+01,
4.5946479513e+01,
4.6147464350e+01,
4.6333183032e+01,
4.6503765200e+01,
4.6659494969e+01,
4.6800785038e+01,
4.6928153375e+01,
4.7042202791e+01,
4.7143603416e+01,
4.7233077790e+01,
4.7311388155e+01,
4.7379325483e+01,
4.7437699770e+01,
4.7487331182e+01,
4.7529041707e+01,
4.7563647053e+01,
4.7591948644e+01,
4.7614725635e+01,
4.7632726995e+01,
4.7646663772e+01,
4.7657201732e+01,
4.7664954632e+01,
4.7670478398e+01,
4.7674266524e+01,
4.7676746949e+01,
4.7678280681e+01,
4.7679162316e+01,
4.7679622578e+01,
4.7679832868e+01,
4.7679911754e+01,
4.7679933212e+01,
4.7679936380e+01,
4.7679936660e+01,
4.7679942151e+01,
4.7679979353e+01,
4.7680116109e+01,
4.7680480641e+01,
4.7681278349e+01,
4.7682805823e+01,
4.7685461386e+01,
4.7689751531e+01,
4.7696292617e+01,
4.7705807249e+01,
4.7719114826e+01,
4.7737115916e+01,
4.7760770303e+01,
4.7791068899e+01,
4.7829000067e+01,
4.7875511422e+01,
4.7931468635e+01,
4.7997613310e+01,
4.8074522386e+01,
4.8162571770e+01,
4.8261906938e+01,
4.8372422929e+01,
4.8493755587e+01,
4.8625285012e+01,
4.8766151124e+01,
4.8915280193e+01,
4.9071420211e+01,
4.9233182446e+01,
4.9399086303e+01,
4.9567604894e+01,
4.9737209258e+01,
4.9906409771e+01,
5.0073793753e+01,
5.0238058383e+01,
5.0398037934e+01,
5.0552724111e+01,
5.0701278324e+01,
5.0843035196e+01,
5.0977497496e+01,
5.1104323802e+01,
5.1223311052e+01,
5.1334374542e+01,
5.1437527750e+01,
5.1532863764e+01,
5.1620539327e+01,
5.1700761808e+01,
5.1773778939e+01,
5.1839870863e+01,
5.1899343972e+01,
5.1952526052e+01,
5.1999762303e+01,
5.2041411937e+01,
5.2077845107e+01,
5.2109439997e+01,
5.2136579946e+01,
5.2159650523e+01,
5.2179036485e+01,
5.2195118593e+01,
5.2208270284e+01,
5.2218854216e+01,
5.2227218760e+01,
5.2233694506e+01,
5.2238590915e+01,
5.2242193223e+01,
5.2244759770e+01,
5.2246519865e+01,
5.2247672354e+01,
5.2248384976e+01,
5.2248794612e+01,
5.2249008464e+01,
5.2249106172e+01,
5.2249142825e+01,
5.2249152795e+01,
5.2249154267e+01,
5.2249154399e+01,
5.2249157012e+01,
5.2249174719e+01,
5.2249239809e+01,
5.2249413311e+01,
5.2249792984e+01,
5.2250519990e+01,
5.2251783897e+01,
5.2253825739e+01,
5.2256938797e+01,
5.2261466839e+01,
5.2267799569e+01,
5.2276365123e+01,
5.2287619538e+01,
5.2302033304e+01,
5.2320075284e+01,
5.2342194515e+01,
5.2368800671e+01,
5.2400244157e+01,
5.2436797013e+01,
5.2478635854e+01,
5.2525828087e+01,
5.2578322450e+01,
5.2635944687e+01,
5.2698398799e+01,
5.2765273923e+01,
5.2836056496e+01,
5.2910146992e+01,
5.2986880223e+01,
5.3065547964e+01,
5.3145422503e+01,
5.3225779702e+01,
5.3305920198e+01,
5.3385187608e+01,
5.3462982908e+01,
5.3538774545e+01,
5.3612104301e+01,
5.3682589259e+01,
5.3749920542e+01,
5.3813859622e+01,
5.3874233016e+01,
5.3930926121e+01,
5.3983876737e+01,
5.4033068713e+01,
5.4078525917e+01,
5.4120306673e+01,
5.4158498662e+01,
5.4193214292e+01,
5.4224586488e+01,
5.4252764895e+01,
5.4277912450e+01,
5.4300202322e+01,
5.4319815203e+01,
5.4336936911e+01,
5.4351756291e+01,
5.4364463341e+01,
5.4375247537e+01,
5.4384296284e+01,
5.4391793448e+01,
5.4397917927e+01,
5.4402842236e+01,
5.4406731102e+01,
5.4409740070e+01,
5.4412014166e+01,
5.4413686657e+01,
5.4414877963e+01,
5.4415694798e+01,
5.4416229588e+01,
5.4416560241e+01,
5.4416750301e+01,
5.4416849520e+01,
5.4416894852e+01,
5.4416911857e+01,
5.4416916483e+01,
5.4416917166e+01,
5.4416917229e+01,
5.4416918492e+01,
5.4416927052e+01,
5.4416958518e+01,
5.4417042391e+01,
5.4417225926e+01,
5.4417577340e+01,
5.4418188216e+01,
5.4419174916e+01,
5.4420678868e+01,
5.4422865539e+01,
5.4425921977e+01,
5.4430052787e+01,
5.4435474511e+01,
5.4442408418e+01,
5.4451071844e+01,
5.4461668337e+01,
5.4474377012e+01,
5.4489341628e+01,
5.4506660061e+01,
5.4526374886e+01,
5.4548465849e+01,
5.4572844967e+01,
5.4599354911e+01,
5.4627771185e+01,
5.4657808402e+01,
5.4689130672e+01,
5.4721365777e+01,
5.4754122356e+01,
5.4787008845e+01,
5.4819652490e+01,
5.4851716450e+01,
5.4882913094e+01,
5.4913012063e+01,
5.4941842507e+01,
5.4969289911e+01,
5.4995288794e+01,
5.5019813040e+01,
5.5042865646e+01,
5.5064469313e+01,
5.5084658751e+01,
5.5103475018e+01,
5.5120961817e+01,
5.5137163398e+01,
5.5152123655e+01,
5.5165886004e+01,
5.5178493705e+01,
5.5189990381e+01,
5.5200420571e+01,
5.5209830215e+01,
5.5218267020e+01,
5.5225780688e+01,
5.5232422991e+01,
5.5238247712e+01,
5.5243310461e+01,
5.5247668372e+01,
5.5251379697e+01,
5.5254503320e+01,
5.5257098190e+01,
5.5259222711e+01,
5.5260934087e+01,
5.5262287654e+01,
5.5263336221e+01,
5.5264129437e+01,
5.5264713219e+01,
5.5265129257e+01,
5.5265414622e+01,
5.5265601498e+01,
5.5265717060e+01,
5.5265783491e+01,
5.5265818172e+01,
5.5265834018e+01,
5.5265839963e+01,
5.5265841580e+01,
5.5265841818e+01,
5.5265841841e+01,
5.5265842306e+01,
5.5265845454e+01,
5.5265857026e+01,
5.5265887872e+01,
5.5265955375e+01,
5.5266084634e+01,
5.5266309364e+01,
5.5266672447e+01,
5.5267226094e+01,
5.5268031560e+01,
5.5269158389e+01,
5.5270683160e+01,
5.5272687720e+01,
5.5275256943e+01,
5.5278476059e+01,
5.5282427658e+01,
5.5287188494e+01,
5.5292826262e+01,
5.5299396539e+01,
5.5306940075e+01,
5.5315480620e+01,
5.5325023423e+01,
5.5335554502e+01,
5.5347040696e+01,
5.5359430484e+01,
5.5372655480e+01,
5.5386632457e+01,
5.5401265775e+01,
5.5416450023e+01,
5.5432072737e+01,
5.5448017060e+01,
5.5464164240e+01,
5.5480395915e+01,
5.5496596154e+01,
5.5512653264e+01,
5.5528461376e+01,
5.5543921831e+01,
5.5558944376e+01,
5.5573448163e+01,
5.5587362545e+01,
5.5600627630e+01,
5.5613194599e+01,
5.5625025760e+01,
5.5636094343e+01,
5.5646384081e+01,
5.5655888577e+01,
5.5664610536e+01,
5.5672560878e+01,
5.5679757806e+01,
5.5686225855e+01,
5.5691994954e+01,
5.5697099529e+01,
5.5701577663e+01,
5.5705470306e+01,
5.5708820541e+01,
5.5711672907e+01,
5.5714072751e+01,
5.5716065616e+01,
5.5717696659e+01,
5.5719010085e+01,
5.5720048603e+01,
5.5720852916e+01,
5.5721461242e+01,
5.5721908883e+01,
5.5722227863e+01,
5.5722446638e+01,
5.5722589898e+01,
5.5722678485e+01,
5.5722729409e+01,
5.5722755994e+01,
5.5722768141e+01,
5.5722772697e+01,
5.5722773937e+01,
5.5722774120e+01,
5.5722774138e+01,
5.5722774515e+01,
5.5722777069e+01,
5.5722786458e+01,
5.5722811485e+01,
5.5722866250e+01,
5.5722971116e+01,
5.5723153423e+01,
5.5723447935e+01,
5.5723896942e+01,
5.5724550005e+01,
5.5725463281e+01,
5.5726698425e+01,
5.5728321030e+01,
5.5730398631e+01,
5.5732998294e+01,
5.5736183853e+01,
5.5740012893e+01,
5.5744533608e+01,
5.5749781703e+01,
5.5755777514e+01,
5.5762523579e+01,
5.5770002827e+01,
5.5778177602e+01,
5.5786989670e+01,
5.5796361280e+01,
5.5806197335e+01,
5.5816388572e+01,
5.5826815608e+01,
5.5837353596e+01,
5.5847877176e+01,
5.5858265351e+01,
5.5868405962e+01,
5.5878199420e+01,
5.5887561494e+01,
5.5896425013e+01,
5.5904740480e+01,
5.5912475688e+01,
5.5919614500e+01,
5.5926155019e+01,
5.5932107369e+01,
5.5937491312e+01,
5.5942333887e+01,
5.5946667209e+01,
5.5950526523e+01,
5.5953948575e+01,
5.5956970301e+01,
5.5959627831e+01,
5.5961955777e+01,
5.5963986769e+01,
5.5965751187e+01,
5.5967277053e+01,
5.5968590040e+01,
5.5969713562e+01,
5.5970668921e+01,
5.5971475480e+01,
5.5972150847e+01,
5.5972711058e+01,
5.5973170737e+01,
5.5973543245e+01,
5.5973840796e+01,
5.5974074546e+01,
5.5974254660e+01,
5.5974390353e+01,
5.5974489911e+01,
5.5974560703e+01,
5.5974609184e+01,
5.5974640899e+01,
5.5974660497e+01,
5.5974671759e+01,
5.5974677637e+01,
5.5974680322e+01,
5.5974681330e+01,
5.5974681604e+01,
5.5974681644e+01,
5.5974681648e+01,
5.5974681737e+01,
5.5974682337e+01,
5.5974684542e+01,
5.5974690421e+01,
5.5974703281e+01,
5.5974727893e+01,
5.5974770645e+01,
5.5974839608e+01,
5.5974944508e+01,
5.5975096567e+01,
5.5975308193e+01,
5.5975592514e+01,
5.5975962740e+01,
5.5976431363e+01,
5.5977009232e+01,
5.5977704551e+01,
5.5978521888e+01,
5.5979461296e+01,
5.5980517658e+01,
5.5981680373e+01,
5.5982933465e+01,
5.5984256165e+01,
5.5985623944e+01,
5.5987009930e+01,
5.5988386570e+01,
5.5989727343e+01,
5.5991008366e+01,
5.5992209689e+01,
5.5993316173e+01,
5.5994317891e+01,
5.5995210050e+01,
5.5995992516e+01,
5.5996669047e+01,
5.5997246371e+01,
5.5997733224e+01,
5.5998139468e+01,
5.5998475339e+01,
5.5998750869e+01,
5.5998975465e+01,
5.5999157655e+01,
5.5999304946e+01,
5.5999423789e+01,
5.5999519628e+01,
5.5999596990e+01,
5.5999659604e+01,
5.5999710518e+01,
5.5999752204e+01,
5.5999786645e+01,
5.5999815412e+01,
5.5999839736e+01,
5.5999860571e+01,
5.5999878650e+01,
5.5999894527e+01,
5.5999908614e+01,
5.5999921209e+01,
5.5999932522e+01,
5.5999942694e+01,
5.5999951821e+01,
5.5999959970e+01,
5.5999967191e+01,
5.5999973527e+01,
5.5999979019e+01,
5.5999983714e+01,
5.5999987662e+01,
5.5999990917e+01,
5.5999993541e+01,
5.5999995598e+01,
5.5999997156e+01,
5.5999998287e+01,
5.5999999061e+01,
5.5999999552e+01,
5.6000000000e+01,
5.6000000000e+01,
5.6000000000e+01,
