0.0000000000e+00,
3.9458498691e-09,
1.2595939003e-07,
9.5262045985e-07,
3.9915345198e-06,
1.2092321380e-05,
2.9821495600e-05,
6.3778052130e-05,
1.2283838734e-04,
2.1832136638e-04,
3.6406681852e-04,
5.7642341116e-04,
8.7414461706e-04,
1.2781942396e-03,
1.8114655876e-03,
2.4984207982e-03,
3.3646589084e-03,
4.4364230183e-03,
5.7400582472e-03,
7.3014331500e-03,
9.1453378866e-03,
1.1294872765e-02,
1.3770840884e-02,
1.6591158566e-02,
1.9770297141e-02,
2.3318769441e-02,
2.7242674147e-02,
3.1543310733e-02,
3.6216877232e-02,
4.1254262200e-02,
4.6640940990e-02,
5.2356984678e-02,
5.8377187652e-02,
6.4671316922e-02,
7.1204482767e-02,
7.7937626465e-02,
8.4828116785e-02,
9.1830442872e-02,
9.8896987382e-02,
1.0597886046e-01,
1.1302677265e-01,
1.1999192313e-01,
1.2682687902e-01,
1.3348642199e-01,
1.3992833925e-01,
1.4611413866e-01,
1.5200966990e-01,
1.5758563740e-01,
1.6281799400e-01,
1.6768820828e-01,
1.7218340207e-01,
1.7629635859e-01,
1.8002540473e-01,
1.8337417464e-01,
1.8635126405e-01,
1.8896978777e-01,
1.9124685452e-01,
1.9320297511e-01,
1.9486142126e-01,
1.9624755309e-01,
1.9738813376e-01,
1.9831064984e-01,
1.9904265506e-01,
1.9961115471e-01,
2.0004204593e-01,
2.0035962797e-01,
2.0058619373e-01,
2.0074171201e-01,
2.0084360666e-01,
2.0090663652e-01,
2.0094287660e-01,
2.0096179840e-01,
2.0097044420e-01,
2.0097368758e-01,
2.0097456987e-01,
2.0097470009e-01,
2.0097471791e-01,
2.0097513890e-01,
2.0097799113e-01,
2.0098847629e-01,
2.0101642637e-01,
2.0107759689e-01,
2.0119475518e-01,
2.0139852389e-01,
2.0172794739e-01,
2.0223075668e-01,
2.0296331742e-01,
2.0399025482e-01,
2.0538375818e-01,
2.0722257657e-01,
2.0959072512e-01,
2.1257592796e-01,
2.1626782993e-01,
2.2075601353e-01,
2.2612786144e-01,
2.3246630866e-01,
2.3984753169e-01,
2.4833862680e-01,
2.5799533464e-01,
2.6885987470e-01,
2.8095895980e-01,
2.9430206622e-01,
3.0888003856e-01,
3.2466410763e-01,
3.4160539306e-01,
3.5963494901e-01,
3.7866439141e-01,
3.9858711847e-01,
4.1928010607e-01,
4.4060622731e-01,
4.6241701575e-01,
4.8455576620e-01,
5.0686084940e-01,
5.2916910830e-01,
5.5131920481e-01,
5.7315479603e-01,
5.9452743662e-01,
6.1529912674e-01,
6.3534445000e-01,
6.5455227132e-01,
6.7282698741e-01,
6.9008934215e-01,
7.0627683387e-01,
7.2134375145e-01,
7.3526088195e-01,
7.4801493369e-01,
7.5960771775e-01,
7.7005512756e-01,
7.7938595186e-01,
7.8764055232e-01,
7.9486943287e-01,
8.0113172535e-01,
8.0649361401e-01,
8.1102672143e-01,
8.1480647873e-01,
8.1791050474e-01,
8.2041702075e-01,
8.2240332941e-01,
8.2394438824e-01,
8.2511150874e-01,
8.2597121195e-01,
8.2658426938e-01,
8.2700495519e-01,
8.2728053027e-01,
8.2745097303e-01,
8.2754896432e-01,
8.2760012565e-01,
8.2762350193e-01,
8.2763227121e-01,
8.2763465667e-01,
8.2763500876e-01,
8.2763504219e-01,
8.2763572360e-01,
8.2764034029e-01,
8.2765731172e-01,
8.2770255127e-01,
8.2780155658e-01,
8.2799116239e-01,
8.2832088467e-01,
8.2885379323e-01,
8.2966685885e-01,
8.3085073177e-01,
8.3250892110e-01,
8.3475635975e-01,
8.3771735694e-01,
8.4152296087e-01,
8.4630777683e-01,
8.5220631119e-01,
8.5934893762e-01,
8.6785760836e-01,
8.7784145793e-01,
8.8939246845e-01,
9.0258138166e-01,
9.1745405136e-01,
9.3402842848e-01,
9.5229235719e-01,
9.7220233303e-01,
9.9368333293e-01,
1.0166297720e+00,
1.0409075788e+00,
1.0663573105e+00,
1.0927981644e+00,
1.1200326821e+00,
1.1478519019e+00,
1.1760406919e+00,
1.2043829994e+00,
1.2326667757e+00,
1.2606883761e+00,
1.2882562945e+00,
1.3151941489e+00,
1.3413428967e+00,
1.3665623087e+00,
1.3907317725e+00,
1.4137505195e+00,
1.4355373867e+00,
1.4560302201e+00,
1.4751850205e+00,
1.4929749173e+00,
1.5093890365e+00,
1.5244313115e+00,
1.5381192675e+00,
1.5504827975e+00,
1.5615629345e+00,
1.5714106193e+00,
1.5800854578e+00,
1.5876544606e+00,
1.5941907607e+00,
1.5997723042e+00,
1.6044805166e+00,
1.6083989524e+00,
1.6116119378e+00,
1.6142032264e+00,
1.6162546904e+00,
1.6178450744e+00,
1.6190488423e+00,
1.6199351506e+00,
1.6205669790e+00,
1.6210004489e+00,
1.6212843556e+00,
1.6214599347e+00,
1.6215608731e+00,
1.6216135714e+00,
1.6216376496e+00,
1.6216466821e+00,
1.6216491392e+00,
1.6216495018e+00,
1.6216495341e+00,
1.6216501694e+00,
1.6216544738e+00,
1.6216702970e+00,
1.6217124754e+00,
1.6218047791e+00,
1.6219815421e+00,
1.6222889040e+00,
1.6227856008e+00,
1.6235432463e+00,
1.6246460551e+00,
1.6261899692e+00,
1.6282811669e+00,
1.6310339508e+00,
1.6345680390e+00,
1.6390053161e+00,
1.6444661320e+00,
1.6510652781e+00,
1.6589078053e+00,
1.6680848767e+00,
1.6786698724e+00,
1.6907149643e+00,
1.7042483712e+00,
1.7192724648e+00,
1.7357628520e+00,
1.7536684845e+00,
1.7729127757e+00,
1.7933956275e+00,
1.8149962046e+00,
1.8375762496e+00,
1.8609837089e+00,
1.8850564486e+00,
1.9096258660e+00,
1.9345202560e+00,
1.9595678433e+00,
1.9845994516e+00,
2.0094508246e+00,
2.0339646421e+00,
2.0579922901e+00,
2.0813954325e+00,
2.1040474199e+00,
2.1258345433e+00,
2.1466571177e+00,
2.1664303649e+00,
2.1850850540e+00,
2.2025678618e+00,
2.2188414284e+00,
2.2338840963e+00,
2.2476893493e+00,
2.2602649785e+00,
2.2716320211e+00,
2.2818235258e+00,
2.2908831946e+00,
2.2988639521e+00,
2.3058264805e+00,
2.3118377509e+00,
2.3169695711e+00,
2.3212971628e+00,
2.3248977766e+00,
2.3278493520e+00,
2.3302292299e+00,
2.3321129288e+00,
2.3335729996e+00,
2.3346779792e+00,
2.3354914645e+00,
2.3360713328e+00,
2.3364691326e+00,
2.3367296668e+00,
2.3368907873e+00,
2.3369834122e+00,
2.3370317698e+00,
2.3370538646e+00,
2.3370621531e+00,
2.3370644077e+00,
2.3370647405e+00,
2.3370647699e+00,
2.3370653469e+00,
2.3370692557e+00,
2.3370836248e+00,
2.3371219270e+00,
2.3372057476e+00,
2.3373662630e+00,
2.3376453664e+00,
2.3380963793e+00,
2.3387842963e+00,
2.3397855137e+00,
2.3411870044e+00,
2.3430849123e+00,
2.3455825555e+00,
2.3487878490e+00,
2.3528101799e+00,
2.3577567983e+00,
2.3637288134e+00,
2.3708169201e+00,
2.3790970072e+00,
2.3886258320e+00,
2.3994369688e+00,
2.4115372677e+00,
2.4249040786e+00,
2.4394835117e+00,
2.4551900151e+00,
2.4719075281e+00,
2.4894924163e+00,
2.5077782786e+00,
2.5265825216e+00,
2.5457143405e+00,
2.5649834490e+00,
2.5842086575e+00,
2.6032252961e+00,
2.6218905940e+00,
2.6400864738e+00,
2.6577197008e+00,
2.6747198092e+00,
2.6910355562e+00,
2.7066307654e+00,
2.7214803101e+00,
2.7355667589e+00,
2.7488779318e+00,
2.7614053877e+00,
2.7731437128e+00,
2.7840904046e+00,
2.7942461324e+00,
2.8036151825e+00,
2.8122059383e+00,
2.8200312898e+00,
2.8271089093e+00,
2.8334613618e+00,
2.8391160408e+00,
2.8441049369e+00,
2.8484642530e+00,
2.8522338898e+00,
2.8554568212e+00,
2.8581783862e+00,
2.8604455194e+00,
2.8623059448e+00,
2.8638073574e+00,
2.8649966141e+00,
2.8659189600e+00,
2.8666173111e+00,
2.8671316159e+00,
2.8674983161e+00,
2.8677499243e+00,
2.8679147321e+00,
2.8680166612e+00,
2.8680752609e+00,
2.8681058555e+00,
2.8681198344e+00,
2.8681250784e+00,
2.8681265049e+00,
2.8681267154e+00,
2.8681267343e+00,
2.8681271082e+00,
2.8681296416e+00,
2.8681389544e+00,
2.8681637787e+00,
2.8682181056e+00,
2.8683221453e+00,
2.8685030632e+00,
2.8687954529e+00,
2.8692415177e+00,
2.8698909340e+00,
2.8708003786e+00,
2.8720327120e+00,
2.8736558187e+00,
2.8757411240e+00,
2.8783618176e+00,
2.8815908370e+00,
2.8854986754e+00,
2.8901510977e+00,
2.8956068533e+00,
2.9019154798e+00,
2.9091152861e+00,
2.9172315932e+00,
2.9262752955e+00,
2.9362417909e+00,
2.9471103175e+00,
2.9588437244e+00,
2.9713887009e+00,
2.9846764842e+00,
2.9986240554e+00,
3.0131358177e+00,
3.0281057229e+00,
3.0434197814e+00,
3.0589588529e+00,
3.0746015903e+00,
3.0902273858e+00,
3.1057191735e+00,
3.1209659508e+00,
3.1358649133e+00,
3.1503231354e+00,
3.1642587667e+00,
3.1776017560e+00,
3.1902941413e+00,
3.2022899700e+00,
3.2135549215e+00,
3.2240657084e+00,
3.2338093276e+00,
3.2427822210e+00,
3.2509893958e+00,
3.2584435382e+00,
3.2651641446e+00,
3.2711766822e+00,
3.2765117833e+00,
3.2812044719e+00,
3.2852934176e+00,
3.2888202092e+00,
3.2918286426e+00,
3.2943640179e+00,
3.2964724431e+00,
3.2982001445e+00,
3.2995927908e+00,
3.3006948360e+00,
3.3015488949e+00,
3.3021951636e+00,
3.3026709023e+00,
3.3030099960e+00,
3.3032426095e+00,
3.3033949523e+00,
3.3034891629e+00,
3.3035433220e+00,
3.3035715972e+00,
3.3035845162e+00,
3.3035893626e+00,
3.3035906809e+00,
3.3035908755e+00,
3.3035908934e+00,
3.3035912535e+00,
3.3035936930e+00,
3.3036026607e+00,
3.3036265648e+00,
3.3036788762e+00,
3.3037790497e+00,
3.3039532242e+00,
3.3042346611e+00,
3.3046638864e+00,
3.3052885052e+00,
3.3061626613e+00,
3.3073461268e+00,
3.3089030155e+00,
3.3109001324e+00,
3.3134049912e+00,
3.3164835535e+00,
3.3201977708e+00,
3.3246030351e+00,
3.3297456635e+00,
3.3356605607e+00,
3.3423692072e+00,
3.3498781137e+00,
3.3581778629e+00,
3.3672428217e+00,
3.3770315623e+00,
3.3874879724e+00,
3.3985429808e+00,
3.4101167741e+00,
3.4221213423e+00,
3.4344631752e+00,
3.4470459318e+00,
3.4597729321e+00,
3.4725493530e+00,
3.4852840601e+00,
3.4978910507e+00,
3.5102905230e+00,
3.5224096126e+00,
3.5341828555e+00,
3.5455524354e+00,
3.5564682710e+00,
3.5668879863e+00,
3.5767767941e+00,
3.5861073132e+00,
3.5948593304e+00,
3.6030195136e+00,
3.6105810801e+00,
3.6175434240e+00,
3.6239117061e+00,
3.6296964130e+00,
3.6349128890e+00,
3.6395808481e+00,
3.6437238707e+00,
3.6473688874e+00,
3.6505456548e+00,
3.6532862236e+00,
3.6556244015e+00,
3.6575952118e+00,
3.6592343507e+00,
3.6605776466e+00,
3.6616605273e+00,
3.6625175031e+00,
3.6631816740e+00,
3.6636842742e+00,
3.6640542651e+00,
3.6643179903e+00,
3.6644989049e+00,
3.6646173903e+00,
3.6646906636e+00,
3.6647327866e+00,
3.6647547780e+00,
3.6647648260e+00,
3.6647685953e+00,
3.6647696207e+00,
3.6647697720e+00,
3.6647697864e+00,
3.6647700811e+00,
3.6647720772e+00,
3.6647794153e+00,
3.6647989755e+00,
3.6648417804e+00,
3.6649237493e+00,
3.6650662699e+00,
3.6652965562e+00,
3.6656477640e+00,
3.6661588346e+00,
3.6668740493e+00,
3.6678422771e+00,
3.6691159124e+00,
3.6707495115e+00,
3.6727981530e+00,
3.6753155649e+00,
3.6783520830e+00,
3.6819525213e+00,
3.6861540560e+00,
3.6909842286e+00,
3.6964591849e+00,
3.7025822556e+00,
3.7093429734e+00,
3.7167166021e+00,
3.7246642219e+00,
3.7331333907e+00,
3.7420593645e+00,
3.7513668322e+00,
3.7609720898e+00,
3.7707855517e+00,
3.7807144767e+00,
3.7906657675e+00,
3.8005487008e+00,
3.8102774432e+00,
3.8197732293e+00,
3.8289661026e+00,
3.8377961560e+00,
3.8462142498e+00,
3.8541822232e+00,
3.8616726504e+00,
3.8686682183e+00,
3.8751608165e+00,
3.8811504365e+00,
3.8866439716e+00,
3.8916539986e+00,
3.8961976046e+00,
3.9002953077e+00,
3.9039701021e+00,
3.9072466421e+00,
3.9101505691e+00,
3.9127079738e+00,
3.9149449809e+00,
3.9168874380e+00,
3.9185606897e+00,
3.9199894166e+00,
3.9211975198e+00,
3.9222080354e+00,
3.9230430635e+00,
3.9237237015e+00,
3.9242699744e+00,
3.9247007576e+00,
3.9250336920e+00,
3.9252850947e+00,
3.9254698682e+00,
3.9256014187e+00,
3.9256915878e+00,
3.9257506090e+00,
3.9257870957e+00,
3.9258080666e+00,
3.9258190137e+00,
3.9258240152e+00,
3.9258258913e+00,
3.9258264017e+00,
3.9258264770e+00,
3.9258264845e+00,
3.9258266397e+00,
3.9258276913e+00,
3.9258315571e+00,
3.9258418610e+00,
3.9258644070e+00,
3.9259075703e+00,
3.9259825846e+00,
3.9261037013e+00,
3.9262881960e+00,
3.9265561959e+00,
3.9269303046e+00,
3.9274350066e+00,
3.9280958391e+00,
3.9289383382e+00,
3.9299867831e+00,
3.9312627841e+00,
3.9327837907e+00,
3.9345616160e+00,
3.9366010970e+00,
3.9388990199e+00,
3.9414434364e+00,
3.9442134781e+00,
3.9471797392e+00,
3.9503052472e+00,
3.9535469810e+00,
3.9568578335e+00,
3.9601888636e+00,
3.9634916476e+00,
3.9667205271e+00,
3.9698345676e+00,
3.9727990795e+00,
3.9755866096e+00,
3.9781773762e+00,
3.9805591787e+00,
3.9827268643e+00,
3.9846814631e+00,
3.9864291176e+00,
3.9879799268e+00,
3.9893468059e+00,
3.9905444414e+00,
3.9915883885e+00,
3.9924943382e+00,
3.9932775573e+00,
3.9939524911e+00,
3.9945325078e+00,
3.9950297601e+00,
3.9954551377e+00,
3.9958182849e+00,
3.9961276639e+00,
3.9963906468e+00,
3.9966136213e+00,
3.9968021036e+00,
3.9969608487e+00,
3.9970939558e+00,
3.9972049643e+00,
3.9972969395e+00,
3.9973725475e+00,
3.9974341187e+00,
3.9974837013e+00,
3.9975231040e+00,
3.9975539312e+00,
3.9975776084e+00,
3.9975954019e+00,
3.9976084330e+00,
3.9976176864e+00,
3.9976240174e+00,
3.9976281563e+00,
3.9976307130e+00,
3.9976321818e+00,
3.9976329483e+00,
3.9976332984e+00,
3.9976334298e+00,
3.9976334655e+00,
3.9976334708e+00,
3.9976334713e+00,
3.9976334829e+00,
3.9976335611e+00,
3.9976338486e+00,
3.9976346150e+00,
3.9976362914e+00,
3.9976394987e+00,
3.9976450668e+00,
3.9976540407e+00,
3.9976676721e+00,
3.9976873907e+00,
3.9977147531e+00,
3.9977513661e+00,
3.9977987845e+00,
3.9978583849e+00,
3.9979312248e+00,
3.9980178973e+00,
3.9981183981e+00,
3.9982320253e+00,
3.9983573309e+00,
3.9984921407e+00,
3.9986336502e+00,
3.9987785949e+00,
3.9989234779e+00,
3.9990648295e+00,
3.9991994649e+00,
3.9993247055e+00,
3.9994385387e+00,
3.9995396973e+00,
3.9996276591e+00,
3.9997025744e+00,
3.9997651407e+00,
3.9998164490e+00,
3.9998578248e+00,
3.9998906856e+00,
3.9999164289e+00,
3.9999363566e+00,
3.9999516297e+00,
3.9999632466e+00,
3.9999720360e+00,
3.9999786627e+00,
3.9999836466e+00,
3.9999873921e+00,
3.9999902205e+00,
3.9999923920e+00,
3.9999941121e+00,
3.9999955282e+00,
3.9999967285e+00,
3.9999977510e+00,
3.9999986025e+00,
3.9999992823e+00,
4.0000000000e+00,
4.0000000000e+00,
4.0000000000e+00,
4.0000000000e+00,
4.0000000000e+00,
4.0000000000e+00,
4.0000000000e+00,
4.0000000000e+00,
4.0000000000e+00,
4.0000000000e+00,
4.0000000000e+00,
4.0000000000e+00,
4.0000000000e+00,
4.0000000000e+00,
4.0000000000e+00,
4.0000000000e+00,
4.0000000000e+00,
4.0000000000e+00,
4.0000000000e+00,
4.0000000000e+00,
4.0000000000e+00,
4.0000000000e+00,
4.0000000000e+00,
4.0000000000e+00,
