0.0000000000e+00,
5.5749799799e-07,
1.7796427002e-05,
1.3459307399e-04,
5.6395531200e-04,
1.7085189210e-03,
4.2135788990e-03,
9.0118735480e-03,
1.7358658547e-02,
3.0855980761e-02,
5.1465441333e-02,
8.1509052397e-02,
1.2365794637e-01,
1.8090859065e-01,
2.5654572673e-01,
3.5409051930e-01,
4.7723155731e-01,
6.2973579503e-01,
8.1533683319e-01,
1.0375997341e+00,
1.2997652181e+00,
1.6045814104e+00,
1.9541372824e+00,
2.3497167553e+00,
2.7916939335e+00,
3.2794864364e+00,
3.8115749750e+00,
4.3855848577e+00,
4.9984124140e+00,
5.6463705588e+00,
6.3253262134e+00,
7.0308091451e+00,
7.7580852253e+00,
8.5022027930e+00,
9.2580329734e+00,
1.0020327843e+01,
1.0783811247e+01,
1.1543298425e+01,
1.2293821962e+01,
1.3030735232e+01,
1.3749775411e+01,
1.4447088002e+01,
1.5119229155e+01,
1.5763163523e+01,
1.6376267568e+01,
1.6956339341e+01,
1.7501610610e+01,
1.8010756265e+01,
1.8482897367e+01,
1.8917596153e+01,
1.9314842911e+01,
1.9675035475e+01,
1.9998952510e+01,
2.0287721692e+01,
2.0542783804e+01,
2.0765853554e+01,
2.0958877796e+01,
2.1123991771e+01,
2.1263473933e+01,
2.1379700008e+01,
2.1475096941e+01,
2.1552097544e+01,
2.1613096657e+01,
2.1660409792e+01,
2.1696235193e+01,
2.1722620311e+01,
2.1741433599e+01,
2.1754342478e+01,
2.1762798158e+01,
2.1768027813e+01,
2.1771034397e+01,
2.1772604120e+01,
2.1773321343e+01,
2.1773590399e+01,
2.1773663589e+01,
2.1773674391e+01,
2.1773675870e+01,
2.1773710793e+01,
2.1773947398e+01,
2.1774817178e+01,
2.1777135646e+01,
2.1782209314e+01,
2.1791925074e+01,
2.1808817976e+01,
2.1836113657e+01,
2.1877741885e+01,
2.1938318129e+01,
2.2023090610e+01,
2.2137851177e+01,
2.2288809620e+01,
2.2482432643e+01,
2.2725250810e+01,
2.3023639202e+01,
2.3383580068e+01,
2.3810418358e+01,
2.4308623099e+01,
2.4881568849e+01,
2.5531351324e+01,
2.6258649318e+01,
2.7062641105e+01,
2.7940978380e+01,
2.8889816006e+01,
2.9903893558e+01,
3.0976666210e+01,
3.2100485732e+01,
3.3266831729e+01,
3.4466582764e+01,
3.5690299249e+01,
3.6928478956e+01,
3.8171756876e+01,
3.9411050454e+01,
4.0637676221e+01,
4.1843465354e+01,
4.3020886909e+01,
4.4163166793e+01,
4.5264381893e+01,
4.6319513677e+01,
4.7324457164e+01,
4.8275991967e+01,
4.9171728094e+01,
5.0010039756e+01,
5.0789997402e+01,
5.1511303819e+01,
5.2174236202e+01,
5.2779593578e+01,
5.3328647846e+01,
5.3823096693e+01,
5.4265017126e+01,
5.4656818931e+01,
5.5001197811e+01,
5.5301088153e+01,
5.5559615476e+01,
5.5780048573e+01,
5.5965751424e+01,
5.6120134985e+01,
5.6246609104e+01,
5.6348535003e+01,
5.6429178966e+01,
5.6491668080e+01,
5.6538949101e+01,
5.6573751577e+01,
5.6598556508e+01,
5.6615571707e+01,
5.6626714985e+01,
5.6633606006e+01,
5.6637567433e+01,
5.6639635588e+01,
5.6640580531e+01,
5.6640935009e+01,
5.6641031435e+01,
5.6641045668e+01,
5.6641047019e+01,
5.6641074563e+01,
5.6641261181e+01,
5.6641947202e+01,
5.6643775839e+01,
5.6647777550e+01,
5.6655440482e+01,
5.6668763804e+01,
5.6690290905e+01,
5.6723119596e+01,
5.6770886745e+01,
5.6837725215e+01,
5.6928191676e+01,
5.7047164817e+01,
5.7199714819e+01,
5.7390946596e+01,
5.7625821241e+01,
5.7908962166e+01,
5.8244454511e+01,
5.8635648111e+01,
5.9084975573e+01,
5.9593797381e+01,
6.0162285129e+01,
6.0789351792e+01,
6.1472634141e+01,
6.2208527539e+01,
6.2992268524e+01,
6.3818057405e+01,
6.4679213202e+01,
6.5568356092e+01,
6.6477615946e+01,
6.7398865870e+01,
6.8323975274e+01,
6.9245068907e+01,
7.0154770647e+01,
7.1046407747e+01,
7.1914154842e+01,
7.2753106613e+01,
7.3559280345e+01,
7.4329560919e+01,
7.5061607965e+01,
7.5753746800e+01,
7.6404861775e+01,
7.7014304650e+01,
7.7581823629e+01,
7.8107512703e+01,
7.8591777009e+01,
7.9035308318e+01,
7.9439065092e+01,
7.9804253071e+01,
8.0132304176e+01,
8.0424853048e+01,
8.0683711530e+01,
8.0910841770e+01,
8.1108328617e+01,
8.1278351730e+01,
8.1423157626e+01,
8.1545031681e+01,
8.1646270082e+01,
8.1729151767e+01,
8.1795910516e+01,
8.1848707524e+01,
8.1889604958e+01,
8.1920541150e+01,
8.1943308199e+01,
8.1959532802e+01,
8.1970661148e+01,
8.1977948639e+01,
8.1982455045e+01,
8.1985045567e+01,
8.1986397991e+01,
8.1987015911e+01,
8.1987247711e+01,
8.1987310767e+01,
8.1987320073e+01,
8.1987320902e+01,
8.1987337206e+01,
8.1987447667e+01,
8.1987853733e+01,
8.1988936127e+01,
8.1991304783e+01,
8.1995840521e+01,
8.2003726574e+01,
8.2016468145e+01,
8.2035898284e+01,
8.2064168512e+01,
8.2103722915e+01,
8.2157254829e+01,
8.2227645828e+01,
8.2317887578e+01,
8.2430988122e+01,
8.2569865425e+01,
8.2737232304e+01,
8.2935478226e+01,
8.3166554596e+01,
8.3431870938e+01,
8.3732209482e+01,
8.4067664876e+01,
8.4437613716e+01,
8.4840715417e+01,
8.5274941935e+01,
8.5737630215e+01,
8.6225549402e+01,
8.6734975951e+01,
8.7261773637e+01,
8.7801480168e+01,
8.8349404995e+01,
8.8900742143e+01,
8.9450697735e+01,
8.9994626131e+01,
9.0528164028e+01,
9.1047349977e+01,
9.1548718280e+01,
9.2029360132e+01,
9.2486949900e+01,
9.2919739166e+01,
9.3326524554e+01,
9.3706597098e+01,
9.4059681047e+01,
9.4385869002e+01,
9.4685558666e+01,
9.4959394697e+01,
9.5208217567e+01,
9.5433020100e+01,
9.5634911439e+01,
9.5815087744e+01,
9.5974808569e+01,
9.6115377879e+01,
9.6238128604e+01,
9.6344409795e+01,
9.6435575513e+01,
9.6512974761e+01,
9.6577941893e+01,
9.6631787093e+01,
9.6675786676e+01,
9.6711173113e+01,
9.6739124830e+01,
9.6760755982e+01,
9.6777106497e+01,
9.6789132811e+01,
9.6797699765e+01,
9.6803574134e+01,
9.6807420287e+01,
9.6809798367e+01,
9.6811165314e+01,
9.6811878922e+01,
9.6812204962e+01,
9.6812327268e+01,
9.6812360538e+01,
9.6812365449e+01,
9.6812365883e+01,
9.6812374396e+01,
9.6812432075e+01,
9.6812644104e+01,
9.6813209275e+01,
9.6814446025e+01,
9.6816814114e+01,
9.6820930883e+01,
9.6827581032e+01,
9.6837718891e+01,
9.6852462196e+01,
9.6873076509e+01,
9.6900949669e+01,
9.6937556001e+01,
9.6984410596e+01,
9.7043014607e+01,
9.7114793376e+01,
9.7201030065e+01,
9.7302798298e+01,
9.7420898013e+01,
9.7555799083e+01,
9.7707597202e+01,
9.7875986006e+01,
9.8060248341e+01,
9.8259268158e+01,
9.8471562815e+01,
9.8695333866e+01,
9.8928532836e+01,
9.9168937283e+01,
9.9414231717e+01,
9.9662087700e+01,
9.9910237817e+01,
1.0015653912e+02,
1.0039902308e+02,
1.0063593068e+02,
1.0086573321e+02,
1.0108714032e+02,
1.0129909807e+02,
1.0150077955e+02,
1.0169157055e+02,
1.0187105222e+02,
1.0203898195e+02,
1.0219527357e+02,
1.0233997736e+02,
1.0247326052e+02,
1.0259538855e+02,
1.0270670779e+02,
1.0280762953e+02,
1.0289861591e+02,
1.0298016756e+02,
1.0305281320e+02,
1.0311710079e+02,
1.0317359036e+02,
1.0322284808e+02,
1.0326544131e+02,
1.0330193447e+02,
1.0333288541e+02,
1.0335884198e+02,
1.0338033878e+02,
1.0339789380e+02,
1.0341200501e+02,
1.0342314678e+02,
1.0343176626e+02,
1.0343827988e+02,
1.0344306992e+02,
1.0344648164e+02,
1.0344882083e+02,
1.0345035228e+02,
1.0345129913e+02,
1.0345184338e+02,
1.0345212750e+02,
1.0345225731e+02,
1.0345230600e+02,
1.0345231925e+02,
1.0345232120e+02,
1.0345232138e+02,
1.0345232485e+02,
1.0345234837e+02,
1.0345243485e+02,
1.0345266535e+02,
1.0345316974e+02,
1.0345413549e+02,
1.0345581430e+02,
1.0345852596e+02,
1.0346265915e+02,
1.0346866866e+02,
1.0347706863e+02,
1.0348842153e+02,
1.0350332289e+02,
1.0352238159e+02,
1.0354619641e+02,
1.0357532951e+02,
1.0361027799e+02,
1.0365144506e+02,
1.0369911287e+02,
1.0375341882e+02,
1.0381433749e+02,
1.0388167004e+02,
1.0395504224e+02,
1.0403391202e+02,
1.0411758617e+02,
1.0420524539e+02,
1.0429597586e+02,
1.0438880508e+02,
1.0448273923e+02,
1.0457679955e+02,
1.0467005514e+02,
1.0476165050e+02,
1.0485082650e+02,
1.0493693425e+02,
1.0501944205e+02,
1.0509793604e+02,
1.0517211573e+02,
1.0524178540e+02,
1.0530684286e+02,
1.0536726668e+02,
1.0542310281e+02,
1.0547445165e+02,
1.0552145588e+02,
1.0556428965e+02,
1.0560314930e+02,
1.0563824559e+02,
1.0566979748e+02,
1.0569802730e+02,
1.0572315718e+02,
1.0574540638e+02,
1.0576498967e+02,
1.0578211611e+02,
1.0579698846e+02,
1.0580980284e+02,
1.0582074853e+02,
1.0583000790e+02,
1.0583775630e+02,
1.0584416185e+02,
1.0584938512e+02,
1.0585357873e+02,
1.0585688673e+02,
1.0585944397e+02,
1.0586137534e+02,
1.0586279506e+02,
1.0586380595e+02,
1.0586449889e+02,
1.0586495250e+02,
1.0586523292e+02,
1.0586539410e+02,
1.0586547824e+02,
1.0586551668e+02,
1.0586553110e+02,
1.0586553502e+02,
1.0586553560e+02,
1.0586553565e+02,
1.0586553672e+02,
1.0586554398e+02,
1.0586557067e+02,
1.0586564179e+02,
1.0586579741e+02,
1.0586609537e+02,
1.0586661325e+02,
1.0586744958e+02,
1.0586872393e+02,
1.0587057590e+02,
1.0587316280e+02,
1.0587665589e+02,
1.0588123516e+02,
1.0588708276e+02,
1.0589437517e+02,
1.0590327439e+02,
1.0591391880e+02,
1.0592641411e+02,
1.0594082519e+02,
1.0595716954e+02,
1.0597541308e+02,
1.0599546875e+02,
1.0601719829e+02,
1.0604041710e+02,
1.0606490189e+02,
1.0609040053e+02,
1.0611664307e+02,
1.0614335319e+02,
1.0617025903e+02,
1.0619710256e+02,
1.0622364710e+02,
1.0624968263e+02,
1.0627502877e+02,
1.0629953582e+02,
1.0632308409e+02,
1.0634558196e+02,
1.0636696314e+02,
1.0638718350e+02,
1.0640621782e+02,
1.0642405667e+02,
1.0644070358e+02,
1.0645617253e+02,
1.0647048591e+02,
1.0648367283e+02,
1.0649576772e+02,
1.0650680926e+02,
1.0651683958e+02,
1.0652590353e+02,
1.0653404825e+02,
1.0654132268e+02,
1.0654777726e+02,
1.0655346359e+02,
1.0655843417e+02,
1.0656274210e+02,
1.0656644077e+02,
1.0656958360e+02,
1.0657222362e+02,
1.0657441312e+02,
1.0657620329e+02,
1.0657764369e+02,
1.0657878191e+02,
1.0657966301e+02,
1.0658032917e+02,
1.0658081924e+02,
1.0658116839e+02,
1.0658140783e+02,
1.0658156460e+02,
1.0658166154e+02,
1.0658171726e+02,
1.0658174635e+02,
1.0658175964e+02,
1.0658176463e+02,
1.0658176598e+02,
1.0658176619e+02,
1.0658176620e+02,
1.0658176659e+02,
1.0658176923e+02,
1.0658177894e+02,
1.0658180481e+02,
1.0658186143e+02,
1.0658196983e+02,
1.0658215828e+02,
1.0658246270e+02,
1.0658292676e+02,
1.0658360161e+02,
1.0658454515e+02,
1.0658582085e+02,
1.0658749613e+02,
1.0658964023e+02,
1.0659232176e+02,
1.0659560588e+02,
1.0659955129e+02,
1.0660420732e+02,
1.0660961104e+02,
1.0661578490e+02,
1.0662273485e+02,
1.0663044922e+02,
1.0663889844e+02,
1.0664803561e+02,
1.0665779779e+02,
1.0666810811e+02,
1.0667887832e+02,
1.0669001174e+02,
1.0670140638e+02,
1.0671295799e+02,
1.0672456302e+02,
1.0673612132e+02,
1.0674753843e+02,
1.0675872751e+02,
1.0676961079e+02,
1.0678012063e+02,
1.0679020011e+02,
1.0679980320e+02,
1.0680889460e+02,
1.0681744926e+02,
1.0682545165e+02,
1.0683289483e+02,
1.0683977949e+02,
1.0684611283e+02,
1.0685190751e+02,
1.0685718067e+02,
1.0686195292e+02,
1.0686624758e+02,
1.0687008991e+02,
1.0687350650e+02,
1.0687652479e+02,
1.0687917262e+02,
1.0688147797e+02,
1.0688346862e+02,
1.0688517203e+02,
1.0688661514e+02,
1.0688782421e+02,
1.0688882471e+02,
1.0688964118e+02,
1.0689029710e+02,
1.0689081475e+02,
1.0689121507e+02,
1.0689151750e+02,
1.0689173985e+02,
1.0689189820e+02,
1.0689200676e+02,
1.0689207782e+02,
1.0689212176e+02,
1.0689214701e+02,
1.0689216019e+02,
1.0689216622e+02,
1.0689216848e+02,
1.0689216909e+02,
1.0689216918e+02,
1.0689216919e+02,
1.0689216938e+02,
1.0689217064e+02,
1.0689217530e+02,
1.0689218771e+02,
1.0689221486e+02,
1.0689226685e+02,
1.0689235720e+02,
1.0689250311e+02,
1.0689272543e+02,
1.0689304850e+02,
1.0689349972e+02,
1.0689410890e+02,
1.0689490734e+02,
1.0689592661e+02,
1.0689719716e+02,
1.0689874677e+02,
1.0690059877e+02,
1.0690277046e+02,
1.0690527146e+02,
1.0690810249e+02,
1.0691125442e+02,
1.0691470790e+02,
1.0691843355e+02,
1.0692239279e+02,
1.0692653923e+02,
1.0693082056e+02,
1.0693518084e+02,
1.0693956295e+02,
1.0694391101e+02,
1.0694817267e+02,
1.0695230097e+02,
1.0695625582e+02,
1.0696000490e+02,
1.0696352401e+02,
1.0696679701e+02,
1.0696981529e+02,
1.0697257692e+02,
1.0697508570e+02,
1.0697734998e+02,
1.0697938160e+02,
1.0698119485e+02,
1.0698280551e+02,
1.0698423009e+02,
1.0698548519e+02,
1.0698658702e+02,
1.0698755106e+02,
1.0698839182e+02,
1.0698912270e+02,
1.0698975596e+02,
1.0699030269e+02,
1.0699077288e+02,
1.0699117549e+02,
1.0699151851e+02,
1.0699180909e+02,
1.0699205360e+02,
1.0699225778e+02,
1.0699242673e+02,
1.0699256510e+02,
1.0699267704e+02,
1.0699276634e+02,
1.0699283641e+02,
1.0699289036e+02,
1.0699293098e+02,
1.0699296077e+02,
1.0699298195e+02,
1.0699299644e+02,
1.0699300593e+02,
1.0699301178e+02,
1.0699301515e+02,
1.0699301691e+02,
1.0699301771e+02,
1.0699301801e+02,
1.0699301809e+02,
1.0699301811e+02,
1.0699301811e+02,
1.0699301813e+02,
1.0699301831e+02,
1.0699301897e+02,
1.0699302073e+02,
1.0699302457e+02,
1.0699303193e+02,
1.0699304470e+02,
1.0699306531e+02,
1.0699309664e+02,
1.0699314202e+02,
1.0699320515e+02,
1.0699328986e+02,
1.0699340003e+02,
1.0699353922e+02,
1.0699371048e+02,
1.0699391598e+02,
1.0699415672e+02,
1.0699443231e+02,
1.0699474076e+02,
1.0699507842e+02,
1.0699544009e+02,
1.0699581922e+02,
1.0699620829e+02,
1.0699659925e+02,
1.0699698408e+02,
1.0699735528e+02,
1.0699770632e+02,
1.0699803198e+02,
1.0699832857e+02,
1.0699859396e+02,
1.0699882749e+02,
1.0699902981e+02,
1.0699920257e+02,
1.0699934816e+02,
1.0699946943e+02,
1.0699956939e+02,
1.0699965104e+02,
1.0699971721e+02,
1.0699977053e+02,
1.0699981328e+02,
1.0699984746e+02,
1.0699987475e+02,
1.0699989653e+02,
1.0699991393e+02,
1.0699992786e+02,
1.0699993907e+02,
1.0699994815e+02,
1.0699995559e+02,
1.0699996176e+02,
1.0699996693e+02,
1.0699997133e+02,
1.0699997511e+02,
1.0699997840e+02,
1.0699998130e+02,
1.0699998388e+02,
1.0699998620e+02,
1.0699998829e+02,
1.0699999016e+02,
1.0699999183e+02,
1.0699999332e+02,
1.0699999462e+02,
1.0699999574e+02,
1.0699999670e+02,
1.0699999750e+02,
1.0699999816e+02,
1.0699999869e+02,
1.0699999911e+02,
1.0699999943e+02,
1.0700000000e+02,
1.0700000000e+02,
1.0700000000e+02,
1.0700000000e+02,
1.0700000000e+02,
1.0700000000e+02,
