0.0000000000e+00,
3.8935959878e-07,
1.2429129995e-05,
9.4000577903e-05,
3.9386932551e-04,
1.1932360038e-03,
2.9427657932e-03,
6.2938426396e-03,
1.2123010254e-02,
2.1548817140e-02,
3.5940551737e-02,
5.6918597731e-02,
8.6346307668e-02,
1.2631332978e-01,
1.7911018480e-01,
2.4719357210e-01,
3.3314145352e-01,
4.3959658143e-01,
5.6919706216e-01,
7.2449308778e-01,
9.0785038875e-01,
1.1213433303e+00,
1.3666436417e+00,
1.6449138879e+00,
1.9567170205e+00,
2.3019536827e+00,
2.6798367165e+00,
3.0889075410e+00,
3.5270925992e+00,
3.9917914607e+00,
4.4799832363e+00,
4.9883361433e+00,
5.5133069022e+00,
6.0512215837e+00,
6.5983360606e+00,
7.1508803912e+00,
7.7050954532e+00,
8.2572708257e+00,
8.8037901683e+00,
9.3411852552e+00,
9.8661944360e+00,
1.0375817919e+01,
1.0867362337e+01,
1.1338470244e+01,
1.1787134521e+01,
1.2211701040e+01,
1.2610864000e+01,
1.2983657591e+01,
1.3329445971e+01,
1.3647912057e+01,
1.3939044756e+01,
1.4203123975e+01,
1.4440702867e+01,
1.4652587034e+01,
1.4839810670e+01,
1.5003609855e+01,
1.5145393350e+01,
1.5266711331e+01,
1.5369222601e+01,
1.5454660838e+01,
1.5524800510e+01,
1.5581423129e+01,
1.5626284558e+01,
1.5661084124e+01,
1.5687436269e+01,
1.5706845512e+01,
1.5720685388e+01,
1.5730182000e+01,
1.5736402671e+01,
1.5740250069e+01,
1.5742461996e+01,
1.5743616838e+01,
1.5744144498e+01,
1.5744342442e+01,
1.5744396288e+01,
1.5744404235e+01,
1.5744405323e+01,
1.5744431016e+01,
1.5744605086e+01,
1.5745244985e+01,
1.5746950688e+01,
1.5750683427e+01,
1.5757831487e+01,
1.5770260207e+01,
1.5790343445e+01,
1.5820974043e+01,
1.5865551078e+01,
1.5927942194e+01,
1.6012419913e+01,
1.6123571730e+01,
1.6266184948e+01,
1.6445108590e+01,
1.6665096278e+01,
1.6930635553e+01,
1.7245770594e+01,
1.7613926518e+01,
1.8037744369e+01,
1.8518936497e+01,
1.9058172113e+01,
1.9655002324e+01,
2.0307832190e+01,
2.1013943948e+01,
2.1769570277e+01,
2.2570010021e+01,
2.3409773120e+01,
2.4282738947e+01,
2.5182314689e+01,
2.6101587503e+01,
2.7033472734e+01,
2.7970865195e+01,
2.8906797248e+01,
2.9834596881e+01,
3.0748028315e+01,
3.1641395955e+01,
3.2509602761e+01,
3.3348169341e+01,
3.4153229816e+01,
3.4921519920e+01,
3.5650365418e+01,
3.6337671277e+01,
3.6981908131e+01,
3.7582092512e+01,
3.8137759322e+01,
3.8648927153e+01,
3.9116058394e+01,
3.9540016482e+01,
3.9922022330e+01,
4.0263611304e+01,
4.0566591459e+01,
4.0833003178e+01,
4.1065079998e+01,
4.1265210242e+01,
4.1435899057e+01,
4.1579730579e+01,
4.1699330080e+01,
4.1797326198e+01,
4.1876313543e+01,
4.1938816198e+01,
4.1987252807e+01,
4.2023904110e+01,
4.2050883852e+01,
4.2070114062e+01,
4.2083305616e+01,
4.2091944958e+01,
4.2097287610e+01,
4.2100358953e+01,
4.2101962426e+01,
4.2102695057e+01,
4.2102969890e+01,
4.2103044651e+01,
4.2103055686e+01,
4.2103056733e+01,
4.2103078089e+01,
4.2103222777e+01,
4.2103754662e+01,
4.2105172442e+01,
4.2108275064e+01,
4.2114216366e+01,
4.2124546496e+01,
4.2141237782e+01,
4.2166692892e+01,
4.2203733352e+01,
4.2255566834e+01,
4.2325732198e+01,
4.2418022012e+01,
4.2536383310e+01,
4.2684798669e+01,
4.2867151116e+01,
4.3087078067e+01,
4.3347820952e+01,
4.3652078528e+01,
4.4001872539e+01,
4.4398434356e+01,
4.4842120170e+01,
4.5332360190e+01,
4.5867644361e+01,
4.6445543772e+01,
4.7062764071e+01,
4.7715225645e+01,
4.8398165832e+01,
4.9106260645e+01,
4.9833765901e+01,
5.0574677673e+01,
5.1322907462e+01,
5.2072459182e+01,
5.2817588029e+01,
5.3552921902e+01,
5.4273536750e+01,
5.4974992274e+01,
5.5653344715e+01,
5.6305153466e+01,
5.6927490523e+01,
5.7517952550e+01,
5.8074669746e+01,
5.8596304887e+01,
5.9082038394e+01,
5.9531538790e+01,
5.9944920844e+01,
6.0322695387e+01,
6.0665715203e+01,
6.0975120859e+01,
6.1252289389e+01,
6.1498787586e+01,
6.1716330669e+01,
6.1906746270e+01,
6.2071943188e+01,
6.2213884032e+01,
6.2334560802e+01,
6.2435972504e+01,
6.2520104059e+01,
6.2588905948e+01,
6.2644274330e+01,
6.2688031561e+01,
6.2721907345e+01,
6.2747520880e+01,
6.2766364583e+01,
6.2779790047e+01,
6.2788996930e+01,
6.2795025447e+01,
6.2798753063e+01,
6.2800895801e+01,
6.2802014425e+01,
6.2802525515e+01,
6.2802717240e+01,
6.2802769393e+01,
6.2802777091e+01,
6.2802777776e+01,
6.2802791261e+01,
6.2802882625e+01,
6.2803218484e+01,
6.2804113729e+01,
6.2806072797e+01,
6.2809824054e+01,
6.2816345668e+01,
6.2826881352e+01,
6.2842944429e+01,
6.2866308734e+01,
6.2898985114e+01,
6.2943182572e+01,
6.3001253708e+01,
6.3075624794e+01,
6.3168711855e+01,
6.3282825292e+01,
6.3420066861e+01,
6.3582224183e+01,
6.3770669069e+01,
6.3986266781e+01,
6.4229303592e+01,
6.4499439509e+01,
6.4795691577e+01,
6.5116450904e+01,
6.5459533389e+01,
6.5822260621e+01,
6.6201563997e+01,
6.6594102472e+01,
6.6996383198e+01,
6.7404874890e+01,
6.7816106189e+01,
6.8226744918e+01,
6.8633658072e+01,
6.9033955510e+01,
6.9425021791e+01,
6.9804540091e+01,
7.0170510144e+01,
7.0521259744e+01,
7.0855447725e+01,
7.1172056440e+01,
7.1470373298e+01,
7.1749963193e+01,
7.2010635367e+01,
7.2252408810e+01,
7.2475479590e+01,
7.2680192201e+01,
7.2867015596e+01,
7.3036523616e+01,
7.3189378946e+01,
7.3326319688e+01,
7.3448147684e+01,
7.3555717974e+01,
7.3649928900e+01,
7.3731712575e+01,
7.3802025474e+01,
7.3861838996e+01,
7.3912129909e+01,
7.3953870600e+01,
7.3988019158e+01,
7.4015509325e+01,
7.4037240477e+01,
7.4054067834e+01,
7.4066793155e+01,
7.4076156271e+01,
7.4082827773e+01,
7.4087403237e+01,
7.4090399308e+01,
7.4092251922e+01,
7.4093316875e+01,
7.4093872843e+01,
7.4094126861e+01,
7.4094222151e+01,
7.4094248072e+01,
7.4094251898e+01,
7.4094252236e+01,
7.4094258869e+01,
7.4094303807e+01,
7.4094469002e+01,
7.4094909338e+01,
7.4095872936e+01,
7.4097718086e+01,
7.4100926012e+01,
7.4106108718e+01,
7.4114011153e+01,
7.4125507033e+01,
7.4141587736e+01,
7.4163343868e+01,
7.4191939344e+01,
7.4228578195e+01,
7.4274464759e+01,
7.4330758430e+01,
7.4398524699e+01,
7.4478684735e+01,
7.4571966205e+01,
7.4678858234e+01,
7.4799573480e+01,
7.4934020032e+01,
7.5081785390e+01,
7.5242134126e+01,
7.5414020012e+01,
7.5596112568e+01,
7.5786837007e+01,
7.5984425709e+01,
7.6186978391e+01,
7.6392527432e+01,
7.6599104249e+01,
7.6804802430e+01,
7.7007833688e+01,
7.7206573397e+01,
7.7399593685e+01,
7.7585683352e+01,
7.7763855213e+01,
7.7933342483e+01,
7.8093586557e+01,
7.8244218740e+01,
7.8385038445e+01,
7.8515990007e+01,
7.8637139761e+01,
7.8748654563e+01,
7.8850782413e+01,
7.8943835533e+01,
7.9028175923e+01,
7.9104203298e+01,
7.9172345161e+01,
7.9233048748e+01,
7.9286774535e+01,
7.9333991019e+01,
7.9375170495e+01,
7.9410785544e+01,
7.9441306020e+01,
7.9467196306e+01,
7.9488912686e+01,
7.9506900692e+01,
7.9521592355e+01,
7.9533403306e+01,
7.9542729763e+01,
7.9549945456e+01,
7.9555398580e+01,
7.9559408939e+01,
7.9562265419e+01,
7.9564223965e+01,
7.9565506229e+01,
7.9566299028e+01,
7.9566754729e+01,
7.9566992623e+01,
7.9567101314e+01,
7.9567142087e+01,
7.9567153178e+01,
7.9567154815e+01,
7.9567154962e+01,
7.9567157869e+01,
7.9567177566e+01,
7.9567249972e+01,
7.9567442971e+01,
7.9567865302e+01,
7.9568673947e+01,
7.9570079661e+01,
7.9572350251e+01,
7.9575811257e+01,
7.9580843654e+01,
7.9587878273e+01,
7.9597386706e+01,
7.9609868592e+01,
7.9625835381e+01,
7.9645790942e+01,
7.9670209657e+01,
7.9699512995e+01,
7.9734045863e+01,
7.9774054259e+01,
7.9819665917e+01,
7.9870875550e+01,
7.9927536160e+01,
7.9989357402e+01,
8.0055911539e+01,
8.0126646815e+01,
8.0200907481e+01,
8.0277959099e+01,
8.0357017289e+01,
8.0437277817e+01,
8.0517945854e+01,
8.0598262393e+01,
8.0677526201e+01,
8.0755110220e+01,
8.0830472003e+01,
8.0903158385e+01,
8.0972805168e+01,
8.1039132902e+01,
8.1101939978e+01,
8.1161094211e+01,
8.1216523825e+01,
8.1268208560e+01,
8.1316171321e+01,
8.1360470626e+01,
8.1401193931e+01,
8.1438451845e+01,
8.1472373194e+01,
8.1503100856e+01,
8.1530788288e+01,
8.1555596678e+01,
8.1577692612e+01,
8.1597246187e+01,
8.1614429486e+01,
8.1629415318e+01,
8.1642376156e+01,
8.1653483204e+01,
8.1662905502e+01,
8.1670809060e+01,
8.1677355935e+01,
8.1682703267e+01,
8.1687002242e+01,
8.1690397000e+01,
8.1693023516e+01,
8.1695008493e+01,
8.1696468314e+01,
8.1697508119e+01,
8.1698221067e+01,
8.1698687838e+01,
8.1698976434e+01,
8.1699142320e+01,
8.1699228919e+01,
8.1699268485e+01,
8.1699283327e+01,
8.1699287364e+01,
8.1699287960e+01,
8.1699288015e+01,
8.1699289118e+01,
8.1699296589e+01,
8.1699324052e+01,
8.1699397257e+01,
8.1699557446e+01,
8.1699864161e+01,
8.1700397330e+01,
8.1701258511e+01,
8.1702571130e+01,
8.1704479585e+01,
8.1707147100e+01,
8.1710752219e+01,
8.1715483923e+01,
8.1721535401e+01,
8.1729096621e+01,
8.1738345963e+01,
8.1749441308e+01,
8.1762511092e+01,
8.1777645938e+01,
8.1794891496e+01,
8.1814243139e+01,
8.1835643027e+01,
8.1858979910e+01,
8.1884091796e+01,
8.1910771384e+01,
8.1938773881e+01,
8.1967826617e+01,
8.1997639736e+01,
8.2027917158e+01,
8.2058367033e+01,
8.2088711025e+01,
8.2118691915e+01,
8.2148079235e+01,
8.2176672836e+01,
8.2204304510e+01,
8.2230837899e+01,
8.2256167066e+01,
8.2280214084e+01,
8.2302926046e+01,
8.2324271818e+01,
8.2344238794e+01,
8.2362829850e+01,
8.2380060605e+01,
8.2395957057e+01,
8.2410553591e+01,
8.2423891340e+01,
8.2436016871e+01,
8.2446981124e+01,
8.2456838565e+01,
8.2465646509e+01,
8.2473464552e+01,
8.2480354095e+01,
8.2486377903e+01,
8.2491599697e+01,
8.2496083745e+01,
8.2499894433e+01,
8.2503095816e+01,
8.2505751137e+01,
8.2507922312e+01,
8.2509669390e+01,
8.2511049997e+01,
8.2512118778e+01,
8.2512926859e+01,
8.2513521345e+01,
8.2513944890e+01,
8.2514235344e+01,
8.2514425528e+01,
8.2514543124e+01,
8.2514610721e+01,
8.2514646010e+01,
8.2514662134e+01,
8.2514668182e+01,
8.2514669827e+01,
8.2514670070e+01,
8.2514670093e+01,
8.2514670566e+01,
8.2514673769e+01,
8.2514685544e+01,
8.2514716930e+01,
8.2514785610e+01,
8.2514917117e+01,
8.2515145733e+01,
8.2515515031e+01,
8.2516078002e+01,
8.2516896708e+01,
8.2518041411e+01,
8.2519589153e+01,
8.2521621774e+01,
8.2524223381e+01,
8.2527477333e+01,
8.2531462852e+01,
8.2536251413e+01,
8.2541903115e+01,
8.2548463269e+01,
8.2555959439e+01,
8.2564399180e+01,
8.2573768647e+01,
8.2584032196e+01,
8.2595133016e+01,
8.2606994735e+01,
8.2619523861e+01,
8.2632612885e+01,
8.2646143804e+01,
8.2659991865e+01,
8.2674029307e+01,
8.2688128941e+01,
8.2702167441e+01,
8.2716028232e+01,
8.2729603919e+01,
8.2742798213e+01,
8.2755527324e+01,
8.2767720823e+01,
8.2779321991e+01,
8.2790287688e+01,
8.2800587804e+01,
8.2810204372e+01,
8.2819130413e+01,
8.2827368614e+01,
8.2834929922e+01,
8.2841832127e+01,
8.2848098501e+01,
8.2853756545e+01,
8.2858836873e+01,
8.2863372239e+01,
8.2867396742e+01,
8.2870945169e+01,
8.2874052481e+01,
8.2876753421e+01,
8.2879082216e+01,
8.2881072355e+01,
8.2882756423e+01,
8.2884165964e+01,
8.2885331361e+01,
8.2886281723e+01,
8.2887044762e+01,
8.2887646668e+01,
8.2888111969e+01,
8.2888463388e+01,
8.2888721708e+01,
8.2888905638e+01,
8.2889031719e+01,
8.2889114251e+01,
8.2889165274e+01,
8.2889194599e+01,
8.2889209908e+01,
8.2889216902e+01,
8.2889219526e+01,
8.2889220240e+01,
8.2889220345e+01,
8.2889220356e+01,
8.2889220573e+01,
8.2889222043e+01,
8.2889227449e+01,
8.2889241859e+01,
8.2889273389e+01,
8.2889333752e+01,
8.2889438663e+01,
8.2889608061e+01,
8.2889866128e+01,
8.2890241056e+01,
8.2890764540e+01,
8.2891470969e+01,
8.2892396299e+01,
8.2893576620e+01,
8.2895046446e+01,
8.2896836788e+01,
8.2898973124e+01,
8.2901473368e+01,
8.2904346023e+01,
8.2907588674e+01,
8.2911186986e+01,
8.2915114361e+01,
8.2919332336e+01,
8.2923791766e+01,
8.2928434738e+01,
8.2933197099e+01,
8.2938011404e+01,
8.2942810043e+01,
8.2947528294e+01,
8.2952107049e+01,
8.2956495018e+01,
8.2960650274e+01,
8.2964541070e+01,
8.2968145969e+01,
8.2971453350e+01,
8.2974460435e+01,
8.2977171988e+01,
8.2979598834e+01,
8.2981756355e+01,
8.2983663052e+01,
8.2985339272e+01,
8.2986806129e+01,
8.2988084651e+01,
8.2989195137e+01,
8.2990156716e+01,
8.2990987061e+01,
8.2991702253e+01,
8.2992316739e+01,
8.2992843369e+01,
8.2993293483e+01,
8.2993677034e+01,
8.2994002722e+01,
8.2994278139e+01,
8.2994509905e+01,
8.2994703802e+01,
8.2994864892e+01,
8.2994997624e+01,
8.2995105927e+01,
8.2995193284e+01,
8.2995262798e+01,
8.2995317240e+01,
8.2995359091e+01,
8.2995390562e+01,
8.2995413620e+01,
8.2995430000e+01,
8.2995441209e+01,
8.2995448539e+01,
8.2995453067e+01,
8.2995455668e+01,
8.2995457026e+01,
8.2995457646e+01,
8.2995457879e+01,
8.2995457942e+01,
8.2995457951e+01,
8.2995457952e+01,
8.2995457973e+01,
8.2995458111e+01,
8.2995458621e+01,
8.2995459978e+01,
8.2995462948e+01,
8.2995468630e+01,
8.2995478496e+01,
8.2995494400e+01,
8.2995518567e+01,
8.2995553544e+01,
8.2995602117e+01,
8.2995667180e+01,
8.2995751562e+01,
8.2995857816e+01,
8.2995987977e+01,
8.2996143308e+01,
8.2996324071e+01,
8.2996529333e+01,
8.2996756868e+01,
8.2997003158e+01,
8.2997263523e+01,
8.2997532379e+01,
8.2997803598e+01,
8.2998070939e+01,
8.2998328495e+01,
8.2998571097e+01,
8.2998794633e+01,
8.2998996241e+01,
8.2999174365e+01,
8.2999328676e+01,
8.2999459897e+01,
8.2999569563e+01,
8.2999659756e+01,
8.2999732858e+01,
8.2999791339e+01,
8.2999837594e+01,
8.2999873834e+01,
8.2999902006e+01,
8.2999923775e+01,
8.2999940517e+01,
8.2999953352e+01,
8.2999963177e+01,
8.2999970703e+01,
8.2999976486e+01,
8.2999980950e+01,
8.2999984413e+01,
8.2999987114e+01,
8.2999989235e+01,
8.2999990917e+01,
8.2999992272e+01,
8.2999993386e+01,
8.2999994324e+01,
8.2999995125e+01,
8.2999995819e+01,
8.2999996424e+01,
8.2999996953e+01,
8.2999997417e+01,
8.2999997827e+01,
8.2999998189e+01,
8.2999998509e+01,
8.2999998791e+01,
8.2999999037e+01,
8.2999999249e+01,
8.2999999429e+01,
8.2999999578e+01,
8.3000000000e+01,
8.3000000000e+01,
8.3000000000e+01,
8.3000000000e+01,
8.3000000000e+01,
8.3000000000e+01,
8.3000000000e+01,
8.3000000000e+01,
8.3000000000e+01,
