0.0000000000e+00,
4.8512760031e-07,
1.5486234901e-05,
1.1712124829e-04,
4.9074686430e-04,
1.4867305606e-03,
3.6665938777e-03,
7.8419713795e-03,
1.5105104325e-02,
2.6849909973e-02,
4.4783000307e-02,
7.0924311295e-02,
1.0759717082e-01,
1.5740760017e-01,
2.2321235314e-01,
3.0807465776e-01,
4.1520596654e-01,
5.4789152328e-01,
7.0939764442e-01,
9.0285976523e-01,
1.1311528593e+00,
1.3967497693e+00,
1.7015776725e+00,
2.0468871185e+00,
2.4331502176e+00,
2.8600031882e+00,
3.3262429895e+00,
3.8298788865e+00,
4.3682296483e+00,
4.9380485867e+00,
5.5356545940e+00,
6.1570492450e+00,
6.7980075290e+00,
7.4541406014e+00,
8.1209395881e+00,
8.7938162028e+00,
9.4681559446e+00,
1.0139392315e+01,
1.0803098485e+01,
1.1455081961e+01,
1.2091464297e+01,
1.2708733846e+01,
1.3303770781e+01,
1.3873852719e+01,
1.4416651859e+01,
1.4930231404e+01,
1.5413044059e+01,
1.5863931688e+01,
1.6282123637e+01,
1.6667231451e+01,
1.7019238533e+01,
1.7338484246e+01,
1.7625642643e+01,
1.7881696350e+01,
1.8107906305e+01,
1.8305778058e+01,
1.8477025306e+01,
1.8623531297e+01,
1.8747308738e+01,
1.8850458837e+01,
1.8935130169e+01,
1.9003478101e+01,
1.9057625578e+01,
1.9099626115e+01,
1.9131429863e+01,
1.9154853636e+01,
1.9171555703e+01,
1.9183016093e+01,
1.9190523035e+01,
1.9195165940e+01,
1.9197835205e+01,
1.9199228818e+01,
1.9199865575e+01,
1.9200104445e+01,
1.9200169423e+01,
1.9200179014e+01,
1.9200180327e+01,
1.9200211331e+01,
1.9200421392e+01,
1.9201193591e+01,
1.9203251952e+01,
1.9207756422e+01,
1.9216382253e+01,
1.9231380241e+01,
1.9255614522e+01,
1.9292574850e+01,
1.9346360641e+01,
1.9421634588e+01,
1.9523544438e+01,
1.9657612564e+01,
1.9829594421e+01,
2.0045308682e+01,
2.0310443904e+01,
2.0630348739e+01,
2.1009814861e+01,
2.1452863728e+01,
2.1962549669e+01,
2.2540792311e+01,
2.3188250485e+01,
2.3904247048e+01,
2.4686749410e+01,
2.5532404458e+01,
2.6436620722e+01,
2.7393687484e+01,
2.8396921999e+01,
2.9438841765e+01,
3.0511364300e+01,
3.1606035393e+01,
3.2714274779e+01,
3.3827612068e+01,
3.4937880376e+01,
3.6037349782e+01,
3.7118808708e+01,
3.8175618454e+01,
3.9201763659e+01,
4.0191906033e+01,
4.1141434369e+01,
4.2046498763e+01,
4.2904020413e+01,
4.3711675300e+01,
4.4467856095e+01,
4.5171619715e+01,
4.5822628134e+01,
4.6421088397e+01,
4.6967695437e+01,
4.7463579203e+01,
4.7910256073e+01,
4.8309583707e+01,
4.8663718231e+01,
4.8975072649e+01,
4.9246275644e+01,
4.9480130145e+01,
4.9679571330e+01,
4.9847623945e+01,
4.9987359028e+01,
5.0101850359e+01,
5.0194131118e+01,
5.0267151477e+01,
5.0323737967e+01,
5.0366555674e+01,
5.0398074353e+01,
5.0420539611e+01,
5.0435950278e+01,
5.0446042918e+01,
5.0452284291e+01,
5.0455872279e+01,
5.0457745480e+01,
5.0458601349e+01,
5.0458922412e+01,
5.0459009749e+01,
5.0459022640e+01,
5.0459023864e+01,
5.0459048812e+01,
5.0459217839e+01,
5.0459839194e+01,
5.0461495462e+01,
5.0465119983e+01,
5.0472060677e+01,
5.0484128418e+01,
5.0503627236e+01,
5.0533363805e+01,
5.0576633943e+01,
5.0637184281e+01,
5.0719147854e+01,
5.0826953294e+01,
5.0965208433e+01,
5.1138560649e+01,
5.1351537903e+01,
5.1608376228e+01,
5.1912841028e+01,
5.2268050948e+01,
5.2676313862e+01,
5.3138984744e+01,
5.3656354783e+01,
5.4227580084e+01,
5.4850656811e+01,
5.5522447349e+01,
5.6238758453e+01,
5.6994466937e+01,
5.7783681635e+01,
5.8599924610e+01,
5.9436313467e+01,
6.0285732444e+01,
6.1140990379e+01,
6.1994972477e+01,
6.2840794329e+01,
6.3671960230e+01,
6.4482518028e+01,
6.5267195525e+01,
6.6021502258e+01,
6.6741785271e+01,
6.7425235579e+01,
6.8069850214e+01,
6.8674360716e+01,
6.9238141555e+01,
6.9761111514e+01,
7.0243638489e+01,
7.0686454553e+01,
7.1090584617e+01,
7.1457289131e+01,
7.1788019385e+01,
7.2084382950e+01,
7.2348116560e+01,
7.2581063910e+01,
7.2785156307e+01,
7.2962394604e+01,
7.3114831318e+01,
7.3244552238e+01,
7.3353657144e+01,
7.3444239503e+01,
7.3518365247e+01,
7.3578050877e+01,
7.3625241349e+01,
7.3661788303e+01,
7.3689429313e+01,
7.3709768959e+01,
7.3724262496e+01,
7.3734202935e+01,
7.3740712259e+01,
7.3744737366e+01,
7.3747051176e+01,
7.3748259129e+01,
7.3748811037e+01,
7.3749018074e+01,
7.3749074393e+01,
7.3749082706e+01,
7.3749083446e+01,
7.3749098008e+01,
7.3749196669e+01,
7.3749559354e+01,
7.3750526111e+01,
7.3752641697e+01,
7.3756692774e+01,
7.3763735985e+01,
7.3775115276e+01,
7.3792466847e+01,
7.3817710315e+01,
7.3853024864e+01,
7.3900809580e+01,
7.3963627731e+01,
7.4044135548e+01,
7.4144997074e+01,
7.4268787775e+01,
7.4417890818e+01,
7.4594390977e+01,
7.4799971957e+01,
7.5035823211e+01,
7.5302562169e+01,
7.5600177020e+01,
7.5927994069e+01,
7.6284672550e+01,
7.6668228647e+01,
7.7076089629e+01,
7.7505177652e+01,
7.7952020316e+01,
7.8412880737e+01,
7.8883894480e+01,
7.9361196724e+01,
7.9841024013e+01,
8.0319782240e+01,
8.0794083562e+01,
8.1260763912e+01,
8.1716895354e+01,
8.2159803304e+01,
8.2587091385e+01,
8.2996670420e+01,
8.3386785065e+01,
8.3756031934e+01,
8.4103365367e+01,
8.4428089868e+01,
8.4729840617e+01,
8.5008554942e+01,
8.5264438144e+01,
8.5497926921e+01,
8.5709653027e+01,
8.5900409041e+01,
8.6071117349e+01,
8.6222802832e+01,
8.6356569221e+01,
8.6473578804e+01,
8.6575034934e+01,
8.6662166744e+01,
8.6736215450e+01,
8.6798421725e+01,
8.6850013685e+01,
8.6892195206e+01,
8.6926134401e+01,
8.6952952249e+01,
8.6973711517e+01,
8.6989406208e+01,
8.7000951902e+01,
8.7009177390e+01,
8.7014818050e+01,
8.7018511377e+01,
8.7020795040e+01,
8.7022107741e+01,
8.7022793038e+01,
8.7023106144e+01,
8.7023223598e+01,
8.7023255549e+01,
8.7023260265e+01,
8.7023260682e+01,
8.7023268857e+01,
8.7023324248e+01,
8.7023527868e+01,
8.7024070625e+01,
8.7025258337e+01,
8.7027532575e+01,
8.7031486326e+01,
8.7037873502e+01,
8.7047611332e+01,
8.7061774735e+01,
8.7081581884e+01,
8.7108370402e+01,
8.7143563934e+01,
8.7188629320e+01,
8.7245025202e+01,
8.7314143605e+01,
8.7397246826e+01,
8.7495402736e+01,
8.7609422291e+01,
8.7739803448e+01,
8.7886685808e+01,
8.8049819976e+01,
8.8228554773e+01,
8.8421844217e+01,
8.8628274541e+01,
8.8846109807e+01,
8.9073353002e+01,
8.9307818237e+01,
8.9547208932e+01,
8.9789196728e+01,
9.0031496335e+01,
9.0271932329e+01,
9.0508494980e+01,
9.0739383229e+01,
9.0963033993e+01,
9.1178137907e+01,
9.1383642513e+01,
9.1578744649e+01,
9.1762874372e+01,
9.1935672989e+01,
9.2096967771e+01,
9.2246745536e+01,
9.2385126849e+01,
9.2512341986e+01,
9.2628709351e+01,
9.2734616622e+01,
9.2830504646e+01,
9.2916853939e+01,
9.2994173539e+01,
9.3062991939e+01,
9.3123849781e+01,
9.3177294018e+01,
9.3223873219e+01,
9.3264133752e+01,
9.3298616546e+01,
9.3327854222e+01,
9.3352368364e+01,
9.3372666786e+01,
9.3389240692e+01,
9.3402561665e+01,
9.3413078498e+01,
9.3421213936e+01,
9.3427361428e+01,
9.3431882049e+01,
9.3435101771e+01,
9.3437309276e+01,
9.3438754491e+01,
9.3439648022e+01,
9.3440161618e+01,
9.3440429734e+01,
9.3440552232e+01,
9.3440598184e+01,
9.3440610684e+01,
9.3440612529e+01,
9.3440612695e+01,
9.3440615971e+01,
9.3440638170e+01,
9.3440719774e+01,
9.3440937290e+01,
9.3441413266e+01,
9.3442324617e+01,
9.3443908836e+01,
9.3446467672e+01,
9.3450367836e+01,
9.3456038329e+01,
9.3463964023e+01,
9.3474675213e+01,
9.3488733032e+01,
9.3506710823e+01,
9.3529171887e+01,
9.3556644360e+01,
9.3589594357e+01,
9.3628398889e+01,
9.3673320348e+01,
9.3724484482e+01,
9.3781863790e+01,
9.3845267981e+01,
9.3914342703e+01,
9.3988577108e+01,
9.4067320060e+01,
9.4149804042e+01,
9.4235175111e+01,
9.4322526736e+01,
9.4410935033e+01,
9.4499492894e+01,
9.4587340703e+01,
9.4673691808e+01,
9.4757851516e+01,
9.4839229104e+01,
9.4917342991e+01,
9.4991819823e+01,
9.5062388625e+01,
9.5128871401e+01,
9.5191171567e+01,
9.5249261501e+01,
9.5303170218e+01,
9.5352971909e+01,
9.5398775804e+01,
9.5440717556e+01,
9.5478952159e+01,
9.5513648292e+01,
9.5544983902e+01,
9.5573142818e+01,
9.5598312192e+01,
9.5620680576e+01,
9.5640436481e+01,
9.5657767286e+01,
9.5672858391e+01,
9.5685892520e+01,
9.5697049110e+01,
9.5706503722e+01,
9.5714427425e+01,
9.5720986129e+01,
9.5726339823e+01,
9.5730641743e+01,
9.5734037450e+01,
9.5736663863e+01,
9.5738648274e+01,
9.5740107409e+01,
9.5741146587e+01,
9.5741859038e+01,
9.5742325454e+01,
9.5742613819e+01,
9.5742779568e+01,
9.5742866094e+01,
9.5742905626e+01,
9.5742920456e+01,
9.5742924490e+01,
9.5742925085e+01,
9.5742925140e+01,
9.5742926242e+01,
9.5742933707e+01,
9.5742961147e+01,
9.5743034289e+01,
9.5743194338e+01,
9.5743500778e+01,
9.5744033445e+01,
9.5744893750e+01,
9.5746204880e+01,
9.5748110837e+01,
9.5750774194e+01,
9.5754372455e+01,
9.5759092979e+01,
9.5765126519e+01,
9.5772659503e+01,
9.5781865345e+01,
9.5792895185e+01,
9.5805868586e+01,
9.5820864794e+01,
9.5837915235e+01,
9.5856997836e+01,
9.5878033703e+01,
9.5900886500e+01,
9.5925364666e+01,
9.5951226429e+01,
9.5978187360e+01,
9.6005930145e+01,
9.6034116094e+01,
9.6062397930e+01,
9.6090433278e+01,
9.6117898194e+01,
9.6144499920e+01,
9.6169987912e+01,
9.6194162132e+01,
9.6216877740e+01,
9.6238045673e+01,
9.6257629160e+01,
9.6275636848e+01,
9.6292113656e+01,
9.6307130719e+01,
9.6320775698e+01,
9.6333144377e+01,
9.6344334099e+01,
9.6354439149e+01,
9.6363547930e+01,
9.6371741602e+01,
9.6379093783e+01,
9.6385670969e+01,
9.6391533354e+01,
9.6396735820e+01,
9.6401328947e+01,
9.6405359941e+01,
9.6408873412e+01,
9.6411911995e+01,
9.6414516792e+01,
9.6416727662e+01,
9.6418583358e+01,
9.6420121545e+01,
9.6421378709e+01,
9.6422389994e+01,
9.6423188978e+01,
9.6423807411e+01,
9.6424274946e+01,
9.6424618878e+01,
9.6424863902e+01,
9.6425031927e+01,
9.6425141945e+01,
9.6425209971e+01,
9.6425249074e+01,
9.6425269487e+01,
9.6425278814e+01,
9.6425282313e+01,
9.6425283265e+01,
9.6425283405e+01,
9.6425283418e+01,
9.6425283692e+01,
9.6425285545e+01,
9.6425292356e+01,
9.6425310512e+01,
9.6425350241e+01,
9.6425426312e+01,
9.6425558554e+01,
9.6425772170e+01,
9.6426097804e+01,
9.6426571342e+01,
9.6427233404e+01,
9.6428128534e+01,
9.6429304064e+01,
9.6430808700e+01,
9.6432690865e+01,
9.6434996900e+01,
9.6437769223e+01,
9.6441044591e+01,
9.6444852606e+01,
9.6449214584e+01,
9.6454142860e+01,
9.6459640583e+01,
9.6465701919e+01,
9.6472312606e+01,
9.6479450698e+01,
9.6487087385e+01,
9.6495187758e+01,
9.6503711475e+01,
9.6512613303e+01,
9.6521843572e+01,
9.6531348606e+01,
9.6541071196e+01,
9.6550951163e+01,
9.6560926052e+01,
9.6570931965e+01,
9.6580904517e+01,
9.6590779885e+01,
9.6600495905e+01,
9.6609993173e+01,
9.6619216090e+01,
9.6628113807e+01,
9.6636641035e+01,
9.6644758673e+01,
9.6652434260e+01,
9.6659642220e+01,
9.6666363931e+01,
9.6672587617e+01,
9.6678308094e+01,
9.6683526398e+01,
9.6688249319e+01,
9.6692488873e+01,
9.6696261723e+01,
9.6699588581e+01,
9.6702493592e+01,
9.6705003721e+01,
9.6707148135e+01,
9.6708957602e+01,
9.6710463896e+01,
9.6711699217e+01,
9.6712695630e+01,
9.6713484536e+01,
9.6714096167e+01,
9.6714559132e+01,
9.6714900014e+01,
9.6715143025e+01,
9.6715309747e+01,
9.6715418944e+01,
9.6715486477e+01,
9.6715525300e+01,
9.6715545570e+01,
9.6715554831e+01,
9.6715558305e+01,
9.6715559250e+01,
9.6715559389e+01,
9.6715559403e+01,
9.6715559691e+01,
9.6715561638e+01,
9.6715568797e+01,
9.6715587879e+01,
9.6715629638e+01,
9.6715709606e+01,
9.6715848652e+01,
9.6716073338e+01,
9.6716416036e+01,
9.6716914791e+01,
9.6717612901e+01,
9.6718558215e+01,
9.6719802119e+01,
9.6721398246e+01,
9.6723400900e+01,
9.6725863246e+01,
9.6728835303e+01,
9.6732361815e+01,
9.6736480068e+01,
9.6741217770e+01,
9.6746591082e+01,
9.6752602934e+01,
9.6759241735e+01,
9.6766480598e+01,
9.6774277173e+01,
9.6782574180e+01,
9.6791300648e+01,
9.6800373882e+01,
9.6809702064e+01,
9.6819187361e+01,
9.6828729372e+01,
9.6838228665e+01,
9.6847590188e+01,
9.6856726319e+01,
9.6865559354e+01,
9.6874023320e+01,
9.6882065044e+01,
9.6889644484e+01,
9.6896734406e+01,
9.6903319515e+01,
9.6909395189e+01,
9.6914965957e+01,
9.6920043879e+01,
9.6924646915e+01,
9.6928797408e+01,
9.6932520717e+01,
9.6935844048e+01,
9.6938795491e+01,
9.6941403271e+01,
9.6943695176e+01,
9.6945698155e+01,
9.6947438057e+01,
9.6948939478e+01,
9.6950225692e+01,
9.6951318635e+01,
9.6952238938e+01,
9.6953005968e+01,
9.6953637880e+01,
9.6954151665e+01,
9.6954563178e+01,
9.6954887157e+01,
9.6955137223e+01,
9.6955325863e+01,
9.6955464405e+01,
9.6955562987e+01,
9.6955630532e+01,
9.6955674734e+01,
9.6955702055e+01,
9.6955717756e+01,
9.6955725951e+01,
9.6955729696e+01,
9.6955731100e+01,
9.6955731482e+01,
9.6955731539e+01,
9.6955731545e+01,
9.6955731668e+01,
9.6955732505e+01,
9.6955735580e+01,
9.6955743777e+01,
9.6955761711e+01,
9.6955796041e+01,
9.6955855687e+01,
9.6955951948e+01,
9.6956098481e+01,
9.6956311120e+01,
9.6956607519e+01,
9.6957006588e+01,
9.6957527719e+01,
9.6958189809e+01,
9.6959010111e+01,
9.6960002956e+01,
9.6961178449e+01,
9.6962541231e+01,
9.6964089447e+01,
9.6965814036e+01,
9.6967698487e+01,
9.6969719122e+01,
9.6971845951e+01,
9.6974044067e+01,
9.6976275479e+01,
9.6978501207e+01,
9.6980683459e+01,
9.6982787648e+01,
9.6984784080e+01,
9.6986649146e+01,
9.6988365957e+01,
9.6989924419e+01,
9.6991320817e+01,
9.6992557016e+01,
9.6993639430e+01,
9.6994577880e+01,
9.6995384460e+01,
9.6996072521e+01,
9.6996655804e+01,
9.6997147790e+01,
9.6997561234e+01,
9.6997907884e+01,
9.6998198324e+01,
9.6998441920e+01,
9.6998646815e+01,
9.6998819981e+01,
9.6998967299e+01,
9.6999093664e+01,
9.6999203088e+01,
9.6999298816e+01,
9.6999383419e+01,
9.6999458895e+01,
9.6999526753e+01,
9.6999588100e+01,
9.6999643730e+01,
9.6999694198e+01,
9.6999739886e+01,
9.6999781067e+01,
9.6999817943e+01,
9.6999850684e+01,
9.6999879453e+01,
9.6999904422e+01,
9.6999925784e+01,
9.6999943758e+01,
9.6999958589e+01,
9.6999970547e+01,
9.6999979925e+01,
9.6999987031e+01,
9.6999992187e+01,
9.6999995719e+01,
9.6999997955e+01,
9.6999999213e+01,
9.7000000000e+01,
9.7000000000e+01,
