0.0000000000e+00,
1.1248410203e-07,
3.5907139022e-06,
2.7156286301e-05,
1.1378661900e-04,
3.4471739440e-04,
8.5013476950e-04,
1.8181883364e-03,
3.5020132136e-03,
6.2245184274e-03,
1.0380775008e-02,
1.6437915573e-02,
2.4932530727e-02,
3.6465608867e-02,
5.1695107624e-02,
7.1326262411e-02,
9.6099729760e-02,
1.2677763673e-01,
1.6412757695e-01,
2.0890458120e-01,
2.6183112215e-01,
3.2357531543e-01,
3.9472766622e-01,
4.7577698134e-01,
5.6708639104e-01,
6.6887075032e-01,
7.8117694386e-01,
9.0386872557e-01,
1.0366176245e+00,
1.1789011167e+00,
1.3300087212e+00,
1.4890559971e+00,
1.6550057006e+00,
1.8266947260e+00,
2.0028649988e+00,
2.1821962844e+00,
2.3633389272e+00,
2.5449448116e+00,
2.7256952664e+00,
2.9043251260e+00,
3.0796426318e+00,
3.2505452448e+00,
3.4160317036e+00,
3.5752108064e+00,
3.7273074224e+00,
3.8716661966e+00,
4.0077533190e+00,
4.1351566316e+00,
4.2535842496e+00,
4.3628618078e+00,
4.4629283941e+00,
4.5538312180e+00,
4.6357190560e+00,
4.7088345309e+00,
4.7735053037e+00,
4.8301342764e+00,
4.8791889338e+00,
4.9211899779e+00,
4.9566994299e+00,
4.9863084063e+00,
5.0106247915e+00,
5.0302610525e+00,
5.0458224563e+00,
5.0578959587e+00,
5.0670400322e+00,
5.0737756964e+00,
5.0785789884e+00,
5.0818750854e+00,
5.0840342462e+00,
5.0853696897e+00,
5.0861374675e+00,
5.0865383256e+00,
5.0867214829e+00,
5.0867901919e+00,
5.0868088825e+00,
5.0868116412e+00,
5.0868120188e+00,
5.0868209370e+00,
5.0868813592e+00,
5.0871034769e+00,
5.0876955540e+00,
5.0889912646e+00,
5.0914725689e+00,
5.0957871514e+00,
5.1027595191e+00,
5.1133949540e+00,
5.1288756294e+00,
5.1505483661e+00,
5.1799037195e+00,
5.2185463812e+00,
5.2681572411e+00,
5.3304478910e+00,
5.4071088352e+00,
5.4997531610e+00,
5.6098578679e+00,
5.7387053831e+00,
5.8873279605e+00,
6.0564576482e+00,
6.2464843455e+00,
6.4574242586e+00,
6.6889008969e+00,
6.9401406666e+00,
7.2099849387e+00,
7.4969197742e+00,
7.7991227627e+00,
8.1145235523e+00,
8.4408714051e+00,
8.7758012042e+00,
9.1168903930e+00,
9.4617033681e+00,
9.8078249109e+00,
1.0152887612e+01,
1.0494598492e+01,
1.0830767767e+01,
1.1159339671e+01,
1.1478423058e+01,
1.1786318692e+01,
1.2081540606e+01,
1.2362830024e+01,
1.2629161561e+01,
1.2879742426e+01,
1.3114005910e+01,
1.3331600679e+01,
1.3532377287e+01,
1.3716373074e+01,
1.3883796295e+01,
1.4035010003e+01,
1.4170515955e+01,
1.4290938622e+01,
1.4397009272e+01,
1.4489550024e+01,
1.4569457794e+01,
1.4637688061e+01,
1.4695238435e+01,
1.4743132097e+01,
1.4782401217e+01,
1.4814070563e+01,
1.4839141561e+01,
1.4858577131e+01,
1.4873287663e+01,
1.4884118529e+01,
1.4891839504e+01,
1.4897136482e+01,
1.4900605787e+01,
1.4902751333e+01,
1.4903984780e+01,
1.4904628742e+01,
1.4904922972e+01,
1.4905033347e+01,
1.4905063372e+01,
1.4905067804e+01,
1.4905068224e+01,
1.4905076801e+01,
1.4905134909e+01,
1.4905348520e+01,
1.4905917918e+01,
1.4907163989e+01,
1.4909550194e+01,
1.4913699294e+01,
1.4920403923e+01,
1.4930630193e+01,
1.4945513646e+01,
1.4966346978e+01,
1.4994559207e+01,
1.5031686222e+01,
1.5079333023e+01,
1.5139128438e+01,
1.5212673584e+01,
1.5301485931e+01,
1.5406941332e+01,
1.5530216830e+01,
1.5672237337e+01,
1.5833629268e+01,
1.6014683973e+01,
1.6215333177e+01,
1.6435137762e+01,
1.6673290161e+01,
1.6928629588e+01,
1.7199668484e+01,
1.7484628153e+01,
1.7781481623e+01,
1.8088002270e+01,
1.8401817331e+01,
1.8720465709e+01,
1.9041459076e+01,
1.9362344052e+01,
1.9680761756e+01,
1.9994499997e+01,
2.0301533737e+01,
2.0600051342e+01,
2.0888466954e+01,
2.1165421778e+01,
2.1429778312e+01,
2.1680611264e+01,
2.1917197687e+01,
2.2139007404e+01,
2.2345693750e+01,
2.2537084114e+01,
2.2713169732e+01,
2.2874094398e+01,
2.3020142024e+01,
2.3151723219e+01,
2.3269361172e+01,
2.3373677158e+01,
2.3465375930e+01,
2.3545231204e+01,
2.3614071346e+01,
2.3672765300e+01,
2.3722208781e+01,
2.3763310718e+01,
2.3796979979e+01,
2.3824112437e+01,
2.3845578495e+01,
2.3862211259e+01,
2.3874795598e+01,
2.3884058369e+01,
2.3890660120e+01,
2.3895188588e+01,
2.3898154257e+01,
2.3899988218e+01,
2.3901042499e+01,
2.3901592910e+01,
2.3901844393e+01,
2.3901938732e+01,
2.3901964395e+01,
2.3901968182e+01,
2.3901968519e+01,
2.3901975155e+01,
2.3902020111e+01,
2.3902185374e+01,
2.3902625895e+01,
2.3903589918e+01,
2.3905435963e+01,
2.3908645705e+01,
2.3913832032e+01,
2.3921741622e+01,
2.3933251432e+01,
2.3949358606e+01,
2.3971163478e+01,
2.3999845528e+01,
2.4036632473e+01,
2.4082762978e+01,
2.4139443941e+01,
2.4207803683e+01,
2.4288842864e+01,
2.4383385339e+01,
2.4492031458e+01,
2.4615116551e+01,
2.4752677351e+01,
2.4904428917e+01,
2.5069754321e+01,
2.5247708691e+01,
2.5437038456e+01,
2.5636215591e+01,
2.5843485526e+01,
2.6056926184e+01,
2.6274514548e+01,
2.6494196344e+01,
2.6713954080e+01,
2.6931868899e+01,
2.7146172416e+01,
2.7355285910e+01,
2.7557845684e+01,
2.7752714829e+01,
2.7938982862e+01,
2.8115955577e+01,
2.8283137863e+01,
2.8440212272e+01,
2.8587015795e+01,
2.8723516808e+01,
2.8849793566e+01,
2.8966015051e+01,
2.9072424511e+01,
2.9169325688e+01,
2.9257071490e+01,
2.9336054749e+01,
2.9406700670e+01,
2.9469460561e+01,
2.9524806510e+01,
2.9573226693e+01,
2.9615221054e+01,
2.9651297175e+01,
2.9681966167e+01,
2.9707738477e+01,
2.9729119549e+01,
2.9746605320e+01,
2.9760677575e+01,
2.9771799236e+01,
2.9780409681e+01,
2.9786920263e+01,
2.9791710178e+01,
2.9795122889e+01,
2.9797463284e+01,
2.9798995751e+01,
2.9799943329e+01,
2.9800488025e+01,
2.9800772386e+01,
2.9800902309e+01,
2.9800951047e+01,
2.9800964304e+01,
2.9800966261e+01,
2.9800966434e+01,
2.9800969827e+01,
2.9800992811e+01,
2.9801077303e+01,
2.9801302520e+01,
2.9801795364e+01,
2.9802739077e+01,
2.9804379754e+01,
2.9807030322e+01,
2.9811071593e+01,
2.9816950030e+01,
2.9825171927e+01,
2.9836293773e+01,
2.9850908753e+01,
2.9869629473e+01,
2.9893067314e+01,
2.9921809052e+01,
2.9956391726e+01,
2.9997277018e+01,
3.0044826606e+01,
3.0099280095e+01,
3.0160737079e+01,
3.0229144666e+01,
3.0304291489e+01,
3.0385808718e+01,
3.0473178117e+01,
3.0565746713e+01,
3.0662747240e+01,
3.0763323274e+01,
3.0866557772e+01,
3.0971503562e+01,
3.1077214186e+01,
3.1182773316e+01,
3.1287320886e+01,
3.1390074184e+01,
3.1490342583e+01,
3.1587535347e+01,
3.1681162852e+01,
3.1770832404e+01,
3.1856240378e+01,
3.1937162490e+01,
3.2013443743e+01,
3.2084989092e+01,
3.2151755363e+01,
3.2213744519e+01,
3.2270998122e+01,
3.2323592719e+01,
3.2371635883e+01,
3.2415262680e+01,
3.2454632415e+01,
3.2489925558e+01,
3.2521340808e+01,
3.2549092251e+01,
3.2573406602e+01,
3.2594520520e+01,
3.2612677951e+01,
3.2628127501e+01,
3.2641119791e+01,
3.2651904812e+01,
3.2660729235e+01,
3.2667833732e+01,
3.2673450311e+01,
3.2677799724e+01,
3.2681089022e+01,
3.2683509322e+01,
3.2685233900e+01,
3.2686416674e+01,
3.2687191178e+01,
3.2687670095e+01,
3.2687945395e+01,
3.2688089118e+01,
3.2688154785e+01,
3.2688179418e+01,
3.2688186119e+01,
3.2688187108e+01,
3.2688187197e+01,
3.2688188953e+01,
3.2688200854e+01,
3.2688244599e+01,
3.2688361206e+01,
3.2688616378e+01,
3.2689104996e+01,
3.2689954492e+01,
3.2691326930e+01,
3.2693419572e+01,
3.2696463774e+01,
3.2700722034e+01,
3.2706483103e+01,
3.2714055103e+01,
3.2723756718e+01,
3.2735906619e+01,
3.2750811438e+01,
3.2768752753e+01,
3.2789973674e+01,
3.2814665759e+01,
3.2842957036e+01,
3.2874901943e+01,
3.2910473920e+01,
3.2949561268e+01,
3.2991966704e+01,
3.3037410800e+01,
3.3085539253e+01,
3.3135933641e+01,
3.3188125112e+01,
3.3241610203e+01,
3.3295867866e+01,
3.3350376653e+01,
3.3404631058e+01,
3.3458156061e+01,
3.3510519146e+01,
3.3561339286e+01,
3.3610292682e+01,
3.3657115322e+01,
3.3701602665e+01,
3.3743606932e+01,
3.3783032596e+01,
3.3819830668e+01,
3.3853992366e+01,
3.3885542642e+01,
3.3914533958e+01,
3.3941040580e+01,
3.3965153543e+01,
3.3986976369e+01,
3.4006621531e+01,
3.4024207618e+01,
3.4039857107e+01,
3.4053694663e+01,
3.4065845842e+01,
3.4076436106e+01,
3.4085590059e+01,
3.4093430819e+01,
3.4100079454e+01,
3.4105654438e+01,
3.4110271087e+01,
3.4114040946e+01,
3.4117071125e+01,
3.4119463587e+01,
3.4121314406e+01,
3.4122713026e+01,
3.4123741549e+01,
3.4124474112e+01,
3.4124976380e+01,
3.4125305210e+01,
3.4125508517e+01,
3.4125625377e+01,
3.4125686383e+01,
3.4125714255e+01,
3.4125724711e+01,
3.4125727555e+01,
3.4125727975e+01,
3.4125728014e+01,
3.4125728790e+01,
3.4125734053e+01,
3.4125753400e+01,
3.4125804970e+01,
3.4125917815e+01,
3.4126133878e+01,
3.4126509460e+01,
3.4127116087e+01,
3.4128040673e+01,
3.4129384871e+01,
3.4131263537e+01,
3.4133802226e+01,
3.4137133711e+01,
3.4141393544e+01,
3.4146714779e+01,
3.4153222031e+01,
3.4161025193e+01,
3.4170213161e+01,
3.4180848037e+01,
3.4192960271e+01,
3.4206545200e+01,
3.4221561352e+01,
3.4237930749e+01,
3.4255541247e+01,
3.4274250772e+01,
3.4293893091e+01,
3.4314284629e+01,
3.4335231746e+01,
3.4356537888e+01,
3.4378010106e+01,
3.4399464539e+01,
3.4420730658e+01,
3.4441654196e+01,
3.4462098857e+01,
3.4481946963e+01,
3.4501099301e+01,
3.4519474365e+01,
3.4537007255e+01,
3.4553648360e+01,
3.4569361989e+01,
3.4584124995e+01,
3.4597925463e+01,
3.4610761468e+01,
3.4622639905e+01,
3.4633575411e+01,
3.4643589351e+01,
3.4652708887e+01,
3.4660966117e+01,
3.4668397283e+01,
3.4675042065e+01,
3.4680942922e+01,
3.4686144515e+01,
3.4690693170e+01,
3.4694636393e+01,
3.4698022409e+01,
3.4700899734e+01,
3.4703316743e+01,
3.4705321253e+01,
3.4706960094e+01,
3.4708278681e+01,
3.4709320582e+01,
3.4710127096e+01,
3.4710736844e+01,
3.4711185400e+01,
3.4711504964e+01,
3.4711724106e+01,
3.4711867593e+01,
3.4711956314e+01,
3.4712007313e+01,
3.4712033937e+01,
3.4712046101e+01,
3.4712050664e+01,
3.4712051906e+01,
3.4712052089e+01,
3.4712052106e+01,
3.4712052463e+01,
3.4712054879e+01,
3.4712063763e+01,
3.4712087442e+01,
3.4712139257e+01,
3.4712238471e+01,
3.4712410945e+01,
3.4712689546e+01,
3.4713114242e+01,
3.4713731825e+01,
3.4714595250e+01,
3.4715762544e+01,
3.4717295279e+01,
3.4719256620e+01,
3.4721708991e+01,
3.4724711426e+01,
3.4728316726e+01,
3.4732568557e+01,
3.4737498683e+01,
3.4743124500e+01,
3.4749447086e+01,
3.4756449918e+01,
3.4764098395e+01,
3.4772340241e+01,
3.4781106797e+01,
3.4790315148e+01,
3.4799870962e+01,
3.4809671865e+01,
3.4819611146e+01,
3.4829581556e+01,
3.4839478969e+01,
3.4849205700e+01,
3.4858673299e+01,
3.4867804690e+01,
3.4876535602e+01,
3.4884815267e+01,
3.4892606435e+01,
3.4899884806e+01,
3.4906637978e+01,
3.4912864073e+01,
3.4918570152e+01,
3.4923770559e+01,
3.4928485297e+01,
3.4932738506e+01,
3.4936557111e+01,
3.4939969666e+01,
3.4943005398e+01,
3.4945693465e+01,
3.4948062391e+01,
3.4950139673e+01,
3.4951951524e+01,
3.4953522734e+01,
3.4954876609e+01,
3.4956034979e+01,
3.4957018248e+01,
3.4957845463e+01,
3.4958534396e+01,
3.4959101621e+01,
3.4959562579e+01,
3.4959931631e+01,
3.4960222088e+01,
3.4960446224e+01,
3.4960615271e+01,
3.4960739406e+01,
3.4960827727e+01,
3.4960888238e+01,
3.4960927834e+01,
3.4960952307e+01,
3.4960966371e+01,
3.4960973713e+01,
3.4960977067e+01,
3.4960978325e+01,
3.4960978667e+01,
3.4960978718e+01,
3.4960978723e+01,
3.4960978827e+01,
3.4960979532e+01,
3.4960982124e+01,
3.4960989034e+01,
3.4961004151e+01,
3.4961033089e+01,
3.4961083368e+01,
3.4961164515e+01,
3.4961288048e+01,
3.4961467326e+01,
3.4961717254e+01,
3.4962053813e+01,
3.4962493418e+01,
3.4963052106e+01,
3.4963744583e+01,
3.4964583164e+01,
3.4965576694e+01,
3.4966729518e+01,
3.4968040626e+01,
3.4969503059e+01,
3.4971103689e+01,
3.4972823433e+01,
3.4974637918e+01,
3.4976518595e+01,
3.4978434186e+01,
3.4980352372e+01,
3.4982241532e+01,
3.4984072390e+01,
3.4985819399e+01,
3.4987461765e+01,
3.4988984032e+01,
3.4990376234e+01,
3.4991633648e+01,
3.4992756234e+01,
3.4993747864e+01,
3.4994615438e+01,
3.4995367995e+01,
3.4996015884e+01,
3.4996570048e+01,
3.4997041445e+01,
3.4997440620e+01,
3.4997777407e+01,
3.4998060750e+01,
3.4998298622e+01,
3.4998498012e+01,
3.4998664965e+01,
3.4998804655e+01,
3.4998921467e+01,
3.4999019098e+01,
3.4999100645e+01,
3.4999168692e+01,
3.4999225393e+01,
3.4999272540e+01,
3.4999311628e+01,
3.4999343905e+01,
3.4999370420e+01,
3.4999392058e+01,
3.4999409571e+01,
3.4999423602e+01,
3.4999434706e+01,
3.4999443364e+01,
3.4999449997e+01,
3.4999454972e+01,
3.4999458610e+01,
3.4999461190e+01,
3.4999462954e+01,
3.4999464107e+01,
3.4999464819e+01,
3.4999465228e+01,
3.4999465441e+01,
3.4999465538e+01,
3.4999465575e+01,
3.4999465585e+01,
3.4999465586e+01,
3.4999465587e+01,
3.4999465590e+01,
3.4999465612e+01,
3.4999465692e+01,
3.4999465905e+01,
3.4999466371e+01,
3.4999467263e+01,
3.4999468812e+01,
3.4999471305e+01,
3.4999475088e+01,
3.4999480551e+01,
3.4999488114e+01,
3.4999498200e+01,
3.4999511206e+01,
3.4999527460e+01,
3.4999547180e+01,
3.4999570433e+01,
3.4999597099e+01,
3.4999626848e+01,
3.4999659139e+01,
3.4999693243e+01,
3.4999728285e+01,
3.4999763315e+01,
3.4999797382e+01,
3.4999829616e+01,
3.4999859293e+01,
3.4999885891e+01,
3.4999909107e+01,
3.4999928860e+01,
3.4999945262e+01,
3.4999958578e+01,
3.4999969170e+01,
3.4999977442e+01,
3.4999983802e+01,
3.4999988629e+01,
3.4999992276e+01,
3.4999995070e+01,
3.4999997335e+01,
3.4999999686e+01,
3.4999998214e+01,
3.4999997593e+01,
3.4999997438e+01,
3.4999997593e+01,
3.4999997941e+01,
3.4999998370e+01,
3.4999998777e+01,
3.4999999091e+01,
3.4999999290e+01,
3.4999999403e+01,
3.4999999483e+01,
3.4999999567e+01,
3.5000000000e+01,
3.5000000000e+01,
3.5000000000e+01,
3.5000000000e+01,
3.5000000000e+01,
3.5000000000e+01,
3.5000000000e+01,
3.5000000000e+01,
3.5000000000e+01,
3.5000000000e+01,
3.5000000000e+01,
3.5000000000e+01,
3.5000000000e+01,
3.5000000000e+01,
3.5000000000e+01,
3.5000000000e+01,
3.5000000000e+01,
3.5000000000e+01,
3.5000000000e+01,
3.5000000000e+01,
3.5000000000e+01,
3.5000000000e+01,
3.5000000000e+01,
3.5000000000e+01,
