0.0000000000e+00,
7.4444903575e-09,
2.3764281032e-07,
1.7972730104e-06,
7.5306789498e-06,
2.2814144160e-05,
5.6263206950e-05,
1.2032819172e-04,
2.3175660273e-04,
4.1190519635e-04,
6.8688926533e-04,
1.0875617487e-03,
1.6493200106e-03,
2.4117432859e-03,
3.4180686439e-03,
4.7145176816e-03,
6.3494898567e-03,
8.3726413253e-03,
1.0833870327e-02,
1.3782231633e-02,
1.7264803448e-02,
2.1325530679e-02,
2.6004068758e-02,
3.1334652563e-02,
3.7345015436e-02,
4.4055383925e-02,
5.1477574634e-02,
5.9614220104e-02,
6.8458150811e-02,
7.7991959565e-02,
8.8187772615e-02,
9.9007248153e-02,
1.1040181759e-01,
1.2231317797e-01,
1.3467403530e-01,
1.4740908924e-01,
1.6043623956e-01,
1.7366798546e-01,
1.8701298024e-01,
2.0037769707e-01,
2.1366815722e-01,
2.2679166959e-01,
2.3965853106e-01,
2.5218363946e-01,
2.6428797587e-01,
2.7589991880e-01,
2.8695636008e-01,
2.9740360000e-01,
3.0719800681e-01,
3.1630643338e-01,
3.2470639056e-01,
3.3238598329e-01,
3.3934362062e-01,
3.4558751585e-01,
3.5113499706e-01,
3.5601165112e-01,
3.6025032789e-01,
3.6389003275e-01,
3.6697473769e-01,
3.6955214244e-01,
3.7167241740e-01,
3.7338696031e-01,
3.7474719786e-01,
3.7580346212e-01,
3.7660396929e-01,
3.7719392566e-01,
3.7761478193e-01,
3.7790365280e-01,
3.7809291424e-01,
3.7820998532e-01,
3.7827729662e-01,
3.7831244123e-01,
3.7832849956e-01,
3.7833452367e-01,
3.7833616238e-01,
3.7833640425e-01,
3.7833643736e-01,
3.7833721927e-01,
3.7834251687e-01,
3.7836199148e-01,
3.7841390433e-01,
3.7852751785e-01,
3.7874511479e-01,
3.7912355981e-01,
3.7973534057e-01,
3.8066903965e-01,
3.8202920392e-01,
3.8393559435e-01,
3.8652181557e-01,
3.8993334086e-01,
3.9432496366e-01,
3.9985772077e-01,
4.0669534566e-01,
4.1500032215e-01,
4.2492962016e-01,
4.3663020751e-01,
4.5023444519e-01,
4.6585548877e-01,
4.8358283654e-01,
5.0347818229e-01,
5.2557174668e-01,
5.4985927081e-01,
5.7629985454e-01,
6.0481480687e-01,
6.3528764225e-01,
6.6756530639e-01,
7.0146064836e-01,
7.3675608070e-01,
7.7320829176e-01,
8.1055380484e-01,
8.4851512469e-01,
8.8680718080e-01,
9.2514377015e-01,
9.6324372186e-01,
1.0008365455e+00,
1.0376673812e+00,
1.0735011303e+00,
1.1081257114e+00,
1.1413544396e+00,
1.1730275740e+00,
1.2030131132e+00,
1.2312069340e+00,
1.2575323794e+00,
1.2819393974e+00,
1.3044033234e+00,
1.3249233853e+00,
1.3435209943e+00,
1.3602378713e+00,
1.3751340447e+00,
1.3882857447e+00,
1.3997832144e+00,
1.4097284532e+00,
1.4182329059e+00,
1.4254151180e+00,
1.4313983752e+00,
1.4363083555e+00,
1.4402708274e+00,
1.4434094298e+00,
1.4458435813e+00,
1.4476865617e+00,
1.4490438167e+00,
1.4500115312e+00,
1.4506755145e+00,
1.4511104328e+00,
1.4513794166e+00,
1.4515340570e+00,
1.4516147936e+00,
1.4516516829e+00,
1.4516655214e+00,
1.4516692858e+00,
1.4516698414e+00,
1.4516698942e+00,
1.4516709695e+00,
1.4516782549e+00,
1.4517050367e+00,
1.4517764267e+00,
1.4519326591e+00,
1.4522318520e+00,
1.4527521168e+00,
1.4535929114e+00,
1.4548755437e+00,
1.4567427477e+00,
1.4593572755e+00,
1.4628994691e+00,
1.4675638138e+00,
1.4735545060e+00,
1.4810801203e+00,
1.4903475094e+00,
1.5015551234e+00,
1.5148859937e+00,
1.5305006733e+00,
1.5485304624e+00,
1.5690712736e+00,
1.5921784828e+00,
1.6178630886e+00,
1.6460894384e+00,
1.6767746941e+00,
1.7097900987e+00,
1.7449639807e+00,
1.7820863078e+00,
1.8209144933e+00,
1.8611800774e+00,
1.9025958633e+00,
1.9448630952e+00,
1.9876783090e+00,
2.0307395666e+00,
2.0737518881e+00,
2.1164317933e+00,
2.1585109613e+00,
2.1997390852e+00,
2.2398860375e+00,
2.2787434805e+00,
2.3161260421e+00,
2.3518721536e+00,
2.3858446143e+00,
2.4179309150e+00,
2.4480433287e+00,
2.4761187597e+00,
2.5021183372e+00,
2.5260267417e+00,
2.5478512581e+00,
2.5676205621e+00,
2.5853832528e+00,
2.6012061536e+00,
2.6151724105e+00,
2.6273794158e+00,
2.6379365913e+00,
2.6469630607e+00,
2.6545852474e+00,
2.6609344291e+00,
2.6661442899e+00,
2.6703485081e+00,
2.6736784265e+00,
2.6762608519e+00,
2.6782160365e+00,
2.6796558913e+00,
2.6806824821e+00,
2.6813868542e+00,
2.6818482243e+00,
2.6821335662e+00,
2.6822976105e+00,
2.6823832567e+00,
2.6824223892e+00,
2.6824370692e+00,
2.6824410625e+00,
2.6824416519e+00,
2.6824417044e+00,
2.6824427369e+00,
2.6824497325e+00,
2.6824754490e+00,
2.6825439993e+00,
2.6826940179e+00,
2.6829813130e+00,
2.6834808956e+00,
2.6842882840e+00,
2.6855199979e+00,
2.6873131697e+00,
2.6898242193e+00,
2.6932265624e+00,
2.6977073534e+00,
2.7034632948e+00,
2.7106955916e+00,
2.7196041684e+00,
2.7303813155e+00,
2.7432049736e+00,
2.7582319029e+00,
2.7755910069e+00,
2.7953770973e+00,
2.8176453794e+00,
2.8424069264e+00,
2.8696253836e+00,
2.8992151187e+00,
2.9310410015e+00,
2.9649199721e+00,
3.0006245130e+00,
3.0378880808e+00,
3.0764124469e+00,
3.1158767320e+00,
3.1559477045e+00,
3.1962906784e+00,
3.2365801487e+00,
3.2765092383e+00,
3.3157971334e+00,
3.3541939847e+00,
3.3914831614e+00,
3.4274811662e+00,
3.4620358227e+00,
3.4950234737e+00,
3.5263458751e+00,
3.5559272957e+00,
3.5837121098e+00,
3.6096629733e+00,
3.6337595265e+00,
3.6559974882e+00,
3.6763879819e+00,
3.6949569450e+00,
3.7117445031e+00,
3.7268042257e+00,
3.7402022152e+00,
3.7520160069e+00,
3.7623332778e+00,
3.7712503773e+00,
3.7788707030e+00,
3.7853029503e+00,
3.7906592714e+00,
3.7950533824e+00,
3.7985986600e+00,
3.8014062760e+00,
3.8035834146e+00,
3.8052316225e+00,
3.8064453413e+00,
3.8073106659e+00,
3.8079043722e+00,
3.8082932477e+00,
3.8085337514e+00,
3.8086720170e+00,
3.8087442040e+00,
3.8087771869e+00,
3.8087895599e+00,
3.8087929257e+00,
3.8087934224e+00,
3.8087934664e+00,
3.8087943276e+00,
3.8088001627e+00,
3.8088216129e+00,
3.8088787910e+00,
3.8090039217e+00,
3.8092435536e+00,
3.8096602494e+00,
3.8103336709e+00,
3.8113609842e+00,
3.8128565256e+00,
3.8149506816e+00,
3.8177879600e+00,
3.8215242552e+00,
3.8263233430e+00,
3.8323526794e+00,
3.8397786193e+00,
3.8487612155e+00,
3.8594487919e+00,
3.8719725186e+00,
3.8864412256e+00,
3.9029366899e+00,
3.9215096081e+00,
3.9421764273e+00,
3.9649171642e+00,
3.9896742919e+00,
4.0163527341e+00,
4.0448209742e+00,
4.0749132586e+00,
4.1064328505e+00,
4.1391562617e+00,
4.1728383489e+00,
4.2072181134e+00,
4.2420249919e+00,
4.2769853753e+00,
4.3118290699e+00,
4.3462954030e+00,
4.3801387055e+00,
4.4131329505e+00,
4.4450753986e+00,
4.4757891784e+00,
4.5051248087e+00,
4.5329607367e+00,
4.5592030159e+00,
4.5837842800e+00,
4.6066621825e+00,
4.6278174657e+00,
4.6472518091e+00,
4.6649855826e+00,
4.6810555992e+00,
4.6955129389e+00,
4.7084208818e+00,
4.7198529733e+00,
4.7298912208e+00,
4.7386244117e+00,
4.7461465349e+00,
4.7525552832e+00,
4.7579506171e+00,
4.7624333737e+00,
4.7661039117e+00,
4.7690607916e+00,
4.7713994989e+00,
4.7732112283e+00,
4.7745817528e+00,
4.7755904089e+00,
4.7763092321e+00,
4.7768022773e+00,
4.7771251561e+00,
4.7773248180e+00,
4.7774395948e+00,
4.7774995160e+00,
4.7775268939e+00,
4.7775371643e+00,
4.7775399580e+00,
4.7775403704e+00,
4.7775404074e+00,
4.7775411397e+00,
4.7775461012e+00,
4.7775643400e+00,
4.7776129567e+00,
4.7777193471e+00,
4.7779230745e+00,
4.7782772860e+00,
4.7788495922e+00,
4.7797223327e+00,
4.7809921573e+00,
4.7827688655e+00,
4.7851734619e+00,
4.7883354135e+00,
4.7923891268e+00,
4.7974697077e+00,
4.8037081170e+00,
4.8112258907e+00,
4.8201296507e+00,
4.8305056798e+00,
4.8424148742e+00,
4.8558884036e+00,
4.8709243974e+00,
4.8874859421e+00,
4.9055005965e+00,
4.9248615408e+00,
4.9454303496e+00,
4.9670412562e+00,
4.9895066507e+00,
5.0126234567e+00,
5.0361799644e+00,
5.0599626762e+00,
5.0837627454e+00,
5.1073816532e+00,
5.1306358641e+00,
5.1533603117e+00,
5.1754106799e+00,
5.1966645397e+00,
5.2170214825e+00,
5.2364024338e+00,
5.2547483559e+00,
5.2720185422e+00,
5.2881886875e+00,
5.3032488850e+00,
5.3172016670e+00,
5.3300601688e+00,
5.3418464642e+00,
5.3525900962e+00,
5.3623268032e+00,
5.3710974302e+00,
5.3789470029e+00,
5.3859239392e+00,
5.3920793684e+00,
5.3974665322e+00,
5.4021402398e+00,
5.4061563553e+00,
5.4095712983e+00,
5.4124415438e+00,
5.4148231122e+00,
5.4167710457e+00,
5.4183388731e+00,
5.4195780698e+00,
5.4205375245e+00,
5.4212630293e+00,
5.4217968121e+00,
5.4221771311e+00,
5.4224379540e+00,
5.4226087405e+00,
5.4227143446e+00,
5.4227750493e+00,
5.4228067405e+00,
5.4228212201e+00,
5.4228266518e+00,
5.4228281293e+00,
5.4228283474e+00,
5.4228283675e+00,
5.4228287710e+00,
5.4228315051e+00,
5.4228415559e+00,
5.4228683466e+00,
5.4229269726e+00,
5.4230392303e+00,
5.4232343906e+00,
5.4235496690e+00,
5.4240303454e+00,
5.4247294894e+00,
5.4257072528e+00,
5.4270297050e+00,
5.4287671990e+00,
5.4309922863e+00,
5.4337772242e+00,
5.4371911611e+00,
5.4412971193e+00,
5.4461489371e+00,
5.4517883538e+00,
5.4582424431e+00,
5.4655215881e+00,
5.4736181698e+00,
5.4825060889e+00,
5.4921411737e+00,
5.5024624536e+00,
5.5133942005e+00,
5.5248485791e+00,
5.5367287016e+00,
5.5489318686e+00,
5.5613527826e+00,
5.5738865528e+00,
5.5864313523e+00,
5.5988906398e+00,
5.6111749055e+00,
5.6232029412e+00,
5.6349026673e+00,
5.6462115664e+00,
5.6570767853e+00,
5.6674549692e+00,
5.6773118901e+00,
5.6866219250e+00,
5.6953674324e+00,
5.7035380700e+00,
5.7111300852e+00,
5.7181456069e+00,
5.7245919572e+00,
5.7304809985e+00,
5.7358285240e+00,
5.7406536965e+00,
5.7449785361e+00,
5.7488274542e+00,
5.7522268293e+00,
5.7552046171e+00,
5.7577899884e+00,
5.7600129858e+00,
5.7619041929e+00,
5.7634944092e+00,
5.7648143267e+00,
5.7658942057e+00,
5.7667635503e+00,
5.7674507870e+00,
5.7679829520e+00,
5.7683853948e+00,
5.7686815091e+00,
5.7688925008e+00,
5.7690372042e+00,
5.7691319580e+00,
5.7691905490e+00,
5.7692242293e+00,
5.7692418124e+00,
5.7692498461e+00,
5.7692528597e+00,
5.7692536795e+00,
5.7692538005e+00,
5.7692538120e+00,
5.7692540476e+00,
5.7692556436e+00,
5.7692615104e+00,
5.7692771488e+00,
5.7693113702e+00,
5.7693768976e+00,
5.7694908166e+00,
5.7696748496e+00,
5.7699554250e+00,
5.7703635149e+00,
5.7709342201e+00,
5.7717060858e+00,
5.7727201410e+00,
5.7740186704e+00,
5.7756437428e+00,
5.7776355425e+00,
5.7800305720e+00,
5.7828598154e+00,
5.7861469692e+00,
5.7899068576e+00,
5.7941441480e+00,
5.7988524718e+00,
5.8040140297e+00,
5.8095997291e+00,
5.8155698600e+00,
5.8218752719e+00,
5.8284589814e+00,
5.8352581026e+00,
5.8422059799e+00,
5.8492343905e+00,
5.8562756922e+00,
5.8632648036e+00,
5.8701409276e+00,
5.8768489535e+00,
5.8833405000e+00,
5.8895745894e+00,
5.8955179641e+00,
5.9011450775e+00,
5.9064378066e+00,
5.9113849400e+00,
5.9159815046e+00,
5.9202279860e+00,
5.9241295017e+00,
5.9276949715e+00,
5.9309363243e+00,
5.9338677701e+00,
5.9365051540e+00,
5.9388654040e+00,
5.9409660727e+00,
5.9428249709e+00,
5.9444598845e+00,
5.9458883629e+00,
5.9471275692e+00,
5.9481941763e+00,
5.9491042994e+00,
5.9498734507e+00,
5.9505165084e+00,
5.9510476907e+00,
5.9514805290e+00,
5.9518278352e+00,
5.9521016631e+00,
5.9523132616e+00,
5.9524730238e+00,
5.9525904344e+00,
5.9526740203e+00,
5.9527313104e+00,
5.9527688093e+00,
5.9527919905e+00,
5.9528053138e+00,
5.9528122688e+00,
5.9528154463e+00,
5.9528166383e+00,
5.9528169625e+00,
5.9528170104e+00,
5.9528170151e+00,
5.9528171137e+00,
5.9528177818e+00,
5.9528202378e+00,
5.9528267841e+00,
5.9528411079e+00,
5.9528685297e+00,
5.9529161855e+00,
5.9529931269e+00,
5.9531103233e+00,
5.9532805500e+00,
5.9535181454e+00,
5.9538386271e+00,
5.9542581591e+00,
5.9547928751e+00,
5.9554580728e+00,
5.9562673134e+00,
5.9572314728e+00,
5.9583578118e+00,
5.9596491404e+00,
5.9611031597e+00,
5.9627120604e+00,
5.9644624423e+00,
5.9663355934e+00,
5.9683081357e+00,
5.9703530043e+00,
5.9724406898e+00,
5.9745406456e+00,
5.9766227388e+00,
5.9786586238e+00,
5.9806229273e+00,
5.9824941589e+00,
5.9842552981e+00,
5.9858940435e+00,
5.9874027480e+00,
5.9887780885e+00,
5.9900205397e+00,
5.9911337248e+00,
5.9921237149e+00,
5.9929983387e+00,
5.9937665464e+00,
5.9944378597e+00,
5.9950219227e+00,
5.9955281556e+00,
5.9959655065e+00,
5.9963422882e+00,
5.9966660867e+00,
5.9969437252e+00,
5.9971812700e+00,
5.9973840640e+00,
5.9975567793e+00,
5.9977034799e+00,
5.9978276887e+00,
5.9979324540e+00,
5.9980204137e+00,
5.9980938541e+00,
5.9981547627e+00,
5.9982048748e+00,
5.9982457124e+00,
5.9982786176e+00,
5.9983047795e+00,
5.9983252552e+00,
5.9983409864e+00,
5.9983528113e+00,
5.9983614726e+00,
5.9983676238e+00,
5.9983718327e+00,
5.9983745844e+00,
5.9983762843e+00,
5.9983772608e+00,
5.9983777705e+00,
5.9983780033e+00,
5.9983780906e+00,
5.9983781144e+00,
5.9983781179e+00,
5.9983781183e+00,
5.9983781259e+00,
5.9983781780e+00,
5.9983783692e+00,
5.9983788787e+00,
5.9983799934e+00,
5.9983821261e+00,
5.9983858288e+00,
5.9983917968e+00,
5.9984008634e+00,
5.9984139812e+00,
5.9984321892e+00,
5.9984565621e+00,
5.9984881440e+00,
5.9985278660e+00,
5.9985764533e+00,
5.9986343294e+00,
5.9987015285e+00,
5.9987776272e+00,
5.9988617097e+00,
5.9989523770e+00,
5.9990478054e+00,
5.9991458526e+00,
5.9992442040e+00,
5.9993405404e+00,
5.9994327081e+00,
5.9995188675e+00,
5.9995976043e+00,
5.9996679892e+00,
5.9997295853e+00,
5.9997824078e+00,
5.9998268470e+00,
5.9998635717e+00,
5.9998934263e+00,
5.9999173365e+00,
5.9999362324e+00,
5.9999509929e+00,
5.9999624112e+00,
5.9999711763e+00,
5.9999778678e+00,
5.9999829583e+00,
5.9999868241e+00,
5.9999897619e+00,
5.9999920070e+00,
5.9999937493e+00,
5.9999951404e+00,
5.9999962931e+00,
5.9999972796e+00,
5.9999981344e+00,
5.9999988657e+00,
5.9999994742e+00,
6.0000000000e+00,
6.0000000000e+00,
6.0000000000e+00,
6.0000000000e+00,
6.0000000000e+00,
6.0000000000e+00,
6.0000000000e+00,
6.0000000000e+00,
6.0000000000e+00,
6.0000000000e+00,
6.0000000000e+00,
6.0000000000e+00,
6.0000000000e+00,
6.0000000000e+00,
6.0000000000e+00,
6.0000000000e+00,
6.0000000000e+00,
6.0000000000e+00,
6.0000000000e+00,
6.0000000000e+00,
6.0000000000e+00,
6.0000000000e+00,
6.0000000000e+00,
6.0000000000e+00,
