0.0000000000e+00,
4.8688100662e-08,
1.5542202014e-06,
1.1754442500e-05,
4.9251847699e-05,
1.4920853680e-04,
3.6797335230e-04,
7.8698029940e-04,
1.5157812950e-03,
2.6941050057e-03,
4.4928657651e-03,
7.1140805401e-03,
1.0789685558e-02,
1.5779275205e-02,
2.2366811940e-02,
3.0856375412e-02,
4.1567030856e-02,
5.4826901540e-02,
7.0966529605e-02,
9.0311607858e-02,
1.1317516702e-01,
1.3984931415e-01,
1.7059664337e-01,
2.0564148194e-01,
2.4516119204e-01,
2.8927781573e-01,
3.3805041663e-01,
3.9146852392e-01,
4.4944710797e-01,
5.1182349977e-01,
5.7835660163e-01,
6.4872862590e-01,
7.2254944882e-01,
7.9936349657e-01,
8.7865890842e-01,
9.5987857026e-01,
1.0424324986e+00,
1.1257109910e+00,
1.2090979509e+00,
1.2919838323e+00,
1.3737777330e+00,
1.4539182675e+00,
1.5318829679e+00,
1.6071960710e+00,
1.6794346512e+00,
1.7482331319e+00,
1.8132862675e+00,
1.8743507195e+00,
1.9312453658e+00,
1.9838504842e+00,
2.0321059434e+00,
2.0760085230e+00,
2.1156084705e+00,
2.1510053936e+00,
2.1823435740e+00,
2.2098067898e+00,
2.2336127278e+00,
2.2540070759e+00,
2.2712573865e+00,
2.2856468152e+00,
2.2974678439e+00,
2.3070161081e+00,
2.3145844546e+00,
2.3204573584e+00,
2.3249058289e+00,
2.3281829287e+00,
2.3305200214e+00,
2.3321238438e+00,
2.3331744848e+00,
2.3338243200e+00,
2.3341979298e+00,
2.3343929933e+00,
2.3344821207e+00,
2.3345155557e+00,
2.3345246508e+00,
2.3345259932e+00,
2.3345261770e+00,
2.3345305168e+00,
2.3345599193e+00,
2.3346680058e+00,
2.3349561228e+00,
2.3355866488e+00,
2.3367941402e+00,
2.3388938483e+00,
2.3422871865e+00,
2.3474637750e+00,
2.3549997512e+00,
2.3655521133e+00,
2.3798489638e+00,
2.3986756408e+00,
2.4228568824e+00,
2.4532353490e+00,
2.4906470374e+00,
2.5358943509e+00,
2.5897178225e+00,
2.6527677103e+00,
2.7255768609e+00,
2.8085363354e+00,
2.9018752718e+00,
3.0056462808e+00,
3.1197173333e+00,
3.2437705958e+00,
3.3773080843e+00,
3.5196634119e+00,
3.6700184282e+00,
3.8274232938e+00,
3.9908185542e+00,
4.1590580680e+00,
4.3309321112e+00,
4.5051904587e+00,
4.6805655770e+00,
4.8557961078e+00,
5.0296505516e+00,
5.2009505696e+00,
5.3685928116e+00,
5.5315678802e+00,
5.6889751326e+00,
5.8400325006e+00,
5.9840812198e+00,
6.1205860567e+00,
6.2491320782e+00,
6.3694191510e+00,
6.4812552090e+00,
6.5845490308e+00,
6.6793029435e+00,
6.7656056052e+00,
6.8436248545e+00,
6.9136005299e+00,
6.9758371536e+00,
7.0306963845e+00,
7.0785891871e+00,
7.1199676940e+00,
7.1553167794e+00,
7.1851453911e+00,
7.2099777207e+00,
7.2303443203e+00,
7.2467733016e+00,
7.2597817799e+00,
7.2698677457e+00,
7.2775025645e+00,
7.2831243074e+00,
7.2871321178e+00,
7.2898817985e+00,
7.2916827809e+00,
7.2927965956e+00,
7.2934369209e+00,
7.2937712263e+00,
7.2939239727e+00,
7.2939812731e+00,
7.2939968601e+00,
7.2939991608e+00,
7.2939993792e+00,
7.2940038317e+00,
7.2940339980e+00,
7.2941448920e+00,
7.2944404911e+00,
7.2950873836e+00,
7.2963261873e+00,
7.2984802498e+00,
7.3019611772e+00,
7.3072707830e+00,
7.3149991096e+00,
7.3258182494e+00,
7.3404718048e+00,
7.3597599656e+00,
7.3845203636e+00,
7.4156050809e+00,
7.4538544313e+00,
7.5000683874e+00,
7.5549767584e+00,
7.6192094192e+00,
7.6932679972e+00,
7.7775004419e+00,
7.8720798049e+00,
7.9769883688e+00,
8.0920080068e+00,
8.2167173692e+00,
8.3504962081e+00,
8.4925368859e+00,
8.6418628375e+00,
8.7973534538e+00,
8.9577744946e+00,
9.1218127292e+00,
9.2881131058e+00,
9.4553164337e+00,
9.6220954371e+00,
9.7871871447e+00,
9.9494199469e+00,
1.0107734211e+01,
1.0261196017e+01,
1.0409004228e+01,
1.0550491671e+01,
1.0685121571e+01,
1.0812480538e+01,
1.0932269415e+01,
1.1044293099e+01,
1.1148450230e+01,
1.1244723332e+01,
1.1333169754e+01,
1.1413913523e+01,
1.1487138068e+01,
1.1553079669e+01,
1.1612021448e+01,
1.1664287695e+01,
1.1710238359e+01,
1.1750263530e+01,
1.1784777836e+01,
1.1814214663e+01,
1.1839020185e+01,
1.1859647214e+01,
1.1876548940e+01,
1.1890172621e+01,
1.1900953370e+01,
1.1909308165e+01,
1.1915630259e+01,
1.1920284158e+01,
1.1923601335e+01,
1.1925876876e+01,
1.1927367171e+01,
1.1928288787e+01,
1.1928818600e+01,
1.1929095203e+01,
1.1929221583e+01,
1.1929268993e+01,
1.1929281889e+01,
1.1929283793e+01,
1.1929283962e+01,
1.1929287297e+01,
1.1929309889e+01,
1.1929392941e+01,
1.1929614322e+01,
1.1930098790e+01,
1.1931026530e+01,
1.1932639644e+01,
1.1935246238e+01,
1.1939221784e+01,
1.1945007473e+01,
1.1953105334e+01,
1.1964069986e+01,
1.1978496997e+01,
1.1997007980e+01,
1.2020232744e+01,
1.2048789047e+01,
1.2083260679e+01,
1.2124174873e+01,
1.2171980126e+01,
1.2227025665e+01,
1.2289543700e+01,
1.2359635479e+01,
1.2437261880e+01,
1.2522238916e+01,
1.2614238129e+01,
1.2712791522e+01,
1.2817300467e+01,
1.2927047993e+01,
1.3041214047e+01,
1.3158893589e+01,
1.3279117701e+01,
1.3400877971e+01,
1.3523154088e+01,
1.3644943867e+01,
1.3765293792e+01,
1.3883327181e+01,
1.3998266650e+01,
1.4109448143e+01,
1.4216325367e+01,
1.4318465467e+01,
1.4415538418e+01,
1.4507303358e+01,
1.4593594793e+01,
1.4674310658e+01,
1.4749403108e+01,
1.4818871993e+01,
1.4882760455e+01,
1.4941151910e+01,
1.4994167711e+01,
1.5041964968e+01,
1.5084734200e+01,
1.5122696608e+01,
1.5156100923e+01,
1.5185219823e+01,
1.5210345955e+01,
1.5231787633e+01,
1.5249864276e+01,
1.5264901665e+01,
1.5277227095e+01,
1.5287164522e+01,
1.5295029801e+01,
1.5301126117e+01,
1.5305739752e+01,
1.5309136291e+01,
1.5311557406e+01,
1.5313218333e+01,
1.5314306137e+01,
1.5314978861e+01,
1.5315365597e+01,
1.5315567504e+01,
1.5315659756e+01,
1.5315694362e+01,
1.5315703776e+01,
1.5315705166e+01,
1.5315705289e+01,
1.5315707697e+01,
1.5315724018e+01,
1.5315784013e+01,
1.5315943936e+01,
1.5316293911e+01,
1.5316964109e+01,
1.5318129447e+01,
1.5320012561e+01,
1.5322884829e+01,
1.5327065250e+01,
1.5332917021e+01,
1.5340841721e+01,
1.5351271076e+01,
1.5364656409e+01,
1.5381455957e+01,
1.5402120406e+01,
1.5427077128e+01,
1.5456713712e+01,
1.5491361505e+01,
1.5531279927e+01,
1.5576642334e+01,
1.5627524159e+01,
1.5683893972e+01,
1.5745608008e+01,
1.5812408562e+01,
1.5883926525e+01,
1.5959688192e+01,
1.6039126280e+01,
1.6121594878e+01,
1.6206387783e+01,
1.6292759379e+01,
1.6379946971e+01,
1.6467193277e+01,
1.6553767750e+01,
1.6638985480e+01,
1.6722222685e+01,
1.6802928150e+01,
1.6880630380e+01,
1.6954940620e+01,
1.7025552221e+01,
1.7092237045e+01,
1.7154839702e+01,
1.7213270420e+01,
1.7267497249e+01,
1.7317538191e+01,
1.7363453666e+01,
1.7405339609e+01,
1.7443321329e+01,
1.7477548172e+01,
1.7508188959e+01,
1.7535428105e+01,
1.7559462320e+01,
1.7580497754e+01,
1.7598747479e+01,
1.7614429206e+01,
1.7627763120e+01,
1.7638969788e+01,
1.7648268070e+01,
1.7655873024e+01,
1.7661993780e+01,
1.7666831419e+01,
1.7670576889e+01,
1.7673409018e+01,
1.7675492695e+01,
1.7676977292e+01,
1.7677995420e+01,
1.7678662085e+01,
1.7679074309e+01,
1.7679311269e+01,
1.7679434975e+01,
1.7679491495e+01,
1.7679512697e+01,
1.7679518465e+01,
1.7679519316e+01,
1.7679519393e+01,
1.7679520905e+01,
1.7679531147e+01,
1.7679568800e+01,
1.7679669165e+01,
1.7679888793e+01,
1.7680309344e+01,
1.7681040482e+01,
1.7682221649e+01,
1.7684022527e+01,
1.7686642032e+01,
1.7690305703e+01,
1.7695261381e+01,
1.7701773156e+01,
1.7710113612e+01,
1.7720554563e+01,
1.7733356534e+01,
1.7748757468e+01,
1.7766961191e+01,
1.7788126335e+01,
1.7812356456e+01,
1.7839692060e+01,
1.7870105200e+01,
1.7903497096e+01,
1.7939699010e+01,
1.7978476323e+01,
1.8019535485e+01,
1.8062533271e+01,
1.8107087629e+01,
1.8152789367e+01,
1.8199213997e+01,
1.8245933201e+01,
1.8292525570e+01,
1.8338586440e+01,
1.8383736758e+01,
1.8427630938e+01,
1.8469963587e+01,
1.8510474915e+01,
1.8548954525e+01,
1.8585243278e+01,
1.8619233029e+01,
1.8650864186e+01,
1.8680121333e+01,
1.8707027360e+01,
1.8731636714e+01,
1.8754028419e+01,
1.8774299446e+01,
1.8792558857e+01,
1.8808922969e+01,
1.8823511601e+01,
1.8836445345e+01,
1.8847843711e+01,
1.8857823959e+01,
1.8866500424e+01,
1.8873984174e+01,
1.8880382846e+01,
1.8885800555e+01,
1.8890337804e+01,
1.8894091340e+01,
1.8897153925e+01,
1.8899614021e+01,
1.8901555398e+01,
1.8903056671e+01,
1.8904190813e+01,
1.8905024660e+01,
1.8905618473e+01,
1.8906025565e+01,
1.8906292064e+01,
1.8906456826e+01,
1.8906551528e+01,
1.8906600965e+01,
1.8906623552e+01,
1.8906632025e+01,
1.8906634330e+01,
1.8906634670e+01,
1.8906634701e+01,
1.8906635331e+01,
1.8906639596e+01,
1.8906655274e+01,
1.8906697063e+01,
1.8906788507e+01,
1.8906963587e+01,
1.8907267913e+01,
1.8907759407e+01,
1.8908508414e+01,
1.8909597135e+01,
1.8911118321e+01,
1.8913173168e+01,
1.8915868396e+01,
1.8919312556e+01,
1.8923611658e+01,
1.8928864338e+01,
1.8935156826e+01,
1.8942558080e+01,
1.8951115517e+01,
1.8960851726e+01,
1.8971762560e+01,
1.8983816819e+01,
1.8996957597e+01,
1.9011105136e+01,
1.9026160826e+01,
1.9042011848e+01,
1.9058535916e+01,
1.9075605623e+01,
1.9093092047e+01,
1.9110867493e+01,
1.9128807418e+01,
1.9146791729e+01,
1.9164705687e+01,
1.9182440634e+01,
1.9199894676e+01,
1.9216973387e+01,
1.9233590503e+01,
1.9249668569e+01,
1.9265139444e+01,
1.9279944653e+01,
1.9294035514e+01,
1.9307373087e+01,
1.9319927933e+01,
1.9331679741e+01,
1.9342616855e+01,
1.9352735735e+01,
1.9362040387e+01,
1.9370541777e+01,
1.9378257243e+01,
1.9385209910e+01,
1.9391428104e+01,
1.9396944764e+01,
1.9401796850e+01,
1.9406024734e+01,
1.9409671575e+01,
1.9412782680e+01,
1.9415404839e+01,
1.9417585651e+01,
1.9419372837e+01,
1.9420813554e+01,
1.9421953722e+01,
1.9422837379e+01,
1.9423506076e+01,
1.9423998343e+01,
1.9424349228e+01,
1.9424589935e+01,
1.9424747580e+01,
1.9424845070e+01,
1.9424901115e+01,
1.9424930375e+01,
1.9424943744e+01,
1.9424948759e+01,
1.9424950123e+01,
1.9424950325e+01,
1.9424950344e+01,
1.9424950736e+01,
1.9424953392e+01,
1.9424963155e+01,
1.9424989180e+01,
1.9425046132e+01,
1.9425155193e+01,
1.9425344819e+01,
1.9425651220e+01,
1.9426118513e+01,
1.9426798516e+01,
1.9427750160e+01,
1.9429038492e+01,
1.9430733276e+01,
1.9432907198e+01,
1.9435633720e+01,
1.9438984639e+01,
1.9443027462e+01,
1.9447822689e+01,
1.9453421172e+01,
1.9459861679e+01,
1.9467168820e+01,
1.9475351474e+01,
1.9484401799e+01,
1.9494294899e+01,
1.9504989145e+01,
1.9516427109e+01,
1.9528537031e+01,
1.9541234707e+01,
1.9554425679e+01,
1.9568007609e+01,
1.9581872741e+01,
1.9595910382e+01,
1.9610009328e+01,
1.9624060202e+01,
1.9637957647e+01,
1.9651602339e+01,
1.9664902760e+01,
1.9677776676e+01,
1.9690152277e+01,
1.9701968943e+01,
1.9713177621e+01,
1.9723740829e+01,
1.9733632314e+01,
1.9742836427e+01,
1.9751347268e+01,
1.9759167692e+01,
1.9766308224e+01,
1.9772785955e+01,
1.9778623478e+01,
1.9783847877e+01,
1.9788489813e+01,
1.9792582711e+01,
1.9796162047e+01,
1.9799264720e+01,
1.9801928519e+01,
1.9804191638e+01,
1.9806092255e+01,
1.9807668134e+01,
1.9808956253e+01,
1.9809992452e+01,
1.9810811084e+01,
1.9811444682e+01,
1.9811923648e+01,
1.9812275965e+01,
1.9812526951e+01,
1.9812699057e+01,
1.9812811743e+01,
1.9812881418e+01,
1.9812921468e+01,
1.9812942376e+01,
1.9812951929e+01,
1.9812955513e+01,
1.9812956487e+01,
1.9812956631e+01,
1.9812956646e+01,
1.9812956942e+01,
1.9812958951e+01,
1.9812966334e+01,
1.9812986016e+01,
1.9813029084e+01,
1.9813111545e+01,
1.9813254888e+01,
1.9813486415e+01,
1.9813839302e+01,
1.9814352356e+01,
1.9815069430e+01,
1.9816038464e+01,
1.9817310151e+01,
1.9818936220e+01,
1.9820967365e+01,
1.9823450900e+01,
1.9826428204e+01,
1.9829932108e+01,
1.9833984369e+01,
1.9838593426e+01,
1.9843752619e+01,
1.9849439058e+01,
1.9855613299e+01,
1.9862219941e+01,
1.9869189168e+01,
1.9876439192e+01,
1.9883879482e+01,
1.9891414538e+01,
1.9898947946e+01,
1.9906386408e+01,
1.9913643429e+01,
1.9920642400e+01,
1.9927318883e+01,
1.9933622000e+01,
1.9939514907e+01,
1.9944974442e+01,
1.9949990091e+01,
1.9954562454e+01,
1.9958701406e+01,
1.9962424138e+01,
1.9965753234e+01,
1.9968714892e+01,
1.9971337374e+01,
1.9973649723e+01,
1.9975680746e+01,
1.9977458263e+01,
1.9979008587e+01,
1.9980356200e+01,
1.9981523583e+01,
1.9982531179e+01,
1.9983397432e+01,
1.9984138899e+01,
1.9984770391e+01,
1.9985305140e+01,
1.9985754968e+01,
1.9986130454e+01,
1.9986441088e+01,
1.9986695408e+01,
1.9986901117e+01,
1.9987065185e+01,
1.9987193917e+01,
1.9987293017e+01,
1.9987367621e+01,
1.9987422328e+01,
1.9987461213e+01,
1.9987487835e+01,
1.9987505247e+01,
1.9987516005e+01,
1.9987522187e+01,
1.9987525414e+01,
1.9987526887e+01,
1.9987527440e+01,
1.9987527591e+01,
1.9987527613e+01,
1.9987527615e+01,
1.9987527664e+01,
1.9987527993e+01,
1.9987529204e+01,
1.9987532430e+01,
1.9987539488e+01,
1.9987552996e+01,
1.9987576454e+01,
1.9987614284e+01,
1.9987671804e+01,
1.9987755132e+01,
1.9987871002e+01,
1.9988026488e+01,
1.9988228630e+01,
1.9988483967e+01,
1.9988798000e+01,
1.9989174622e+01,
1.9989615566e+01,
1.9990119930e+01,
1.9990683860e+01,
1.9991300444e+01,
1.9991959869e+01,
1.9992649854e+01,
1.9993356348e+01,
1.9994064412e+01,
1.9994759206e+01,
1.9995426965e+01,
1.9996055840e+01,
1.9996636523e+01,
1.9997162590e+01,
1.9997630561e+01,
1.9998039706e+01,
1.9998391653e+01,
1.9998689874e+01,
1.9998939127e+01,
1.9999144911e+01,
1.9999312982e+01,
1.9999448977e+01,
1.9999558156e+01,
1.9999645244e+01,
1.9999714374e+01,
1.9999769076e+01,
1.9999812294e+01,
1.9999846440e+01,
1.9999873451e+01,
1.9999894872e+01,
1.9999911932e+01,
1.9999925613e+01,
1.9999936691e+01,
1.9999945772e+01,
1.9999953317e+01,
1.9999959671e+01,
1.9999965093e+01,
1.9999969782e+01,
1.9999973889e+01,
1.9999977525e+01,
1.9999980773e+01,
1.9999983686e+01,
1.9999986297e+01,
1.9999988627e+01,
1.9999990690e+01,
1.9999992497e+01,
1.9999994061e+01,
1.9999995395e+01,
1.9999996514e+01,
1.9999997436e+01,
1.9999998177e+01,
1.9999998758e+01,
1.9999999198e+01,
1.9999999517e+01,
2.0000000000e+01,
2.0000000000e+01,
2.0000000000e+01,
2.0000000000e+01,
2.0000000000e+01,
