0.0000000000e+00,
1.7735150237e-07,
5.6614114996e-06,
4.2816815402e-05,
1.7940536690e-04,
5.4351071590e-04,
1.3403992209e-03,
2.8667384510e-03,
5.5216878612e-03,
9.8144873321e-03,
1.6368291085e-02,
2.5920116182e-02,
3.9316882541e-02,
5.7507599672e-02,
8.1531790055e-02,
1.1250422225e-01,
1.5159596233e-01,
2.0001166190e-01,
2.5896292643e-01,
3.2963760948e-01,
4.1316502190e-01,
5.1057738527e-01,
6.2276841137e-01,
7.5045061213e-01,
8.9411372410e-01,
1.0539872961e+00,
1.2300108394e+00,
1.4218148088e+00,
1.6287149880e+00,
1.8497216345e+00,
2.0835631895e+00,
2.3287227446e+00,
2.5834841035e+00,
2.8459834361e+00,
3.1142623380e+00,
3.3863185616e+00,
3.6601516258e+00,
3.9338016953e+00,
4.2053812839e+00,
4.4731002725e+00,
4.7352853101e+00,
4.9903948701e+00,
5.2370311210e+00,
5.4739494631e+00,
5.7000662044e+00,
5.9144645032e+00,
6.1163984742e+00,
6.3052952379e+00,
6.4807547043e+00,
6.6425469538e+00,
6.7906071933e+00,
6.9250283723e+00,
7.0460516268e+00,
7.1540547711e+00,
7.2495390843e+00,
7.3331146437e+00,
7.4054844621e+00,
7.4674276863e+00,
7.5197821241e+00,
7.5634263853e+00,
7.5992619438e+00,
7.6281954518e+00,
7.6511216632e+00,
7.6689073393e+00,
7.6823765153e+00,
7.6922975021e+00,
7.6993719713e+00,
7.7042264330e+00,
7.7074063575e+00,
7.7093731177e+00,
7.7105038449e+00,
7.7110941968e+00,
7.7113639357e+00,
7.7114651245e+00,
7.7114926503e+00,
7.7114967131e+00,
7.7114972692e+00,
7.7115104032e+00,
7.7115993880e+00,
7.7119265035e+00,
7.7127984602e+00,
7.7147066495e+00,
7.7183608053e+00,
7.7247146148e+00,
7.7349819181e+00,
7.7506422576e+00,
7.7734347008e+00,
7.8053390914e+00,
7.8485441997e+00,
7.9054026768e+00,
7.9783732752e+00,
8.0699514810e+00,
8.1825904943e+00,
8.3186153558e+00,
8.4801338912e+00,
8.6689489590e+00,
8.8864771346e+00,
9.1336792660e+00,
9.4110080581e+00,
9.7183766442e+00,
1.0055149807e+01,
1.0420156353e+01,
1.0811718088e+01,
1.1227689364e+01,
1.1665502361e+01,
1.2122216657e+01,
1.2594575315e+01,
1.3079071276e+01,
1.3572026268e+01,
1.4069680687e+01,
1.4568288863e+01,
1.5064211728e+01,
1.5553998824e+01,
1.6034453717e+01,
1.6502680014e+01,
1.6956108488e+01,
1.7392508225e+01,
1.7809985948e+01,
1.8206977783e+01,
1.8582236916e+01,
1.8934819505e+01,
1.9264070003e+01,
1.9569606231e+01,
1.9851304014e+01,
2.0109281053e+01,
2.0343879749e+01,
2.0555648879e+01,
2.0745324159e+01,
2.0913807840e+01,
2.1062147521e+01,
2.1191514345e+01,
2.1303180727e+01,
2.1398497721e+01,
2.1478872145e+01,
2.1545743599e+01,
2.1600561573e+01,
2.1644762888e+01,
2.1679749834e+01,
2.1706869390e+01,
2.1727394031e+01,
2.1742504627e+01,
2.1753275962e+01,
2.1760665389e+01,
2.1765505051e+01,
2.1768498031e+01,
2.1770218643e+01,
2.1771116941e+01,
2.1771527377e+01,
2.1771681346e+01,
2.1771723229e+01,
2.1771729411e+01,
2.1771729997e+01,
2.1771741961e+01,
2.1771823019e+01,
2.1772120995e+01,
2.1772915274e+01,
2.1774653466e+01,
2.1777982042e+01,
2.1783769625e+01,
2.1793121646e+01,
2.1807385221e+01,
2.1828143222e+01,
2.1857196726e+01,
2.1896535314e+01,
2.1948295068e+01,
2.2014704678e+01,
2.2098020647e+01,
2.2200453352e+01,
2.2324086501e+01,
2.2470793285e+01,
2.2642153235e+01,
2.2839374295e+01,
2.3063224826e+01,
2.3313980179e+01,
2.3591387798e+01,
2.3894653697e+01,
2.4222451448e+01,
2.4572952697e+01,
2.4943876121e+01,
2.5332550166e+01,
2.5735984534e+01,
2.6150946262e+01,
2.6574037995e+01,
2.7001777701e+01,
2.7430679653e+01,
2.7857335805e+01,
2.8278495063e+01,
2.8691136372e+01,
2.9092530833e+01,
2.9480288556e+01,
2.9852387581e+01,
3.0207184324e+01,
3.0543407172e+01,
3.0860136438e+01,
3.1156774803e+01,
3.1433012416e+01,
3.1688790369e+01,
3.1924265365e+01,
3.2139777423e+01,
3.2335821534e+01,
3.2513023433e+01,
3.2672119154e+01,
3.2813937711e+01,
3.2939386158e+01,
3.3049436250e+01,
3.3145112071e+01,
3.3227478061e+01,
3.3297627068e+01,
3.3356668178e+01,
3.3405714200e+01,
3.3445868832e+01,
3.3478213625e+01,
3.3503794968e+01,
3.3523611411e+01,
3.3538601681e+01,
3.3549633814e+01,
3.3557495842e+01,
3.3562888423e+01,
3.3566419830e+01,
3.3568603579e+01,
3.3569858918e+01,
3.3570514290e+01,
3.3570813728e+01,
3.3570926056e+01,
3.3570956612e+01,
3.3570961122e+01,
3.3570961524e+01,
3.3570969424e+01,
3.3571022953e+01,
3.3571219729e+01,
3.3571744248e+01,
3.3572892080e+01,
3.3575090071e+01,
3.3578911628e+01,
3.3585086219e+01,
3.3594502257e+01,
3.3608202635e+01,
3.3627372287e+01,
3.3653317398e+01,
3.3687436150e+01,
3.3731181330e+01,
3.3786015623e+01,
3.3853361023e+01,
3.3934544396e+01,
3.4030741830e+01,
3.4142924835e+01,
3.4271811619e+01,
3.4417826585e+01,
3.4581070621e+01,
3.4761303916e+01,
3.4957941948e+01,
3.5170064121e+01,
3.5396433664e+01,
3.5635526964e+01,
3.5885570731e+01,
3.6144586138e+01,
3.6410440001e+01,
3.6680903435e+01,
3.6953717636e+01,
3.7226664119e+01,
3.7497633575e+01,
3.7764685065e+01,
3.8026087479e+01,
3.8280338708e+01,
3.8526163703e+01,
3.8762497663e+01,
3.8988462813e+01,
3.9203346118e+01,
3.9406582115e+01,
3.9597741770e+01,
3.9776526019e+01,
3.9942761756e+01,
4.0096398228e+01,
4.0237502413e+01,
4.0366252707e+01,
4.0482930865e+01,
4.0587912461e+01,
4.0681656330e+01,
4.0764693431e+01,
4.0837615523e+01,
4.0901063893e+01,
4.0955718309e+01,
4.1002286233e+01,
4.1041492328e+01,
4.1074068203e+01,
4.1100742423e+01,
4.1122230787e+01,
4.1139226943e+01,
4.1152393483e+01,
4.1162353667e+01,
4.1169684025e+01,
4.1174908048e+01,
4.1178491242e+01,
4.1180837758e+01,
4.1182288798e+01,
4.1183122937e+01,
4.1183558414e+01,
4.1183757383e+01,
4.1183832022e+01,
4.1183852326e+01,
4.1183855322e+01,
4.1183855587e+01,
4.1183860783e+01,
4.1183895982e+01,
4.1184025378e+01,
4.1184370292e+01,
4.1185125087e+01,
4.1186570452e+01,
4.1189083465e+01,
4.1193143843e+01,
4.1199335866e+01,
4.1208345458e+01,
4.1220952027e+01,
4.1238014784e+01,
4.1260453411e+01,
4.1289223193e+01,
4.1325285041e+01,
4.1369571122e+01,
4.1422947224e+01,
4.1486173346e+01,
4.1559864311e+01,
4.1644452528e+01,
4.1740155133e+01,
4.1846947819e+01,
4.1964547486e+01,
4.2092405551e+01,
4.2229713217e+01,
4.2375419290e+01,
4.2528260237e+01,
4.2686801201e+01,
4.2849485661e+01,
4.3014690592e+01,
4.3180783402e+01,
4.3346176721e+01,
4.3509377468e+01,
4.3669027259e+01,
4.3823932311e+01,
4.3973082079e+01,
4.4115657016e+01,
4.4251026692e+01,
4.4378740144e+01,
4.4498510556e+01,
4.4610196406e+01,
4.4713780953e+01,
4.4809351598e+01,
4.4897080276e+01,
4.4977205608e+01,
4.5050017252e+01,
4.5115842591e+01,
4.5175035724e+01,
4.5227968586e+01,
4.5275023946e+01,
4.5316589996e+01,
4.5353056225e+01,
4.5384810295e+01,
4.5412235639e+01,
4.5435709549e+01,
4.5455601538e+01,
4.5472271817e+01,
4.5486069749e+01,
4.5497332202e+01,
4.5506381767e+01,
4.5513524822e+01,
4.5519049505e+01,
4.5523223664e+01,
4.5526292881e+01,
4.5528478719e+01,
4.5529977300e+01,
4.5530958362e+01,
4.5531564909e+01,
4.5531913545e+01,
4.5532095544e+01,
4.5532178696e+01,
4.5532209888e+01,
4.5532218374e+01,
4.5532219626e+01,
4.5532219738e+01,
4.5532221962e+01,
4.5532237031e+01,
4.5532292424e+01,
4.5532440074e+01,
4.5532763165e+01,
4.5533381780e+01,
4.5534457106e+01,
4.5536193911e+01,
4.5538840987e+01,
4.5542689273e+01,
4.5548067402e+01,
4.5555334474e+01,
4.5564869984e+01,
4.5577060967e+01,
4.5592286664e+01,
4.5610901246e+01,
4.5633215418e+01,
4.5659477961e+01,
4.5689858501e+01,
4.5724432848e+01,
4.5763172251e+01,
4.5805937677e+01,
4.5852479878e+01,
4.5902445527e+01,
4.5955389142e+01,
4.6010789988e+01,
4.6068072683e+01,
4.6126629931e+01,
4.6185845715e+01,
4.6245117307e+01,
4.6303874766e+01,
4.6361596880e+01,
4.6417822975e+01,
4.6472160402e+01,
4.6524287877e+01,
4.6573955160e+01,
4.6620979731e+01,
4.6665241228e+01,
4.6706674425e+01,
4.6745261451e+01,
4.6781023869e+01,
4.6814015063e+01,
4.6844313271e+01,
4.6872015454e+01,
4.6897232090e+01,
4.6920082900e+01,
4.6940693440e+01,
4.6959192477e+01,
4.6975710023e+01,
4.6990375921e+01,
4.7003318851e+01,
4.7014665661e+01,
4.7024540913e+01,
4.7033066570e+01,
4.7040361745e+01,
4.7046542470e+01,
4.7051721425e+01,
4.7056007612e+01,
4.7059505953e+01,
4.7062316809e+01,
4.7064535432e+01,
4.7066251362e+01,
4.7067547815e+01,
4.7068501078e+01,
4.7069179971e+01,
4.7069645410e+01,
4.7069950114e+01,
4.7070138499e+01,
4.7070246781e+01,
4.7070303307e+01,
4.7070329133e+01,
4.7070338821e+01,
4.7070341456e+01,
4.7070341845e+01,
4.7070341881e+01,
4.7070342601e+01,
4.7070347477e+01,
4.7070365404e+01,
4.7070413186e+01,
4.7070517744e+01,
4.7070717935e+01,
4.7071065915e+01,
4.7071627932e+01,
4.7072484453e+01,
4.7073729541e+01,
4.7075469384e+01,
4.7077819912e+01,
4.7080903499e+01,
4.7084844751e+01,
4.7089765520e+01,
4.7095779315e+01,
4.7102985414e+01,
4.7111463045e+01,
4.7121266066e+01,
4.7132418604e+01,
4.7144912077e+01,
4.7158703916e+01,
4.7173718197e+01,
4.7189848167e+01,
4.7206960500e+01,
4.7224900915e+01,
4.7243500669e+01,
4.7262583374e+01,
4.7281971600e+01,
4.7301492792e+01,
4.7320984151e+01,
4.7340296293e+01,
4.7359295627e+01,
4.7377865551e+01,
4.7395906618e+01,
4.7413335937e+01,
4.7430086022e+01,
4.7446103358e+01,
4.7461346845e+01,
4.7475786295e+01,
4.7489401052e+01,
4.7502178804e+01,
4.7514114587e+01,
4.7525209963e+01,
4.7535472362e+01,
4.7544914529e+01,
4.7553554069e+01,
4.7561413032e+01,
4.7568517535e+01,
4.7574897390e+01,
4.7580585736e+01,
4.7585618651e+01,
4.7590034754e+01,
4.7593874787e+01,
4.7597181165e+01,
4.7599997508e+01,
4.7602368156e+01,
4.7604337651e+01,
4.7605950217e+01,
4.7607249219e+01,
4.7608276636e+01,
4.7609072544e+01,
4.7609674627e+01,
4.7610117740e+01,
4.7610433527e+01,
4.7610650128e+01,
4.7610791973e+01,
4.7610879687e+01,
4.7610930110e+01,
4.7610956434e+01,
4.7610968462e+01,
4.7610972974e+01,
4.7610974201e+01,
4.7610974382e+01,
4.7610974400e+01,
4.7610974752e+01,
4.7610977142e+01,
4.7610985925e+01,
4.7611009339e+01,
4.7611060575e+01,
4.7611158686e+01,
4.7611329261e+01,
4.7611604849e+01,
4.7612025075e+01,
4.7612636429e+01,
4.7613491684e+01,
4.7614648938e+01,
4.7616170262e+01,
4.7618119971e+01,
4.7620562563e+01,
4.7623560372e+01,
4.7627171054e+01,
4.7631445004e+01,
4.7636422850e+01,
4.7642133184e+01,
4.7648590654e+01,
4.7655794556e+01,
4.7663728017e+01,
4.7672357818e+01,
4.7681634874e+01,
4.7691495335e+01,
4.7701862258e+01,
4.7712647752e+01,
4.7723755503e+01,
4.7735083565e+01,
4.7746527294e+01,
4.7757982301e+01,
4.7769347300e+01,
4.7780526716e+01,
4.7791432949e+01,
4.7801988195e+01,
4.7812125751e+01,
4.7821790793e+01,
4.7830940619e+01,
4.7839544408e+01,
4.7847582574e+01,
4.7855045800e+01,
4.7861933854e+01,
4.7868254280e+01,
4.7874021071e+01,
4.7879253367e+01,
4.7883974253e+01,
4.7888209697e+01,
4.7891987621e+01,
4.7895337146e+01,
4.7898287971e+01,
4.7900869900e+01,
4.7903112477e+01,
4.7905044724e+01,
4.7906694949e+01,
4.7908090603e+01,
4.7909258178e+01,
4.7910223119e+01,
4.7911009736e+01,
4.7911641123e+01,
4.7912139062e+01,
4.7912523920e+01,
4.7912814543e+01,
4.7913028150e+01,
4.7913180232e+01,
4.7913284476e+01,
4.7913352710e+01,
4.7913394893e+01,
4.7913419138e+01,
4.7913431794e+01,
4.7913437576e+01,
4.7913439745e+01,
4.7913440335e+01,
4.7913440422e+01,
4.7913440431e+01,
4.7913440611e+01,
4.7913441826e+01,
4.7913446296e+01,
4.7913458208e+01,
4.7913484274e+01,
4.7913534177e+01,
4.7913620904e+01,
4.7913760934e+01,
4.7913974245e+01,
4.7914284113e+01,
4.7914716689e+01,
4.7915300306e+01,
4.7916064534e+01,
4.7917038966e+01,
4.7918251772e+01,
4.7919728079e+01,
4.7921488247e+01,
4.7923546169e+01,
4.7925907724e+01,
4.7928569522e+01,
4.7931518105e+01,
4.7934729709e+01,
4.7938170677e+01,
4.7941798556e+01,
4.7945563815e+01,
4.7949412090e+01,
4.7953286765e+01,
4.7957131685e+01,
4.7960893754e+01,
4.7964525221e+01,
4.7967985463e+01,
4.7971242166e+01,
4.7974271864e+01,
4.7977059872e+01,
4.7979599697e+01,
4.7981892066e+01,
4.7983943697e+01,
4.7985765976e+01,
4.7987373629e+01,
4.7988783515e+01,
4.7990013567e+01,
4.7991081938e+01,
4.7992006335e+01,
4.7992803555e+01,
4.7993489172e+01,
4.7994077371e+01,
4.7994580883e+01,
4.7995011000e+01,
4.7995377642e+01,
4.7995689462e+01,
4.7995953969e+01,
4.7996177655e+01,
4.7996366120e+01,
4.7996524200e+01,
4.7996656074e+01,
4.7996765364e+01,
4.7996855226e+01,
4.7996928418e+01,
4.7996987368e+01,
4.7997034220e+01,
4.7997070879e+01,
4.7997099037e+01,
4.7997120200e+01,
4.7997135699e+01,
4.7997146705e+01,
4.7997154235e+01,
4.7997159158e+01,
4.7997162199e+01,
4.7997163946e+01,
4.7997164858e+01,
4.7997165275e+01,
4.7997165431e+01,
4.7997165473e+01,
4.7997165480e+01,
4.7997165480e+01,
4.7997165494e+01,
4.7997165587e+01,
4.7997165929e+01,
4.7997166841e+01,
4.7997168835e+01,
4.7997172650e+01,
4.7997179273e+01,
4.7997189948e+01,
4.7997206164e+01,
4.7997229621e+01,
4.7997262175e+01,
4.7997305739e+01,
4.7997362166e+01,
4.7997433103e+01,
4.7997519816e+01,
4.7997623025e+01,
4.7997742741e+01,
4.7997878149e+01,
4.7998027545e+01,
4.7998188364e+01,
4.7998357284e+01,
4.7998530431e+01,
4.7998703645e+01,
4.7998872791e+01,
4.7999034059e+01,
4.7999184237e+01,
4.7999320899e+01,
4.7999442504e+01,
4.7999548395e+01,
4.7999638715e+01,
4.7999714265e+01,
4.7999776318e+01,
4.7999826439e+01,
4.7999866314e+01,
4.7999897611e+01,
4.7999921888e+01,
4.7999940532e+01,
4.7999954738e+01,
4.7999965498e+01,
4.7999973621e+01,
4.7999979744e+01,
4.7999984368e+01,
4.7999987881e+01,
4.7999990589e+01,
4.7999992734e+01,
4.7999994495e+01,
4.7999995990e+01,
4.7999997279e+01,
4.7999998380e+01,
4.7999999312e+01,
4.8000000000e+01,
4.7999999443e+01,
4.7999999489e+01,
4.8000000000e+01,
4.8000000000e+01,
4.8000000000e+01,
4.8000000000e+01,
4.8000000000e+01,
4.8000000000e+01,
4.8000000000e+01,
4.8000000000e+01,
4.8000000000e+01,
4.8000000000e+01,
4.8000000000e+01,
4.8000000000e+01,
4.8000000000e+01,
4.8000000000e+01,
4.8000000000e+01,
4.8000000000e+01,
4.8000000000e+01,
4.8000000000e+01,
4.8000000000e+01,
4.8000000000e+01,
4.8000000000e+01,
