0.0000000000e+00,
2.3152180262e-07,
7.3906354032e-06,
5.5894808298e-05,
2.3420314650e-04,
7.0952205560e-04,
1.7498186260e-03,
3.7423896077e-03,
7.2083577516e-03,
1.2812614819e-02,
2.1368890570e-02,
3.3839782975e-02,
5.1331715284e-02,
7.5084866482e-02,
1.0645813194e-01,
1.4690910120e-01,
1.9796890190e-01,
2.6121159722e-01,
3.3821771755e-01,
4.3053156394e-01,
5.3961225077e-01,
6.6677913678e-01,
8.1315332160e-01,
9.7959814095e-01,
1.1666628297e+00,
1.3745344072e+00,
1.6030030334e+00,
1.8514453543e+00,
2.1188286781e+00,
2.4037364249e+00,
2.7044126338e+00,
3.0188209542e+00,
3.3447120174e+00,
3.6796926825e+00,
4.0212914235e+00,
4.3670157748e+00,
4.7143998555e+00,
5.0610420014e+00,
5.4046340499e+00,
5.7429845921e+00,
6.0740385208e+00,
6.3958946276e+00,
6.7068221255e+00,
7.0052760918e+00,
7.2899111842e+00,
7.5595927027e+00,
7.8134041417e+00,
8.0506506931e+00,
8.2708585643e+00,
8.4737703366e+00,
8.6593368172e+00,
8.8277059294e+00,
8.9792091579e+00,
9.1143459896e+00,
9.2337666887e+00,
9.3382536779e+00,
9.4287017508e+00,
9.5060973382e+00,
9.5714970716e+00,
9.6260059263e+00,
9.6707552763e+00,
9.7068812419e+00,
9.7355037551e+00,
9.7577067969e+00,
9.7745202801e+00,
9.7869040426e+00,
9.7957343924e+00,
9.8017935961e+00,
9.8057626304e+00,
9.8082174258e+00,
9.8096287257e+00,
9.8103655619e+00,
9.8107022309e+00,
9.8108285274e+00,
9.8108628832e+00,
9.8108679540e+00,
9.8108686482e+00,
9.8108850411e+00,
9.8109961053e+00,
9.8114043868e+00,
9.8124926964e+00,
9.8148743403e+00,
9.8194351082e+00,
9.8273651803e+00,
9.8401792226e+00,
9.8597230880e+00,
9.8881657368e+00,
9.9279752825e+00,
9.9818784867e+00,
1.0052803611e+01,
1.0143807300e+01,
1.0257987135e+01,
1.0398382581e+01,
1.0567868232e+01,
1.0769044352e+01,
1.1004130446e+01,
1.1274867890e+01,
1.1582437000e+01,
1.1927392558e+01,
1.2309619751e+01,
1.2728310659e+01,
1.3181960519e+01,
1.3668383625e+01,
1.4184750241e+01,
1.4727647101e+01,
1.5293163282e+01,
1.5877000129e+01,
1.6474599235e+01,
1.7081278183e+01,
1.7692361694e+01,
1.8303296852e+01,
1.8909744898e+01,
1.9507647364e+01,
2.0093269221e+01,
2.0663224902e+01,
2.1214493826e+01,
2.1744430627e+01,
2.2250772724e+01,
2.2731645248e+01,
2.3185561776e+01,
2.3611419056e+01,
2.4008484765e+01,
2.4376378648e+01,
2.4715048450e+01,
2.5024742557e+01,
2.5305981158e+01,
2.5559527249e+01,
2.5786358266e+01,
2.5987638562e+01,
2.6164692705e+01,
2.6318979334e+01,
2.6452065331e+01,
2.6565600079e+01,
2.6661289672e+01,
2.6740871079e+01,
2.6806086358e+01,
2.6858657171e+01,
2.6900259964e+01,
2.6932502289e+01,
2.6956900824e+01,
2.6974861731e+01,
2.6987663977e+01,
2.6996446236e+01,
2.7002197938e+01,
2.7005754875e+01,
2.7007799669e+01,
2.7008867210e+01,
2.7009354972e+01,
2.7009537947e+01,
2.7009587721e+01,
2.7009595067e+01,
2.7009595764e+01,
2.7009609982e+01,
2.7009706311e+01,
2.7010060424e+01,
2.7011004339e+01,
2.7013069976e+01,
2.7017025548e+01,
2.7023903155e+01,
2.7035016072e+01,
2.7051964276e+01,
2.7076626965e+01,
2.7111141029e+01,
2.7157864796e+01,
2.7219326872e+01,
2.7298160534e+01,
2.7397024970e+01,
2.7518515566e+01,
2.7665066440e+01,
2.7838849351e+01,
2.8041673866e+01,
2.8274894133e+01,
2.8539327610e+01,
2.8835190723e+01,
2.9162055587e+01,
2.9518830868e+01,
2.9903768743e+01,
3.0314498805e+01,
3.0748088737e+01,
3.1201130310e+01,
3.1669847634e+01,
3.2150222427e+01,
3.2638128673e+01,
3.3129467038e+01,
3.3620288537e+01,
3.4106897790e+01,
3.4585928860e+01,
3.5054390677e+01,
3.5509683432e+01,
3.5949591186e+01,
3.6372258271e+01,
3.6776157684e+01,
3.7160058611e+01,
3.7522998018e+01,
3.7864258604e+01,
3.8183353085e+01,
3.8480013090e+01,
3.8754180253e+01,
3.9005997220e+01,
3.9235796929e+01,
3.9444089457e+01,
3.9631546451e+01,
3.9798983698e+01,
3.9947342570e+01,
4.0077670985e+01,
4.0191104377e+01,
4.0288846898e+01,
4.0372152946e+01,
4.0442308967e+01,
4.0500615500e+01,
4.0548369441e+01,
4.0586846618e+01,
4.0617284826e+01,
4.0640867630e+01,
4.0658709269e+01,
4.0671841114e+01,
4.0681200129e+01,
4.0687619798e+01,
4.0691823941e+01,
4.0694423747e+01,
4.0695918277e+01,
4.0696698528e+01,
4.0697055024e+01,
4.0697188757e+01,
4.0697225135e+01,
4.0697230505e+01,
4.0697230982e+01,
4.0697240389e+01,
4.0697304118e+01,
4.0697538390e+01,
4.0698162860e+01,
4.0699529429e+01,
4.0702146309e+01,
4.0706696268e+01,
4.0714048010e+01,
4.0725259764e+01,
4.0741574198e+01,
4.0764403964e+01,
4.0795307409e+01,
4.0835954301e+01,
4.0888081880e+01,
4.0953442087e+01,
4.1033741497e+01,
4.1130576186e+01,
4.1245364529e+01,
4.1379281561e+01,
4.1533199034e+01,
4.1707635485e+01,
4.1902720286e+01,
4.2118174743e+01,
4.2353311605e+01,
4.2607052141e+01,
4.2877957579e+01,
4.3164270035e+01,
4.3463957768e+01,
4.3774761100e+01,
4.4094237953e+01,
4.4419810553e+01,
4.4748816102e+01,
4.5078563541e+01,
4.5406396311e+01,
4.5729758343e+01,
4.6046258454e+01,
4.6353727563e+01,
4.6650263861e+01,
4.6934262730e+01,
4.7204430392e+01,
4.7459782310e+01,
4.7699628883e+01,
4.7923551815e+01,
4.8131374742e+01,
4.8323131328e+01,
4.8499033441e+01,
4.8659441223e+01,
4.8804836153e+01,
4.8935797578e+01,
4.9052982728e+01,
4.9157109927e+01,
4.9248944533e+01,
4.9329287069e+01,
4.9398963013e+01,
4.9458813725e+01,
4.9509688125e+01,
4.9552434739e+01,
4.9587893899e+01,
4.9616889942e+01,
4.9640223357e+01,
4.9658662938e+01,
4.9672938063e+01,
4.9683731325e+01,
4.9691671763e+01,
4.9697328996e+01,
4.9701208579e+01,
4.9703748859e+01,
4.9705319588e+01,
4.9706222486e+01,
4.9706693846e+01,
4.9706909207e+01,
4.9706989995e+01,
4.9707011971e+01,
4.9707015215e+01,
4.9707015502e+01,
4.9707021125e+01,
4.9707059224e+01,
4.9707199278e+01,
4.9707572599e+01,
4.9708389539e+01,
4.9709953831e+01,
4.9712673381e+01,
4.9717066838e+01,
4.9723765300e+01,
4.9733508542e+01,
4.9747135255e+01,
4.9765566916e+01,
4.9789785150e+01,
4.9820802776e+01,
4.9859629118e+01,
4.9907230684e+01,
4.9964488828e+01,
5.0032156519e+01,
5.0110816758e+01,
5.0200845409e+01,
5.0302381220e+01,
5.0415305453e+01,
5.0539232950e+01,
5.0673515568e+01,
5.0817257910e+01,
5.0969344250e+01,
5.1128474774e+01,
5.1293208700e+01,
5.1462011693e+01,
5.1633305099e+01,
5.1805514745e+01,
5.1977117245e+01,
5.2146681788e+01,
5.2312905384e+01,
5.2474639622e+01,
5.2630907479e+01,
5.2780909623e+01,
5.2924020898e+01,
5.3059778866e+01,
5.3187867068e+01,
5.3308095810e+01,
5.3420382870e+01,
5.3524735746e+01,
5.3621236294e+01,
5.3710027920e+01,
5.3791305102e+01,
5.3865304851e+01,
5.3932299659e+01,
5.3992591583e+01,
5.4046507171e+01,
5.4094392998e+01,
5.4136611681e+01,
5.4173538213e+01,
5.4205556534e+01,
5.4233056224e+01,
5.4256429253e+01,
5.4276066706e+01,
5.4292355441e+01,
5.4305674664e+01,
5.4316392426e+01,
5.4324862086e+01,
5.4331418805e+01,
5.4336376197e+01,
5.4340023236e+01,
5.4342621581e+01,
5.4344403449e+01,
5.4345570180e+01,
5.4346291602e+01,
5.4346706294e+01,
5.4346922785e+01,
5.4347021698e+01,
5.4347058803e+01,
5.4347068897e+01,
5.4347070387e+01,
5.4347070520e+01,
5.4347073166e+01,
5.4347091091e+01,
5.4347156985e+01,
5.4347332627e+01,
5.4347716983e+01,
5.4348452952e+01,
5.4349732430e+01,
5.4351799397e+01,
5.4354950686e+01,
5.4359534173e+01,
5.4365944119e+01,
5.4374613493e+01,
5.4386003206e+01,
5.4400588342e+01,
5.4418841679e+01,
5.4441215012e+01,
5.4468119064e+01,
5.4499902978e+01,
5.4536834603e+01,
5.4579082875e+01,
5.4626703589e+01,
5.4679629741e+01,
5.4737667340e+01,
5.4800497233e+01,
5.4867683042e+01,
5.4938684845e+01,
5.5012877775e+01,
5.5089574319e+01,
5.5168048804e+01,
5.5247562417e+01,
5.5327387097e+01,
5.5406826835e+01,
5.5485235239e+01,
5.5562028687e+01,
5.5636694865e+01,
5.5708796945e+01,
5.5777974023e+01,
5.5843938635e+01,
5.5906472252e+01,
5.5965419560e+01,
5.6020682194e+01,
5.6072212400e+01,
5.6120006907e+01,
5.6164101144e+01,
5.6204563849e+01,
5.6241492064e+01,
5.6275006487e+01,
5.6305247197e+01,
5.6332369728e+01,
5.6356541530e+01,
5.6377938820e+01,
5.6396743823e+01,
5.6413142397e+01,
5.6427321992e+01,
5.6439469906e+01,
5.6449771764e+01,
5.6458410154e+01,
5.6465563366e+01,
5.6471404173e+01,
5.6476098624e+01,
5.6479804836e+01,
5.6482671790e+01,
5.6484838157e+01,
5.6486431198e+01,
5.6487565798e+01,
5.6488343697e+01,
5.6488852970e+01,
5.6489167837e+01,
5.6489348820e+01,
5.6489443300e+01,
5.6489486466e+01,
5.6489502659e+01,
5.6489507064e+01,
5.6489507714e+01,
5.6489507774e+01,
5.6489508977e+01,
5.6489517128e+01,
5.6489547091e+01,
5.6489626956e+01,
5.6489801719e+01,
5.6490136333e+01,
5.6490717983e+01,
5.6491657424e+01,
5.6493089217e+01,
5.6495170699e+01,
5.6498079563e+01,
5.6502009914e+01,
5.6507166756e+01,
5.6513758939e+01,
5.6521990687e+01,
5.6532051976e+01,
5.6544108167e+01,
5.6558289442e+01,
5.6574680710e+01,
5.6593312762e+01,
5.6614155456e+01,
5.6637113732e+01,
5.6662027094e+01,
5.6688673072e+01,
5.6716774840e+01,
5.6746012824e+01,
5.6776039697e+01,
5.6806497616e+01,
5.6837036153e+01,
5.6867329051e+01,
5.6897087974e+01,
5.6926071771e+01,
5.6954090548e+01,
5.6981004715e+01,
5.7006719980e+01,
5.7031179788e+01,
5.7054356789e+01,
5.7076244677e+01,
5.7096851271e+01,
5.7116193255e+01,
5.7134292570e+01,
5.7151174235e+01,
5.7166865248e+01,
5.7181394217e+01,
5.7194791428e+01,
5.7207089117e+01,
5.7218321812e+01,
5.7228526627e+01,
5.7237743481e+01,
5.7246015204e+01,
5.7253387536e+01,
5.7259909003e+01,
5.7265630705e+01,
5.7270605996e+01,
5.7274890080e+01,
5.7278539536e+01,
5.7281611767e+01,
5.7284164398e+01,
5.7286254632e+01,
5.7287938575e+01,
5.7289270561e+01,
5.7290302478e+01,
5.7291083138e+01,
5.7291657701e+01,
5.7292067180e+01,
5.7292348051e+01,
5.7292531987e+01,
5.7292645730e+01,
5.7292711117e+01,
5.7292745253e+01,
5.7292760850e+01,
5.7292766701e+01,
5.7292768293e+01,
5.7292768527e+01,
5.7292768550e+01,
5.7292769007e+01,
5.7292772106e+01,
5.7292783496e+01,
5.7292813858e+01,
5.7292880300e+01,
5.7293007528e+01,
5.7293228729e+01,
5.7293586118e+01,
5.7294131094e+01,
5.7294923972e+01,
5.7296033246e+01,
5.7297534362e+01,
5.7299507992e+01,
5.7302037843e+01,
5.7305208042e+01,
5.7309100188e+01,
5.7313790208e+01,
5.7319345169e+01,
5.7325820236e+01,
5.7333255959e+01,
5.7341676079e+01,
5.7351085989e+01,
5.7361471954e+01,
5.7372801130e+01,
5.7385022347e+01,
5.7398067580e+01,
5.7411853974e+01,
5.7426286271e+01,
5.7441259450e+01,
5.7456661453e+01,
5.7472375840e+01,
5.7488284286e+01,
5.7504268876e+01,
5.7520214168e+01,
5.7536009032e+01,
5.7551548284e+01,
5.7566734124e+01,
5.7581477379e+01,
5.7595698528e+01,
5.7609328507e+01,
5.7622309244e+01,
5.7634593931e+01,
5.7646147010e+01,
5.7656943895e+01,
5.7666970457e+01,
5.7676222323e+01,
5.7684704023e+01,
5.7692428052e+01,
5.7699413892e+01,
5.7705687030e+01,
5.7711278014e+01,
5.7716221559e+01,
5.7720555717e+01,
5.7724321117e+01,
5.7727560258e+01,
5.7730316873e+01,
5.7732635316e+01,
5.7734559996e+01,
5.7736134833e+01,
5.7737402733e+01,
5.7738405088e+01,
5.7739181291e+01,
5.7739768297e+01,
5.7740200218e+01,
5.7740507979e+01,
5.7740719050e+01,
5.7740857263e+01,
5.7740942727e+01,
5.7740991855e+01,
5.7741017503e+01,
5.7741029221e+01,
5.7741033617e+01,
5.7741034813e+01,
5.7741034990e+01,
5.7741035007e+01,
5.7741035371e+01,
5.7741037835e+01,
5.7741046893e+01,
5.7741071036e+01,
5.7741123870e+01,
5.7741225035e+01,
5.7741400905e+01,
5.7741685008e+01,
5.7742118122e+01,
5.7742748019e+01,
5.7743628800e+01,
5.7744819809e+01,
5.7746384108e+01,
5.7748386508e+01,
5.7750891207e+01,
5.7753959071e+01,
5.7757644685e+01,
5.7761993280e+01,
5.7767037716e+01,
5.7772795710e+01,
5.7779267508e+01,
5.7786434209e+01,
5.7794256930e+01,
5.7802676947e+01,
5.7811616901e+01,
5.7820983081e+01,
5.7830668677e+01,
5.7840557855e+01,
5.7850530367e+01,
5.7860466381e+01,
5.7870251178e+01,
5.7879779370e+01,
5.7888958353e+01,
5.7897710797e+01,
5.7905976068e+01,
5.7913710596e+01,
5.7920887306e+01,
5.7927494276e+01,
5.7933532852e+01,
5.7939015435e+01,
5.7943963158e+01,
5.7948403611e+01,
5.7952368763e+01,
5.7955893139e+01,
5.7959012316e+01,
5.7961761727e+01,
5.7964175775e+01,
5.7966287205e+01,
5.7968126712e+01,
5.7969722729e+01,
5.7971101360e+01,
5.7972286416e+01,
5.7973299527e+01,
5.7974160297e+01,
5.7974886481e+01,
5.7975494174e+01,
5.7975997986e+01,
5.7976411205e+01,
5.7976745941e+01,
5.7977013241e+01,
5.7977223177e+01,
5.7977384911e+01,
5.7977506740e+01,
5.7977596116e+01,
5.7977659663e+01,
5.7977703180e+01,
5.7977731646e+01,
5.7977749237e+01,
5.7977759345e+01,
5.7977764620e+01,
5.7977767030e+01,
5.7977767935e+01,
5.7977768180e+01,
5.7977768217e+01,
5.7977768220e+01,
5.7977768300e+01,
5.7977768838e+01,
5.7977770818e+01,
5.7977776094e+01,
5.7977787636e+01,
5.7977809726e+01,
5.7977848094e+01,
5.7977909983e+01,
5.7978004116e+01,
5.7978140550e+01,
5.7978330398e+01,
5.7978585400e+01,
5.7978917346e+01,
5.7979337344e+01,
5.7979854985e+01,
5.7980477436e+01,
5.7981208543e+01,
5.7982048050e+01,
5.7982991020e+01,
5.7984027575e+01,
5.7985143026e+01,
5.7986318429e+01,
5.7987531556e+01,
5.7988758203e+01,
5.7989973701e+01,
5.7991154476e+01,
5.7992279477e+01,
5.7993331315e+01,
5.7994297016e+01,
5.7995168324e+01,
5.7995941583e+01,
5.7996617260e+01,
5.7997199214e+01,
5.7997693854e+01,
5.7998109271e+01,
5.7998454458e+01,
5.7998738650e+01,
5.7998970811e+01,
5.7999159282e+01,
5.7999311551e+01,
5.7999434156e+01,
5.7999532679e+01,
5.7999611810e+01,
5.7999675434e+01,
5.7999726740e+01,
5.7999768314e+01,
5.7999802230e+01,
5.7999830137e+01,
5.7999853340e+01,
5.7999872869e+01,
5.7999889530e+01,
5.7999903945e+01,
5.7999916576e+01,
5.7999927765e+01,
5.7999937753e+01,
5.7999946710e+01,
5.7999954753e+01,
5.7999961962e+01,
5.7999968394e+01,
5.7999974090e+01,
5.7999979088e+01,
5.7999983422e+01,
5.7999987129e+01,
5.7999990246e+01,
5.7999992818e+01,
5.7999994892e+01,
5.7999996518e+01,
5.7999997751e+01,
5.7999998645e+01,
5.7999999258e+01,
5.8000000000e+01,
5.8000000000e+01,
5.8000000000e+01,
5.8000000000e+01,
