0.0000000000e+00,
4.9230659727e-07,
1.5715405098e-05,
1.1885444700e-04,
4.9800911320e-04,
1.5087318612e-03,
3.7208544441e-03,
7.9580245687e-03,
1.5328653582e-02,
2.7247302971e-02,
4.5445875035e-02,
7.1974263360e-02,
1.0919028506e-01,
1.5973867713e-01,
2.2651863555e-01,
3.1263881868e-01,
4.2135805967e-01,
5.5600952802e-01,
7.1990618810e-01,
9.1622661065e-01,
1.1478828501e+00,
1.4173761588e+00,
1.7266511197e+00,
2.0769630649e+00,
2.4687757454e+00,
2.9017046773e+00,
3.3745158072e+00,
3.8851799265e+00,
4.4309728494e+00,
5.0086027981e+00,
5.6143425609e+00,
6.2441462956e+00,
6.8937388745e+00,
7.5586769696e+00,
8.2343919619e+00,
8.9162313335e+00,
9.5995145934e+00,
1.0279611535e+01,
1.0952037800e+01,
1.1612551746e+01,
1.2257233924e+01,
1.2882537780e+01,
1.3485312203e+01,
1.4062805532e+01,
1.4612662402e+01,
1.5132920895e+01,
1.5622012200e+01,
1.6078761313e+01,
1.6502386063e+01,
1.6892492094e+01,
1.7249062446e+01,
1.7572441346e+01,
1.7863312464e+01,
1.8122672272e+01,
1.8351799219e+01,
1.8552219475e+01,
1.8725669908e+01,
1.8874058951e+01,
1.8999425972e+01,
1.9103899798e+01,
1.9189657065e+01,
1.9258881145e+01,
1.9313722460e+01,
1.9356261015e+01,
1.9388472065e+01,
1.9412195765e+01,
1.9429111663e+01,
1.9440718764e+01,
1.9448321799e+01,
1.9453024135e+01,
1.9455727566e+01,
1.9457139017e+01,
1.9457783924e+01,
1.9458025851e+01,
1.9458091661e+01,
1.9458101375e+01,
1.9458102704e+01,
1.9458134106e+01,
1.9458346855e+01,
1.9459128938e+01,
1.9461213644e+01,
1.9465775768e+01,
1.9474511998e+01,
1.9489701923e+01,
1.9514246303e+01,
1.9551679476e+01,
1.9606153157e+01,
1.9682389403e+01,
1.9785601292e+01,
1.9921380971e+01,
2.0095556144e+01,
2.0314017871e+01,
2.0582524596e+01,
2.0906489547e+01,
2.1290760867e+01,
2.1739405778e+01,
2.2255511503e+01,
2.2841016095e+01,
2.3496581357e+01,
2.4221517192e+01,
2.5013761870e+01,
2.5869916669e+01,
2.6785327671e+01,
2.7754204906e+01,
2.8769771056e+01,
2.9824437788e+01,
3.0910012368e+01,
3.2017933785e+01,
3.3139523858e+01,
3.4266223217e+01,
3.5389780043e+01,
3.6502377823e+01,
3.7596714822e+01,
3.8666062095e+01,
3.9704320688e+01,
4.0706081827e+01,
4.1666680596e+01,
4.2582230410e+01,
4.3449630502e+01,
4.4266546112e+01,
4.5031366955e+01,
4.5743152140e+01,
4.6401569385e+01,
4.7006834344e+01,
4.7559653363e+01,
4.8061170828e+01,
4.8512920819e+01,
4.8916782093e+01,
4.9274935184e+01,
4.9589820552e+01,
4.9864096978e+01,
5.0100599626e+01,
5.0302297497e+01,
5.0472250182e+01,
5.0613564038e+01,
5.0729348097e+01,
5.0822670220e+01,
5.0896514203e+01,
5.0953738708e+01,
5.0997039040e+01,
5.1028912901e+01,
5.1051631276e+01,
5.1067215554e+01,
5.1077421884e+01,
5.1083733560e+01,
5.1087361963e+01,
5.1089256262e+01,
5.1090121771e+01,
5.1090446451e+01,
5.1090534772e+01,
5.1090547808e+01,
5.1090549045e+01,
5.1090574274e+01,
5.1090745205e+01,
5.1091373558e+01,
5.1093048482e+01,
5.1096713826e+01,
5.1103732690e+01,
5.1115936337e+01,
5.1135654727e+01,
5.1165726095e+01,
5.1209483283e+01,
5.1270714928e+01,
5.1353600273e+01,
5.1462617238e+01,
5.1602424585e+01,
5.1777720495e+01,
5.1993081570e+01,
5.2252788030e+01,
5.2560642602e+01,
5.2919791946e+01,
5.3332560384e+01,
5.3800305951e+01,
5.4323308453e+01,
5.4900698202e+01,
5.5530432478e+01,
5.6209324068e+01,
5.6933122098e+01,
5.7696639454e+01,
5.8493914389e+01,
5.9318389238e+01,
6.0163089825e+01,
6.1020796087e+01,
6.1884204485e+01,
6.2746089337e+01,
6.3599469253e+01,
6.4437776974e+01,
6.5255021536e+01,
6.6045926005e+01,
6.6806024821e+01,
6.7531710962e+01,
6.8220231935e+01,
6.8869641713e+01,
6.9478721153e+01,
7.0046881258e+01,
7.0574062458e+01,
7.1060639946e+01,
7.1507341149e+01,
7.1915177837e+01,
7.2285392568e+01,
7.2619417424e+01,
7.2918842276e+01,
7.3185389679e+01,
7.3420893916e+01,
7.3627282204e+01,
7.3806556654e+01,
7.3960776025e+01,
7.4092036731e+01,
7.4202452815e+01,
7.4294134851e+01,
7.4369167918e+01,
7.4429588948e+01,
7.4477363894e+01,
7.4514365325e+01,
7.4542351119e+01,
7.4562945052e+01,
7.4577620086e+01,
7.4587685149e+01,
7.4594276145e+01,
7.4598351778e+01,
7.4600694643e+01,
7.4601917765e+01,
7.4602476605e+01,
7.4602686243e+01,
7.4602743270e+01,
7.4602751687e+01,
7.4602752436e+01,
7.4602767181e+01,
7.4602867081e+01,
7.4603234321e+01,
7.4604213222e+01,
7.4606355388e+01,
7.4610457374e+01,
7.4617589144e+01,
7.4629111635e+01,
7.4646681856e+01,
7.4672244049e+01,
7.4708005726e+01,
7.4756397759e+01,
7.4820018286e+01,
7.4901560993e+01,
7.5003729308e+01,
7.5129139186e+01,
7.5280214339e+01,
7.5459078841e+01,
7.5667452839e+01,
7.5906557481e+01,
7.6177035050e+01,
7.6478889697e+01,
7.6811453247e+01,
7.7173379537e+01,
7.7562669693e+01,
7.7976729526e+01,
7.8412458101e+01,
7.8866362907e+01,
7.9334691811e+01,
7.9813566779e+01,
8.0299102366e+01,
8.0787495964e+01,
8.1275086317e+01,
8.1758387499e+01,
8.2234111701e+01,
8.2699193267e+01,
8.3150820182e+01,
8.3586471922e+01,
8.4003957685e+01,
8.4401447707e+01,
8.4777491980e+01,
8.5131023639e+01,
8.5461347287e+01,
8.5768114723e+01,
8.6051291702e+01,
8.6311119607e+01,
8.6548075458e+01,
8.6762832955e+01,
8.6956226349e+01,
8.7129218156e+01,
8.7282871041e+01,
8.7418323765e+01,
8.7536770721e+01,
8.7639444472e+01,
8.7727600597e+01,
8.7802504205e+01,
8.7865417529e+01,
8.7917588162e+01,
8.7960237581e+01,
8.7994549828e+01,
8.8021660292e+01,
8.8042644758e+01,
8.8058508946e+01,
8.8070178911e+01,
8.8078492718e+01,
8.8084193838e+01,
8.8087926707e+01,
8.8090234800e+01,
8.8091561539e+01,
8.8092254162e+01,
8.8092570615e+01,
8.8092689326e+01,
8.8092721618e+01,
8.8092726384e+01,
8.8092726805e+01,
8.8092735068e+01,
8.8092791051e+01,
8.8092996847e+01,
8.8093545405e+01,
8.8094745808e+01,
8.8097044336e+01,
8.8101040281e+01,
8.8107495533e+01,
8.8117336942e+01,
8.8131650547e+01,
8.8151666851e+01,
8.8178736578e+01,
8.8214296632e+01,
8.8259826505e+01,
8.8316795977e+01,
8.8386605691e+01,
8.8470523015e+01,
8.8569616367e+01,
8.8684691916e+01,
8.8816236939e+01,
8.8964374284e+01,
8.9128831953e+01,
8.9308930998e+01,
8.9503593614e+01,
8.9711371625e+01,
8.9930493815e+01,
9.0158928866e+01,
9.0394459384e+01,
9.0634761762e+01,
9.0877486500e+01,
9.1120334074e+01,
9.1361122265e+01,
9.1597841954e+01,
9.1828699508e+01,
9.2052144989e+01,
9.2266886478e+01,
9.2471891708e+01,
9.2666379010e+01,
9.2849800047e+01,
9.3021817009e+01,
9.3182276810e+01,
9.3331184428e+01,
9.3468677010e+01,
9.3594999827e+01,
9.3710484692e+01,
9.3815531094e+01,
9.3910590078e+01,
9.3996150717e+01,
9.4072728956e+01,
9.4140858558e+01,
9.4201083849e+01,
9.4253953954e+01,
9.4300018219e+01,
9.4339822522e+01,
9.4373906200e+01,
9.4402799336e+01,
9.4427020208e+01,
9.4447072733e+01,
9.4463443788e+01,
9.4476600361e+01,
9.4486986540e+01,
9.4495020385e+01,
9.4501090805e+01,
9.4505554583e+01,
9.4508733734e+01,
9.4510913380e+01,
9.4512340338e+01,
9.4513222574e+01,
9.4513729675e+01,
9.4513994400e+01,
9.4514115348e+01,
9.4514160719e+01,
9.4514173061e+01,
9.4514174883e+01,
9.4514175046e+01,
9.4514178281e+01,
9.4514200199e+01,
9.4514280771e+01,
9.4514495535e+01,
9.4514965488e+01,
9.4515865301e+01,
9.4517429451e+01,
9.4519955835e+01,
9.4523806446e+01,
9.4529404704e+01,
9.4537229056e+01,
9.4547802585e+01,
9.4561678500e+01,
9.4579421617e+01,
9.4601586233e+01,
9.4628691165e+01,
9.4661193084e+01,
9.4699459659e+01,
9.4743744313e+01,
9.4794164521e+01,
9.4850685576e+01,
9.4913111466e+01,
9.4981084067e+01,
9.5054091172e+01,
9.5131483142e+01,
9.5212497177e+01,
9.5296287503e+01,
9.5381959249e+01,
9.5468603494e+01,
9.5555330956e+01,
9.5641302038e+01,
9.5725751442e+01,
9.5808006216e+01,
9.5887496789e+01,
9.5963761267e+01,
9.6036443790e+01,
9.6105288177e+01,
9.6170128251e+01,
9.6230876214e+01,
9.6287510335e+01,
9.6340062896e+01,
9.6388609103e+01,
9.6433257349e+01,
9.6474141009e+01,
9.6511411729e+01,
9.6545234093e+01,
9.6575781474e+01,
9.6603232855e+01,
9.6627770415e+01,
9.6649577715e+01,
9.6668838319e+01,
9.6685734746e+01,
9.6700447640e+01,
9.6713155085e+01,
9.6724031993e+01,
9.6733249523e+01,
9.6740974471e+01,
9.6747368604e+01,
9.6752587921e+01,
9.6756781832e+01,
9.6760092261e+01,
9.6762652701e+01,
9.6764587257e+01,
9.6766009730e+01,
9.6767022794e+01,
9.6767717341e+01,
9.6768172034e+01,
9.6768453152e+01,
9.6768614735e+01,
9.6768699087e+01,
9.6768737625e+01,
9.6768752082e+01,
9.6768756015e+01,
9.6768756595e+01,
9.6768756649e+01,
9.6768757723e+01,
9.6768765000e+01,
9.6768791750e+01,
9.6768863054e+01,
9.6769019081e+01,
9.6769317818e+01,
9.6769837097e+01,
9.6770675777e+01,
9.6771953945e+01,
9.6773811981e+01,
9.6776408360e+01,
9.6779916104e+01,
9.6784517830e+01,
9.6790399439e+01,
9.6797742581e+01,
9.6806716164e+01,
9.6817467303e+01,
9.6830112212e+01,
9.6844727641e+01,
9.6861343499e+01,
9.6879937246e+01,
9.6900430586e+01,
9.6922688779e+01,
9.6946522760e+01,
9.6971694012e+01,
9.6997921995e+01,
9.7024893818e+01,
9.7052275738e+01,
9.7079725999e+01,
9.7106908452e+01,
9.7133506233e+01,
9.7159234616e+01,
9.7183852014e+01,
9.7207168053e+01,
9.7229047824e+01,
9.7249411870e+01,
9.7268232058e+01,
9.7285524106e+01,
9.7301338047e+01,
9.7315748016e+01,
9.7328842629e+01,
9.7340716855e+01,
9.7351465825e+01,
9.7361180616e+01,
9.7369945819e+01,
9.7377838486e+01,
9.7384928089e+01,
9.7391277108e+01,
9.7396941954e+01,
9.7401974031e+01,
9.7406420762e+01,
9.7410326513e+01,
9.7413733359e+01,
9.7416681675e+01,
9.7419210553e+01,
9.7421358054e+01,
9.7423161327e+01,
9.7424656592e+01,
9.7425879036e+01,
9.7426862627e+01,
9.7427639880e+01,
9.7428241582e+01,
9.7428696522e+01,
9.7429031217e+01,
9.7429269676e+01,
9.7429433206e+01,
9.7429540283e+01,
9.7429606492e+01,
9.7429644552e+01,
9.7429664420e+01,
9.7429673498e+01,
9.7429676904e+01,
9.7429677830e+01,
9.7429677967e+01,
9.7429677980e+01,
9.7429678246e+01,
9.7429680049e+01,
9.7429686679e+01,
9.7429704350e+01,
9.7429743019e+01,
9.7429817062e+01,
9.7429945782e+01,
9.7430153715e+01,
9.7430470704e+01,
9.7430931709e+01,
9.7431576327e+01,
9.7432448017e+01,
9.7433593016e+01,
9.7435058993e+01,
9.7436893462e+01,
9.7439142062e+01,
9.7441846796e+01,
9.7445044357e+01,
9.7448764683e+01,
9.7453029838e+01,
9.7457853306e+01,
9.7463239727e+01,
9.7469185018e+01,
9.7475676815e+01,
9.7482695095e+01,
9.7490212877e+01,
9.7498196891e+01,
9.7506608166e+01,
9.7515402529e+01,
9.7524531059e+01,
9.7533940527e+01,
9.7543573911e+01,
9.7553371004e+01,
9.7563269165e+01,
9.7573204198e+01,
9.7583111352e+01,
9.7592926407e+01,
9.7602586801e+01,
9.7612032749e+01,
9.7621208300e+01,
9.7630062293e+01,
9.7638549164e+01,
9.7646629581e+01,
9.7654270883e+01,
9.7661447327e+01,
9.7668140149e+01,
9.7674337446e+01,
9.7680033922e+01,
9.7685230507e+01,
9.7689933892e+01,
9.7694155986e+01,
9.7697913349e+01,
9.7701226581e+01,
9.7704119713e+01,
9.7706619587e+01,
9.7708755247e+01,
9.7710557330e+01,
9.7712057478e+01,
9.7713287759e+01,
9.7714280107e+01,
9.7715065794e+01,
9.7715674929e+01,
9.7716136006e+01,
9.7716475496e+01,
9.7716717516e+01,
9.7716883557e+01,
9.7716992309e+01,
9.7717059566e+01,
9.7717098231e+01,
9.7717118418e+01,
9.7717127641e+01,
9.7717131101e+01,
9.7717132042e+01,
9.7717132181e+01,
9.7717132195e+01,
9.7717132481e+01,
9.7717134421e+01,
9.7717141550e+01,
9.7717160554e+01,
9.7717202143e+01,
9.7717281785e+01,
9.7717420264e+01,
9.7717644033e+01,
9.7717985332e+01,
9.7718482051e+01,
9.7719177312e+01,
9.7720118766e+01,
9.7721357591e+01,
9.7722947197e+01,
9.7724941665e+01,
9.7727393936e+01,
9.7730353817e+01,
9.7733865854e+01,
9.7737967159e+01,
9.7742685294e+01,
9.7748036310e+01,
9.7754023063e+01,
9.7760633933e+01,
9.7767842051e+01,
9.7775605138e+01,
9.7783866030e+01,
9.7792553936e+01,
9.7801586392e+01,
9.7810871865e+01,
9.7820312863e+01,
9.7829809363e+01,
9.7839262352e+01,
9.7848577216e+01,
9.7857666779e+01,
9.7866453775e+01,
9.7874872645e+01,
9.7882870594e+01,
9.7890407911e+01,
9.7897457641e+01,
9.7904004706e+01,
9.7910044643e+01,
9.7915582090e+01,
9.7920629154e+01,
9.7925203806e+01,
9.7929328355e+01,
9.7933028098e+01,
9.7936330152e+01,
9.7939262502e+01,
9.7941853252e+01,
9.7944130062e+01,
9.7946119748e+01,
9.7947848026e+01,
9.7949339357e+01,
9.7950616881e+01,
9.7951702408e+01,
9.7952616441e+01,
9.7953378229e+01,
9.7954005811e+01,
9.7954516067e+01,
9.7954924749e+01,
9.7955246496e+01,
9.7955494837e+01,
9.7955682175e+01,
9.7955819759e+01,
9.7955917659e+01,
9.7955984738e+01,
9.7956028634e+01,
9.7956055765e+01,
9.7956071358e+01,
9.7956079497e+01,
9.7956083215e+01,
9.7956084610e+01,
9.7956084990e+01,
9.7956085046e+01,
9.7956085051e+01,
9.7956085174e+01,
9.7956086005e+01,
9.7956089059e+01,
9.7956097199e+01,
9.7956115010e+01,
9.7956149101e+01,
9.7956208335e+01,
9.7956303930e+01,
9.7956449447e+01,
9.7956660612e+01,
9.7956954955e+01,
9.7957351251e+01,
9.7957868754e+01,
9.7958526224e+01,
9.7959340784e+01,
9.7960326653e+01,
9.7961493848e+01,
9.7962846958e+01,
9.7964384113e+01,
9.7966096290e+01,
9.7967967064e+01,
9.7969972894e+01,
9.7972083975e+01,
9.7974265628e+01,
9.7976480119e+01,
9.7978688742e+01,
9.7980853985e+01,
9.7982941530e+01,
9.7984921925e+01,
9.7986771768e+01,
9.7988474334e+01,
9.7990019647e+01,
9.7991404063e+01,
9.7992629472e+01,
9.7993702276e+01,
9.7994632249e+01,
9.7995431421e+01,
9.7996113054e+01,
9.7996690798e+01,
9.7997178035e+01,
9.7997587425e+01,
9.7997930622e+01,
9.7998218126e+01,
9.7998459221e+01,
9.7998661981e+01,
9.7998833316e+01,
9.7998979054e+01,
9.7999104042e+01,
9.7999212260e+01,
9.7999306918e+01,
9.7999390567e+01,
9.7999465184e+01,
9.7999532263e+01,
9.7999592903e+01,
9.7999647889e+01,
9.7999697770e+01,
9.7999742926e+01,
9.7999783627e+01,
9.7999820072e+01,
9.7999852430e+01,
9.7999880862e+01,
9.7999905539e+01,
9.7999926652e+01,
9.7999944416e+01,
9.7999959073e+01,
9.7999970892e+01,
9.7999980159e+01,
9.7999987182e+01,
9.7999992278e+01,
9.7999995769e+01,
9.7999997979e+01,
9.7999999223e+01,
9.8000000000e+01,
9.8000000000e+01,
