0.0000000000e+00,
3.8499798904e-08,
1.2289903992e-06,
9.2947551984e-06,
3.8945596600e-05,
1.1798567360e-04,
2.9097218400e-04,
6.2229743190e-04,
1.1985855356e-03,
2.1303175119e-03,
3.5526237470e-03,
5.6252096515e-03,
8.5314070767e-03,
1.2476369180e-02,
1.7684448249e-02,
2.4395813204e-02,
3.2862375288e-02,
4.3343096962e-02,
5.6098761283e-02,
7.1386279379e-02,
8.9452615024e-02,
1.1052841150e-01,
1.3482141981e-01,
1.6250985126e-01,
1.9373581055e-01,
2.2859900617e-01,
2.6715097545e-01,
3.0939009660e-01,
3.5525767799e-01,
4.0463541042e-01,
4.5734443297e-01,
5.1314619909e-01,
5.7174523732e-01,
6.3279379184e-01,
6.9589821141e-01,
7.6062684599e-01,
8.2651911987e-01,
8.9309538892e-01,
9.5986716151e-01,
1.0263472697e+00,
1.0920596138e+00,
1.1565481619e+00,
1.2193849620e+00,
1.2801769973e+00,
1.3385717941e+00,
1.3942617527e+00,
1.4469872259e+00,
1.4965384054e+00,
1.5427561027e+00,
1.5855315212e+00,
1.6248051223e+00,
1.6605646864e+00,
1.6928426638e+00,
1.7217129051e+00,
1.7472868578e+00,
1.7697093084e+00,
1.7891537535e+00,
1.8058174816e+00,
1.8199164528e+00,
1.8316800674e+00,
1.8413459214e+00,
1.8491546522e+00,
1.8553449799e+00,
1.8601490551e+00,
1.8637882179e+00,
1.8664692731e+00,
1.8683813720e+00,
1.8696935827e+00,
1.8705532102e+00,
1.8710849078e+00,
1.8713905991e+00,
1.8715502027e+00,
1.8716231281e+00,
1.8716504851e+00,
1.8716579269e+00,
1.8716590253e+00,
1.8716591757e+00,
1.8716627266e+00,
1.8716867842e+00,
1.8717752225e+00,
1.8720109655e+00,
1.8725268780e+00,
1.8735148919e+00,
1.8752329928e+00,
1.8780097297e+00,
1.8822459545e+00,
1.8884135507e+00,
1.8970509752e+00,
1.9087555152e+00,
1.9241722562e+00,
1.9439798712e+00,
1.9688734735e+00,
1.9995449258e+00,
2.0366611616e+00,
2.0808412524e+00,
2.1326331233e+00,
2.1924909749e+00,
2.2607545824e+00,
2.3376316817e+00,
2.4231845919e+00,
2.5173220357e+00,
2.6197967956e+00,
2.7302094041e+00,
2.8480175631e+00,
2.9725504953e+00,
3.1030270310e+00,
3.2385760200e+00,
3.3782576517e+00,
3.5210844815e+00,
3.6660413243e+00,
3.8121036039e+00,
3.9582541238e+00,
4.1034984735e+00,
4.2468793481e+00,
4.3874899570e+00,
4.5244864821e+00,
4.6570993125e+00,
4.7846426165e+00,
4.9065217817e+00,
5.0222383609e+00,
5.1313923818e+00,
5.2336821261e+00,
5.3289017041e+00,
5.4169368775e+00,
5.4977596166e+00,
5.5714218259e+00,
5.6380485740e+00,
5.6978310488e+00,
5.7510193615e+00,
5.7979152487e+00,
5.8388646785e+00,
5.8742503527e+00,
5.9044840979e+00,
5.9299991609e+00,
5.9512424438e+00,
5.9686667516e+00,
5.9827231478e+00,
5.9938535463e+00,
6.0024836890e+00,
6.0090166737e+00,
6.0138272062e+00,
6.0172567477e+00,
6.0196097150e+00,
6.0211508696e+00,
6.0221039988e+00,
6.0226519485e+00,
6.0229380263e+00,
6.0230687372e+00,
6.0231177714e+00,
6.0231311098e+00,
6.0231330786e+00,
6.0231332655e+00,
6.0231370756e+00,
6.0231628901e+00,
6.0232577865e+00,
6.0235107424e+00,
6.0240643147e+00,
6.0251244130e+00,
6.0269677481e+00,
6.0299465723e+00,
6.0344903627e+00,
6.0411041546e+00,
6.0503632948e+00,
6.0629044805e+00,
6.0794130700e+00,
6.1006068031e+00,
6.1272162596e+00,
6.1599625944e+00,
6.1995333116e+00,
6.2465570622e+00,
6.3015786270e+00,
6.3650353662e+00,
6.4372364306e+00,
6.5183459213e+00,
6.6083709425e+00,
6.7071551348e+00,
6.8143778571e+00,
6.9295587807e+00,
7.0520673495e+00,
7.1811364133e+00,
7.3158793429e+00,
7.4553100457e+00,
7.5983654033e+00,
7.7439296730e+00,
7.8908602792e+00,
8.0380142158e+00,
8.1842740466e+00,
8.3285723427e+00,
8.4699133923e+00,
8.6073911828e+00,
8.7402029662e+00,
8.8676581084e+00,
8.9891823236e+00,
9.1043177390e+00,
9.2127194778e+00,
9.3141495795e+00,
9.4084690950e+00,
9.4956291237e+00,
9.5756614336e+00,
9.6486691472e+00,
9.7148178186e+00,
9.7743270828e+00,
9.8274629384e+00,
9.8745306404e+00,
9.9158681214e+00,
9.9518398302e+00,
9.9828308701e+00,
1.0009241329e+01,
1.0031480717e+01,
1.0049962458e+01,
1.0065098420e+01,
1.0077293509e+01,
1.0086940379e+01,
1.0094414359e+01,
1.0100068715e+01,
1.0104230391e+01,
1.0107196372e+01,
1.0109230827e+01,
1.0110563155e+01,
1.0111387053e+01,
1.0111860679e+01,
1.0112107946e+01,
1.0112220922e+01,
1.0112263302e+01,
1.0112274831e+01,
1.0112276533e+01,
1.0112276684e+01,
1.0112279665e+01,
1.0112299861e+01,
1.0112374103e+01,
1.0112572002e+01,
1.0113005075e+01,
1.0113834379e+01,
1.0115276280e+01,
1.0117606068e+01,
1.0121159079e+01,
1.0126329074e+01,
1.0133563650e+01,
1.0143356517e+01,
1.0156236620e+01,
1.0172754192e+01,
1.0193464025e+01,
1.0218906439e+01,
1.0249586672e+01,
1.0285953616e+01,
1.0328379029e+01,
1.0377138472e+01,
1.0432395256e+01,
1.0494188586e+01,
1.0562426884e+01,
1.0636886901e+01,
1.0717218775e+01,
1.0802956684e+01,
1.0893534234e+01,
1.0988303295e+01,
1.1086554748e+01,
1.1187539545e+01,
1.1290488638e+01,
1.1394630684e+01,
1.1499206896e+01,
1.1603482933e+01,
1.1706758114e+01,
1.1808372570e+01,
1.1907713044e+01,
1.2004217931e+01,
1.2097381966e+01,
1.2186760639e+01,
1.2271974128e+01,
1.2352710353e+01,
1.2428726703e+01,
1.2499850080e+01,
1.2565975094e+01,
1.2627060510e+01,
1.2683124260e+01,
1.2734237470e+01,
1.2780517983e+01,
1.2822123829e+01,
1.2859246951e+01,
1.2892107378e+01,
1.2920947912e+01,
1.2946029315e+01,
1.2967625883e+01,
1.2986021351e+01,
1.3001504977e+01,
1.3014367777e+01,
1.3024898823e+01,
1.3033381619e+01,
1.3040090563e+01,
1.3045287551e+01,
1.3049218803e+01,
1.3052111992e+01,
1.3054173802e+01,
1.3055587994e+01,
1.3056514094e+01,
1.3057086773e+01,
1.3057415980e+01,
1.3057587848e+01,
1.3057666375e+01,
1.3057695832e+01,
1.3057703845e+01,
1.3057705028e+01,
1.3057705133e+01,
1.3057707183e+01,
1.3057721075e+01,
1.3057772143e+01,
1.3057908269e+01,
1.3058206160e+01,
1.3058776593e+01,
1.3059768382e+01,
1.3061370844e+01,
1.3063814545e+01,
1.3067370143e+01,
1.3072345157e+01,
1.3079078554e+01,
1.3087933134e+01,
1.3099285770e+01,
1.3113515709e+01,
1.3130991295e+01,
1.3152055636e+01,
1.3177011923e+01,
1.3206109257e+01,
1.3239529929e+01,
1.3277379158e+01,
1.3319678155e+01,
1.3366361185e+01,
1.3417276892e+01,
1.3472193697e+01,
1.3530808528e+01,
1.3592757746e+01,
1.3657628926e+01,
1.3724972248e+01,
1.3794310657e+01,
1.3865148520e+01,
1.3936979017e+01,
1.4009290878e+01,
1.4081575100e+01,
1.4153332114e+01,
1.4224079523e+01,
1.4293360186e+01,
1.4360750166e+01,
1.4425865979e+01,
1.4488370588e+01,
1.4547977743e+01,
1.4604454479e+01,
1.4657621747e+01,
1.4707353355e+01,
1.4753573491e+01,
1.4796253178e+01,
1.4835406005e+01,
1.4871083457e+01,
1.4903370131e+01,
1.4932379029e+01,
1.4958247082e+01,
1.4981130973e+01,
1.5001203304e+01,
1.5018649074e+01,
1.5033662454e+01,
1.5046443793e+01,
1.5057196809e+01,
1.5066125921e+01,
1.5073433670e+01,
1.5079318245e+01,
1.5083971082e+01,
1.5087574586e+01,
1.5090300004e+01,
1.5092305518e+01,
1.5093734602e+01,
1.5094714745e+01,
1.5095356575e+01,
1.5095753458e+01,
1.5095981603e+01,
1.5096100709e+01,
1.5096155128e+01,
1.5096175543e+01,
1.5096181096e+01,
1.5096181915e+01,
1.5096181989e+01,
1.5096183445e+01,
1.5096193307e+01,
1.5096229560e+01,
1.5096326194e+01,
1.5096537662e+01,
1.5096942596e+01,
1.5097646610e+01,
1.5098784033e+01,
1.5100518392e+01,
1.5103041516e+01,
1.5106571128e+01,
1.5111346824e+01,
1.5117624420e+01,
1.5125668678e+01,
1.5135744546e+01,
1.5148107139e+01,
1.5162990805e+01,
1.5180597765e+01,
1.5201086888e+01,
1.5224563279e+01,
1.5251069396e+01,
1.5280578393e+01,
1.5312990308e+01,
1.5348131595e+01,
1.5385758242e+01,
1.5425562486e+01,
1.5467182830e+01,
1.5510216763e+01,
1.5554235370e+01,
1.5598798801e+01,
1.5643471573e+01,
1.5687836662e+01,
1.5731507561e+01,
1.5774137701e+01,
1.5815426914e+01,
1.5855124928e+01,
1.5893032122e+01,
1.5928997951e+01,
1.5962917590e+01,
1.5994727341e+01,
1.6024399366e+01,
1.6051936179e+01,
1.6077365291e+01,
1.6100734254e+01,
1.6122106263e+01,
1.6141556393e+01,
1.6159168486e+01,
1.6175032640e+01,
1.6189243235e+01,
1.6201897421e+01,
1.6213093962e+01,
1.6222932369e+01,
1.6231512232e+01,
1.6238932679e+01,
1.6245291913e+01,
1.6250686772e+01,
1.6255212278e+01,
1.6258961159e+01,
1.6262023316e+01,
1.6264485248e+01,
1.6266429437e+01,
1.6267933704e+01,
1.6269070580e+01,
1.6269906697e+01,
1.6270502258e+01,
1.6270910613e+01,
1.6271177967e+01,
1.6271343268e+01,
1.6271438284e+01,
1.6271487886e+01,
1.6271510549e+01,
1.6271519050e+01,
1.6271521363e+01,
1.6271521704e+01,
1.6271521735e+01,
1.6271522367e+01,
1.6271526646e+01,
1.6271542377e+01,
1.6271584307e+01,
1.6271676061e+01,
1.6271851742e+01,
1.6272157134e+01,
1.6272650413e+01,
1.6273402284e+01,
1.6274495478e+01,
1.6276023528e+01,
1.6278088777e+01,
1.6280799602e+01,
1.6284266881e+01,
1.6288599785e+01,
1.6293901058e+01,
1.6300262008e+01,
1.6307757520e+01,
1.6316441425e+01,
1.6326342610e+01,
1.6337462207e+01,
1.6349772140e+01,
1.6363215217e+01,
1.6377706775e+01,
1.6393137766e+01,
1.6409379023e+01,
1.6426286325e+01,
1.6443705843e+01,
1.6461479534e+01,
1.6479450136e+01,
1.6497465472e+01,
1.6515381920e+01,
1.6533067001e+01,
1.6550401121e+01,
1.6567278580e+01,
1.6583607984e+01,
1.6599312185e+01,
1.6614327895e+01,
1.6628605049e+01,
1.6642106022e+01,
1.6654804727e+01,
1.6666685652e+01,
1.6677742860e+01,
1.6687978974e+01,
1.6697404166e+01,
1.6706035183e+01,
1.6713894405e+01,
1.6721008972e+01,
1.6727409975e+01,
1.6733131722e+01,
1.6738211084e+01,
1.6742686910e+01,
1.6746599507e+01,
1.6749990181e+01,
1.6752900810e+01,
1.6755373460e+01,
1.6757450008e+01,
1.6759171784e+01,
1.6760579204e+01,
1.6761711417e+01,
1.6762605939e+01,
1.6763298300e+01,
1.6763821704e+01,
1.6764206719e+01,
1.6764481003e+01,
1.6764669088e+01,
1.6764792238e+01,
1.6764868383e+01,
1.6764912153e+01,
1.6764935002e+01,
1.6764945442e+01,
1.6764949359e+01,
1.6764950424e+01,
1.6764950581e+01,
1.6764950596e+01,
1.6764950902e+01,
1.6764952976e+01,
1.6764960600e+01,
1.6764980922e+01,
1.6765025392e+01,
1.6765110540e+01,
1.6765258559e+01,
1.6765497652e+01,
1.6765862106e+01,
1.6766392056e+01,
1.6767132901e+01,
1.6768134354e+01,
1.6769449116e+01,
1.6771131173e+01,
1.6773233760e+01,
1.6775807047e+01,
1.6778895660e+01,
1.6782536145e+01,
1.6786754547e+01,
1.6791564266e+01,
1.6796964363e+01,
1.6802938467e+01,
1.6809454413e+01,
1.6816464666e+01,
1.6823907558e+01,
1.6831709274e+01,
1.6839786480e+01,
1.6848049418e+01,
1.6856405272e+01,
1.6864761576e+01,
1.6873029462e+01,
1.6881126525e+01,
1.6888979184e+01,
1.6896524405e+01,
1.6903710762e+01,
1.6910498839e+01,
1.6916861029e+01,
1.6922780839e+01,
1.6928251805e+01,
1.6933276159e+01,
1.6937863364e+01,
1.6942028622e+01,
1.6945791447e+01,
1.6949174363e+01,
1.6952201769e+01,
1.6954898987e+01,
1.6957291501e+01,
1.6959404370e+01,
1.6961261812e+01,
1.6962886914e+01,
1.6964301470e+01,
1.6965525897e+01,
1.6966579229e+01,
1.6967479153e+01,
1.6968242079e+01,
1.6968883223e+01,
1.6969416694e+01,
1.6969855577e+01,
1.6970212007e+01,
1.6970497221e+01,
1.6970721600e+01,
1.6970894687e+01,
1.6971025200e+01,
1.6971121019e+01,
1.6971189184e+01,
1.6971235882e+01,
1.6971266436e+01,
1.6971285321e+01,
1.6971296173e+01,
1.6971301838e+01,
1.6971304426e+01,
1.6971305396e+01,
1.6971305661e+01,
1.6971305700e+01,
1.6971305703e+01,
1.6971305784e+01,
1.6971306328e+01,
1.6971308328e+01,
1.6971313659e+01,
1.6971325323e+01,
1.6971347650e+01,
1.6971386442e+01,
1.6971449042e+01,
1.6971544328e+01,
1.6971682585e+01,
1.6971875271e+01,
1.6972134645e+01,
1.6972473254e+01,
1.6972903295e+01,
1.6973435855e+01,
1.6974080083e+01,
1.6974842341e+01,
1.6975725408e+01,
1.6976727831e+01,
1.6977843493e+01,
1.6979061487e+01,
1.6980366337e+01,
1.6981738585e+01,
1.6983155721e+01,
1.6984593369e+01,
1.6986026637e+01,
1.6987431487e+01,
1.6988785996e+01,
1.6990071396e+01,
1.6991272794e+01,
1.6992379552e+01,
1.6993385305e+01,
1.6994287694e+01,
1.6995087852e+01,
1.6995789760e+01,
1.6996399525e+01,
1.6996924687e+01,
1.6997373584e+01,
1.6997754817e+01,
1.6998076835e+01,
1.6998347637e+01,
1.6998574573e+01,
1.6998764246e+01,
1.6998922472e+01,
1.6999054298e+01,
1.6999164045e+01,
1.6999255377e+01,
1.6999331370e+01,
1.6999394593e+01,
1.6999447177e+01,
1.6999490886e+01,
1.6999527179e+01,
1.6999557261e+01,
1.6999582131e+01,
1.6999602618e+01,
1.6999619413e+01,
1.6999633095e+01,
1.6999644153e+01,
1.6999653001e+01,
1.6999659996e+01,
1.6999665446e+01,
1.6999669618e+01,
1.6999672746e+01,
1.6999675032e+01,
1.6999676653e+01,
1.6999677761e+01,
1.6999678485e+01,
1.6999678932e+01,
1.6999679188e+01,
1.6999679322e+01,
1.6999679384e+01,
1.6999679406e+01,
1.6999679413e+01,
1.6999679414e+01,
1.6999679414e+01,
1.6999679416e+01,
1.6999679429e+01,
1.6999679480e+01,
1.6999679614e+01,
1.6999679906e+01,
1.6999680467e+01,
1.6999681439e+01,
1.6999683004e+01,
1.6999685378e+01,
1.6999688805e+01,
1.6999693546e+01,
1.6999699864e+01,
1.6999708002e+01,
1.6999718159e+01,
1.6999730460e+01,
1.6999744932e+01,
1.6999761482e+01,
1.6999779886e+01,
1.6999799784e+01,
1.6999820703e+01,
1.6999842086e+01,
1.6999863333e+01,
1.6999883858e+01,
1.6999903132e+01,
1.6999920732e+01,
1.6999936362e+01,
1.6999949869e+01,
1.6999961240e+01,
1.6999970580e+01,
1.6999978086e+01,
1.6999984004e+01,
1.6999988600e+01,
1.6999992127e+01,
1.6999994821e+01,
1.6999996918e+01,
1.6999998730e+01,
1.6999998897e+01,
1.6999997962e+01,
1.6999997473e+01,
1.6999997280e+01,
1.6999997346e+01,
1.6999997628e+01,
1.6999998050e+01,
1.6999998515e+01,
1.6999998928e+01,
1.6999999224e+01,
1.6999999392e+01,
1.6999999475e+01,
1.6999999536e+01,
1.6999999614e+01,
1.7000000000e+01,
1.7000000000e+01,
1.7000000000e+01,
1.7000000000e+01,
1.7000000000e+01,
1.7000000000e+01,
1.7000000000e+01,
1.7000000000e+01,
1.7000000000e+01,
1.7000000000e+01,
1.7000000000e+01,
1.7000000000e+01,
1.7000000000e+01,
1.7000000000e+01,
1.7000000000e+01,
1.7000000000e+01,
1.7000000000e+01,
1.7000000000e+01,
1.7000000000e+01,
1.7000000000e+01,
1.7000000000e+01,
1.7000000000e+01,
1.7000000000e+01,
1.7000000000e+01,
