0.0000000000e+00,
4.7798930325e-07,
1.5258367000e-05,
1.1539789941e-04,
4.8352588711e-04,
1.4648542965e-03,
3.6126416927e-03,
7.7265778038e-03,
1.4882825801e-02,
2.6454776288e-02,
4.4123895172e-02,
6.9880331927e-02,
1.0601312242e-01,
1.5508979337e-01,
2.1992489718e-01,
3.0353648495e-01,
4.0908888323e-01,
5.3981965013e-01,
6.9894865849e-01,
8.8956835277e-01,
1.1145166879e+00,
1.3762380612e+00,
1.6766421106e+00,
2.0169743934e+00,
2.3977151354e+00,
2.8185210389e+00,
3.2782199403e+00,
3.7748595644e+00,
4.3058017392e+00,
4.8678450337e+00,
5.4573545779e+00,
6.0703793459e+00,
6.7027441823e+00,
7.3501141963e+00,
8.0080395432e+00,
8.6719954532e+00,
9.3374329324e+00,
9.9998491102e+00,
1.0654875005e+01,
1.1298367794e+01,
1.1926490436e+01,
1.2535766249e+01,
1.3123106340e+01,
1.3685816970e+01,
1.4221597174e+01,
1.4728534622e+01,
1.5205103063e+01,
1.5650160943e+01,
1.6062949015e+01,
1.6443084740e+01,
1.6790551976e+01,
1.7105685370e+01,
1.7389149516e+01,
1.7641913368e+01,
1.7865220520e+01,
1.8060556068e+01,
1.8229610694e+01,
1.8374242619e+01,
1.8496438036e+01,
1.8598270684e+01,
1.8681861220e+01,
1.8749337143e+01,
1.8802794058e+01,
1.8844259113e+01,
1.8875657480e+01,
1.8898782740e+01,
1.8915271982e+01,
1.8926586353e+01,
1.8933997653e+01,
1.8938581409e+01,
1.8941216668e+01,
1.8942592527e+01,
1.8943221172e+01,
1.8943456999e+01,
1.8943521150e+01,
1.8943530618e+01,
1.8943531914e+01,
1.8943562524e+01,
1.8943769908e+01,
1.8944532271e+01,
1.8946564409e+01,
1.8951011498e+01,
1.8959527451e+01,
1.8974334404e+01,
1.8998260045e+01,
1.9034749753e+01,
1.9087850888e+01,
1.9162167060e+01,
1.9262780987e+01,
1.9395145598e+01,
1.9564944439e+01,
1.9777924149e+01,
2.0039703759e+01,
2.0355567709e+01,
2.0730251589e+01,
2.1167731491e+01,
2.1671029277e+01,
2.2242046583e+01,
2.2881439657e+01,
2.3588544576e+01,
2.4361357901e+01,
2.5196571761e+01,
2.6089656346e+01,
2.7034979094e+01,
2.8025950783e+01,
2.9055194262e+01,
3.0114737770e+01,
3.1196235221e+01,
3.2291205654e+01,
3.3391267963e+01,
3.4488338707e+01,
3.5574771588e+01,
3.6643441856e+01,
3.7687798591e+01,
3.8701909055e+01,
3.9680505867e+01,
4.0619032780e+01,
4.1513677983e+01,
4.2361385709e+01,
4.3159843156e+01,
4.3907445820e+01,
4.4603247837e+01,
4.5246904618e+01,
4.5838613747e+01,
4.6379058038e+01,
4.6869352528e+01,
4.7310995670e+01,
4.7705824056e+01,
4.8055969619e+01,
4.8363818259e+01,
4.8631968986e+01,
4.8863192954e+01,
4.9060391973e+01,
4.9226556369e+01,
4.9364722258e+01,
4.9477928515e+01,
4.9569173951e+01,
4.9641375380e+01,
4.9697327443e+01,
4.9739665212e+01,
4.9770830667e+01,
4.9793044198e+01,
4.9808282202e+01,
4.9818261770e+01,
4.9824433222e+01,
4.9827981016e+01,
4.9829833232e+01,
4.9830679513e+01,
4.9830996980e+01,
4.9831083339e+01,
4.9831096085e+01,
4.9831097295e+01,
4.9831121964e+01,
4.9831289097e+01,
4.9831903491e+01,
4.9833541206e+01,
4.9837125125e+01,
4.9843988071e+01,
4.9855920640e+01,
4.9875201069e+01,
4.9904604629e+01,
4.9947390300e+01,
5.0007262899e+01,
5.0088309448e+01,
5.0194909457e+01,
5.0331619953e+01,
5.0503037559e+01,
5.0713641550e+01,
5.0967623594e+01,
5.1268711470e+01,
5.1619995398e+01,
5.2023766353e+01,
5.2481375904e+01,
5.2993126565e+01,
5.3558200671e+01,
5.4174634329e+01,
5.4839341077e+01,
5.5548186851e+01,
5.6296113080e+01,
5.7077298094e+01,
5.7885340400e+01,
5.8713444528e+01,
5.9554594234e+01,
6.0401708147e+01,
6.1247783616e+01,
6.2086038831e+01,
6.2910058832e+01,
6.3713941359e+01,
6.4492429880e+01,
6.5241017981e+01,
6.5956012465e+01,
6.6634549685e+01,
6.7274567761e+01,
6.7874743716e+01,
6.8434407947e+01,
6.8953448726e+01,
6.9432217438e+01,
6.9871442057e+01,
7.0272152939e+01,
7.0635622148e+01,
7.0963315450e+01,
7.1256854901e+01,
7.1517989561e+01,
7.1748571825e+01,
7.1950537273e+01,
7.2125886351e+01,
7.2276666640e+01,
7.2404954899e+01,
7.2512838397e+01,
7.2602395313e+01,
7.2675674241e+01,
7.2734673016e+01,
7.2781317276e+01,
7.2817439304e+01,
7.2844757834e+01,
7.2864859577e+01,
7.2879183277e+01,
7.2889007083e+01,
7.2895439965e+01,
7.2899417777e+01,
7.2901704391e+01,
7.2902898143e+01,
7.2903443562e+01,
7.2903648166e+01,
7.2903703822e+01,
7.2903712037e+01,
7.2903712768e+01,
7.2903727159e+01,
7.2903824660e+01,
7.2904183080e+01,
7.2905138469e+01,
7.2907229175e+01,
7.2911232592e+01,
7.2918192894e+01,
7.2929438104e+01,
7.2946584916e+01,
7.2971529833e+01,
7.3006425409e+01,
7.3053640775e+01,
7.3115706217e+01,
7.3195242375e+01,
7.3294875611e+01,
7.3417142313e+01,
7.3564386044e+01,
7.3738652584e+01,
7.3941588692e+01,
7.4174350734e+01,
7.4437529022e+01,
7.4731092872e+01,
7.5054360039e+01,
7.5405992795e+01,
7.5784021723e+01,
7.6185897478e+01,
7.6608570064e+01,
7.7048593751e+01,
7.7502252732e+01,
7.7965697692e+01,
7.8435078527e+01,
7.8906656575e+01,
7.9376884082e+01,
7.9842448375e+01,
8.0300288985e+01,
8.0747601909e+01,
8.1181844032e+01,
8.1600744519e+01,
8.2002322884e+01,
8.2384908860e+01,
8.2747158013e+01,
8.3088058399e+01,
8.3406926116e+01,
8.3703390044e+01,
8.3977367768e+01,
8.4229035548e+01,
8.4458795254e+01,
8.4667240823e+01,
8.4855126109e+01,
8.5023335336e+01,
8.5172856750e+01,
8.5304759549e+01,
8.5420173877e+01,
8.5520273419e+01,
8.5606260069e+01,
8.5679350114e+01,
8.5740761434e+01,
8.5791701311e+01,
8.5833354579e+01,
8.5866871943e+01,
8.5893358497e+01,
8.5913862544e+01,
8.5929364993e+01,
8.5940769657e+01,
8.5948894875e+01,
8.5954466872e+01,
8.5958115284e+01,
8.5960371191e+01,
8.5961667944e+01,
8.5962344917e+01,
8.5962654220e+01,
8.5962770249e+01,
8.5962801811e+01,
8.5962806469e+01,
8.5962806881e+01,
8.5962814958e+01,
8.5962869676e+01,
8.5963070823e+01,
8.5963606989e+01,
8.5964780281e+01,
8.5967026917e+01,
8.5970932712e+01,
8.5977242500e+01,
8.5986862542e+01,
8.6000855049e+01,
8.6020424049e+01,
8.6046892045e+01,
8.6081667233e+01,
8.6126201489e+01,
8.6181939938e+01,
8.6250263606e+01,
8.6332427416e+01,
8.6429496561e+01,
8.6542284916e+01,
8.6671299610e+01,
8.6816695969e+01,
8.6978246731e+01,
8.7155328671e+01,
8.7346928532e+01,
8.7551668623e+01,
8.7767850722e+01,
8.7993515310e+01,
8.8226511880e+01,
8.8464575317e+01,
8.8705403234e+01,
8.8946729569e+01,
8.9186390585e+01,
8.9422380454e+01,
8.9652894584e+01,
8.9876359855e+01,
9.0091451738e+01,
9.0297099085e+01,
9.0492478124e+01,
9.0676997743e+01,
9.0850278548e+01,
9.1012128207e+01,
9.1162515357e+01,
9.1301543904e+01,
9.1429428981e+01,
9.1546475327e+01,
9.1653058411e+01,
9.1749608336e+01,
9.1836596359e+01,
9.1914523769e+01,
9.1983912838e+01,
9.2045299495e+01,
9.2099227436e+01,
9.2146243358e+01,
9.2186893017e+01,
9.2221717863e+01,
9.2251252014e+01,
9.2276019365e+01,
9.2296530691e+01,
9.2313280633e+01,
9.2326744535e+01,
9.2337375125e+01,
9.2345599119e+01,
9.2351813850e+01,
9.2356384095e+01,
9.2359639253e+01,
9.2361871098e+01,
9.2363332267e+01,
9.2364235670e+01,
9.2364754943e+01,
9.2365026024e+01,
9.2365149876e+01,
9.2365196336e+01,
9.2365208975e+01,
9.2365210840e+01,
9.2365211008e+01,
9.2365214320e+01,
9.2365236765e+01,
9.2365319271e+01,
9.2365539193e+01,
9.2366020435e+01,
9.2366941873e+01,
9.2368543641e+01,
9.2371130861e+01,
9.2375074383e+01,
9.2380808117e+01,
9.2388822608e+01,
9.2399654555e+01,
9.2413872177e+01,
9.2432056526e+01,
9.2454779149e+01,
9.2482576864e+01,
9.2515924779e+01,
9.2555209042e+01,
9.2600701117e+01,
9.2652535500e+01,
9.2710692771e+01,
9.2774989658e+01,
9.2845077299e+01,
9.2920448290e+01,
9.3000452373e+01,
9.3084319858e+01,
9.3171191203e+01,
9.3260150650e+01,
9.3350261489e+01,
9.3440600480e+01,
9.3530289134e+01,
9.3618519979e+01,
9.3704576508e+01,
9.3787846200e+01,
9.3867826662e+01,
9.3944125556e+01,
9.4016455382e+01,
9.4084624483e+01,
9.4148525648e+01,
9.4208123618e+01,
9.4263442544e+01,
9.4314554215e+01,
9.4361567529e+01,
9.4404619476e+01,
9.4443867672e+01,
9.4479484359e+01,
9.4511651697e+01,
9.4540558153e+01,
9.4566395754e+01,
9.4589358049e+01,
9.4609638571e+01,
9.4627429694e+01,
9.4642921745e+01,
9.4656302295e+01,
9.4667755524e+01,
9.4677461628e+01,
9.4685596191e+01,
9.4692329500e+01,
9.4697825773e+01,
9.4702242299e+01,
9.4705728494e+01,
9.4708424910e+01,
9.4710462223e+01,
9.4711960263e+01,
9.4713027151e+01,
9.4713758601e+01,
9.4714237455e+01,
9.4714533511e+01,
9.4714703680e+01,
9.4714792514e+01,
9.4714833100e+01,
9.4714848325e+01,
9.4714852467e+01,
9.4714853078e+01,
9.4714853135e+01,
9.4714854266e+01,
9.4714861929e+01,
9.4714890102e+01,
9.4714965194e+01,
9.4715129512e+01,
9.4715444125e+01,
9.4715991000e+01,
9.4716874253e+01,
9.4718220359e+01,
9.4720177167e+01,
9.4722911599e+01,
9.4726605912e+01,
9.4731452499e+01,
9.4737647260e+01,
9.4745381689e+01,
9.4754833975e+01,
9.4766159514e+01,
9.4779481393e+01,
9.4794881465e+01,
9.4812392695e+01,
9.4831993403e+01,
9.4853603927e+01,
9.4877086060e+01,
9.4902245393e+01,
9.4928836479e+01,
9.4956570565e+01,
9.4985125487e+01,
9.5014157264e+01,
9.5043312865e+01,
9.5072243614e+01,
9.5100618575e+01,
9.5128137191e+01,
9.5154540282e+01,
9.5179618482e+01,
9.5203217261e+01,
9.5225238018e+01,
9.5245635200e+01,
9.5264410003e+01,
9.5281601667e+01,
9.5297277655e+01,
9.5311523953e+01,
9.5324436483e+01,
9.5336114217e+01,
9.5346654177e+01,
9.5356148247e+01,
9.5364681481e+01,
9.5372331544e+01,
9.5379168941e+01,
9.5385257703e+01,
9.5390656306e+01,
9.5395418637e+01,
9.5399594916e+01,
9.5403232478e+01,
9.5406376415e+01,
9.5409070044e+01,
9.5411355220e+01,
9.5413272503e+01,
9.5414861191e+01,
9.5416159259e+01,
9.5417203206e+01,
9.5418027839e+01,
9.5418666032e+01,
9.5419148452e+01,
9.5419503303e+01,
9.5419756090e+01,
9.5419929432e+01,
9.5420042927e+01,
9.5420113102e+01,
9.5420153440e+01,
9.5420174498e+01,
9.5420184120e+01,
9.5420187729e+01,
9.5420188711e+01,
9.5420188856e+01,
9.5420188869e+01,
9.5420189152e+01,
9.5420191063e+01,
9.5420198089e+01,
9.5420216818e+01,
9.5420257801e+01,
9.5420336272e+01,
9.5420472683e+01,
9.5420693024e+01,
9.5421028893e+01,
9.5421517272e+01,
9.5422200003e+01,
9.5423122927e+01,
9.5424334694e+01,
9.5425885273e+01,
9.5427824214e+01,
9.5430198755e+01,
9.5433051892e+01,
9.5436420566e+01,
9.5440334106e+01,
9.5444813073e+01,
9.5449868579e+01,
9.5455502128e+01,
9.5461705914e+01,
9.5468463494e+01,
9.5475750668e+01,
9.5483536429e+01,
9.5491783853e+01,
9.5500450855e+01,
9.5509490782e+01,
9.5518852895e+01,
9.5528482792e+01,
9.5538322839e+01,
9.5548312694e+01,
9.5558389946e+01,
9.5568490894e+01,
9.5578551454e+01,
9.5588508168e+01,
9.5598299267e+01,
9.5607865749e+01,
9.5617152404e+01,
9.5626108751e+01,
9.5634689838e+01,
9.5642856873e+01,
9.5650577671e+01,
9.5657826909e+01,
9.5664586194e+01,
9.5670843957e+01,
9.5676595211e+01,
9.5681841178e+01,
9.5686588826e+01,
9.5690850346e+01,
9.5694642575e+01,
9.5697986399e+01,
9.5700906137e+01,
9.5703428928e+01,
9.5705584116e+01,
9.5707402646e+01,
9.5708916464e+01,
9.5710157942e+01,
9.5711159314e+01,
9.5711952140e+01,
9.5712566808e+01,
9.5713032070e+01,
9.5713374642e+01,
9.5713618858e+01,
9.5713786405e+01,
9.5713896144e+01,
9.5713964011e+01,
9.5714003027e+01,
9.5714023396e+01,
9.5714032703e+01,
9.5714036195e+01,
9.5714037145e+01,
9.5714037285e+01,
9.5714037299e+01,
9.5714037588e+01,
9.5714039545e+01,
9.5714046739e+01,
9.5714065915e+01,
9.5714107881e+01,
9.5714188245e+01,
9.5714327980e+01,
9.5714553778e+01,
9.5714898172e+01,
9.5715399393e+01,
9.5716100953e+01,
9.5717050933e+01,
9.5718300968e+01,
9.5719904949e+01,
9.5721917436e+01,
9.5724391843e+01,
9.5727378416e+01,
9.5730922098e+01,
9.5735060338e+01,
9.5739820957e+01,
9.5745220180e+01,
9.5751260945e+01,
9.5757931606e+01,
9.5765205166e+01,
9.5773039105e+01,
9.5781375916e+01,
9.5790144351e+01,
9.5799261388e+01,
9.5808634841e+01,
9.5818166479e+01,
9.5827755473e+01,
9.5837301956e+01,
9.5846710441e+01,
9.5855892881e+01,
9.5864771175e+01,
9.5873278992e+01,
9.5881362845e+01,
9.5888982431e+01,
9.5896110312e+01,
9.5902731048e+01,
9.5908839922e+01,
9.5914441423e+01,
9.5919547610e+01,
9.5924176486e+01,
9.5928350462e+01,
9.5932094989e+01,
9.5935437386e+01,
9.5938405865e+01,
9.5941028781e+01,
9.5943334055e+01,
9.5945348770e+01,
9.5947098907e+01,
9.5948609192e+01,
9.5949903022e+01,
9.5951002454e+01,
9.5951928233e+01,
9.5952699836e+01,
9.5953335522e+01,
9.5953852379e+01,
9.5954266355e+01,
9.5954592276e+01,
9.5954843841e+01,
9.5955033613e+01,
9.5955172985e+01,
9.5955272159e+01,
9.5955340110e+01,
9.5955384577e+01,
9.5955412062e+01,
9.5955427857e+01,
9.5955436102e+01,
9.5955439869e+01,
9.5955441282e+01,
9.5955441666e+01,
9.5955441723e+01,
9.5955441729e+01,
9.5955441853e+01,
9.5955442695e+01,
9.5955445789e+01,
9.5955454035e+01,
9.5955472077e+01,
9.5955506613e+01,
9.5955566617e+01,
9.5955663457e+01,
9.5955810870e+01,
9.5956024787e+01,
9.5956322970e+01,
9.5956724441e+01,
9.5957248714e+01,
9.5957914801e+01,
9.5958740064e+01,
9.5959738927e+01,
9.5960921564e+01,
9.5962292658e+01,
9.5963850351e+01,
9.5965585545e+01,
9.5967481643e+01,
9.5969514837e+01,
9.5971654970e+01,
9.5973866932e+01,
9.5976112505e+01,
9.5978352472e+01,
9.5980548805e+01,
9.5982666696e+01,
9.5984676252e+01,
9.5986553699e+01,
9.5988282023e+01,
9.5989851045e+01,
9.5991257006e+01,
9.5992501762e+01,
9.5993591750e+01,
9.5994536838e+01,
9.5995349186e+01,
9.5996042221e+01,
9.5996629766e+01,
9.5997125385e+01,
9.5997541914e+01,
9.5997891175e+01,
9.5998183826e+01,
9.5998429294e+01,
9.5998635779e+01,
9.5998810303e+01,
9.5998958789e+01,
9.5999086163e+01,
9.5999196470e+01,
9.5999292976e+01,
9.5999378273e+01,
9.5999454371e+01,
9.5999522790e+01,
9.5999584648e+01,
9.5999640742e+01,
9.5999691632e+01,
9.5999737704e+01,
9.5999779230e+01,
9.5999816415e+01,
9.5999849430e+01,
9.5999878440e+01,
9.5999903619e+01,
9.5999925161e+01,
9.5999943286e+01,
9.5999958241e+01,
9.5999970300e+01,
9.5999979756e+01,
9.5999986922e+01,
9.5999992121e+01,
9.5999995683e+01,
9.5999997938e+01,
9.5999999207e+01,
9.6000000000e+01,
9.6000000000e+01,
