0.0000000000e+00,
7.6416501571e-08,
2.4393673996e-06,
1.8448740999e-05,
7.7301404801e-05,
2.3418493660e-04,
5.7754068890e-04,
1.2351845763e-03,
2.3790722469e-03,
4.2285412152e-03,
7.0519137805e-03,
1.1166397968e-02,
1.6936275409e-02,
2.4769410683e-02,
3.5112152106e-02,
4.8442716007e-02,
6.5263154312e-02,
8.6090000633e-02,
1.1144367915e-01,
1.4183675289e-01,
1.7776109636e-01,
2.1967411415e-01,
2.6798420224e-01,
3.2303576462e-01,
3.8509424609e-01,
4.5433180443e-01,
5.3081439027e-01,
6.1449109739e-01,
7.0518665571e-01,
8.0259784298e-01,
9.0629438373e-01,
1.0157246029e+00,
1.1302257417e+00,
1.2490384774e+00,
1.3713248632e+00,
1.4961886711e+00,
1.6226970028e+00,
1.7499020384e+00,
1.8768619094e+00,
2.0026598800e+00,
2.1264212590e+00,
2.2473277118e+00,
2.3646288612e+00,
2.4776512403e+00,
2.5858047818e+00,
2.6885870905e+00,
2.7855857722e+00,
2.8764790764e+00,
2.9610350820e+00,
3.0391096156e+00,
3.1106430528e+00,
3.1756561223e+00,
3.2342448073e+00,
3.2865744272e+00,
3.3328729761e+00,
3.3734238008e+00,
3.4085577071e+00,
3.4386445998e+00,
3.4640847781e+00,
3.4853000231e+00,
3.5027246367e+00,
3.5167966002e+00,
3.5279490393e+00,
3.5366021843e+00,
3.5431560176e+00,
3.5479837953e+00,
3.5514266122e+00,
3.5537891597e+00,
3.5553367977e+00,
3.5562940190e+00,
3.5568443499e+00,
3.5571316791e+00,
3.5572629637e+00,
3.5573122134e+00,
3.5573256105e+00,
3.5573275879e+00,
3.5573278586e+00,
3.5573342510e+00,
3.5573775609e+00,
3.5575367719e+00,
3.5579611655e+00,
3.5588899178e+00,
3.5606685026e+00,
3.5637612042e+00,
3.5687591019e+00,
3.5763829547e+00,
3.5874805052e+00,
3.6030178351e+00,
3.6240645617e+00,
3.6517728657e+00,
3.6873505977e+00,
3.7320290167e+00,
3.7870260644e+00,
3.8535064450e+00,
3.9325401305e+00,
4.0250611932e+00,
4.1318290271e+00,
4.2533939998e+00,
4.3900693382e+00,
4.5419106118e+00,
4.7087035793e+00,
4.8899605509e+00,
5.0849249432e+00,
5.2925835143e+00,
5.5116859189e+00,
5.7407715835e+00,
5.9782041657e+00,
6.2222135961e+00,
6.4709446250e+00,
6.7225090405e+00,
6.9750370060e+00,
7.2267223019e+00,
7.4758573412e+00,
7.7208564046e+00,
7.9602684444e+00,
8.1927827319e+00,
8.4172309490e+00,
8.6325883576e+00,
8.8379752256e+00,
9.0326584716e+00,
9.2160528347e+00,
9.3877207665e+00,
9.5473704547e+00,
9.6948517290e+00,
9.8301498972e+00,
9.9533777665e+00,
1.0064766197e+01,
1.0164653548e+01,
1.0253474314e+01,
1.0331747222e+01,
1.0400062923e+01,
1.0459071440e+01,
1.0509469422e+01,
1.0551987309e+01,
1.0587376468e+01,
1.0616396432e+01,
1.0639802374e+01,
1.0658333005e+01,
1.0672699132e+01,
1.0683573114e+01,
1.0691579496e+01,
1.0697287109e+01,
1.0701202877e+01,
1.0703767571e+01,
1.0705353682e+01,
1.0706265520e+01,
1.0706741577e+01,
1.0706959090e+01,
1.0707040687e+01,
1.0707062883e+01,
1.0707066159e+01,
1.0707066470e+01,
1.0707072810e+01,
1.0707115767e+01,
1.0707273682e+01,
1.0707694618e+01,
1.0708615795e+01,
1.0710379841e+01,
1.0713447162e+01,
1.0718403776e+01,
1.0725964015e+01,
1.0736967581e+01,
1.0752370546e+01,
1.0773230044e+01,
1.0800682592e+01,
1.0835916236e+01,
1.0880137042e+01,
1.0934530794e+01,
1.1000221150e+01,
1.1078225901e+01,
1.1169413321e+01,
1.1274460849e+01,
1.1393818507e+01,
1.1527679442e+01,
1.1675959743e+01,
1.1838289288e+01,
1.2014014686e+01,
1.2202214558e+01,
1.2401726376e+01,
1.2611183085e+01,
1.2829056804e+01,
1.3053706277e+01,
1.3283424537e+01,
1.3516483495e+01,
1.3751172934e+01,
1.3985832419e+01,
1.4218875826e+01,
1.4448809229e+01,
1.4674243592e+01,
1.4893903980e+01,
1.5106636811e+01,
1.5311416166e+01,
1.5507349510e+01,
1.5693682596e+01,
1.5869802906e+01,
1.6035240950e+01,
1.6189668889e+01,
1.6332896331e+01,
1.6464863512e+01,
1.6585632382e+01,
1.6695376248e+01,
1.6794368612e+01,
1.6882971724e+01,
1.6961625186e+01,
1.7030834778e+01,
1.7091161552e+01,
1.7143211136e+01,
1.7187623205e+01,
1.7225061026e+01,
1.7256201062e+01,
1.7281722665e+01,
1.7302297911e+01,
1.7318581735e+01,
1.7331202529e+01,
1.7340753434e+01,
1.7347784551e+01,
1.7352796346e+01,
1.7356234468e+01,
1.7358486200e+01,
1.7359878715e+01,
1.7360679241e+01,
1.7361097178e+01,
1.7361288135e+01,
1.7361359769e+01,
1.7361379256e+01,
1.7361382132e+01,
1.7361382388e+01,
1.7361387426e+01,
1.7361421563e+01,
1.7361547051e+01,
1.7361881553e+01,
1.7362613573e+01,
1.7364015378e+01,
1.7366452804e+01,
1.7370391466e+01,
1.7376398856e+01,
1.7385141927e+01,
1.7397379836e+01,
1.7413951623e+01,
1.7435758800e+01,
1.7463743015e+01,
1.7498859252e+01,
1.7542045304e+01,
1.7594188641e+01,
1.7656092064e+01,
1.7728439876e+01,
1.7811766453e+01,
1.7906429148e+01,
1.8012587292e+01,
1.8130188656e+01,
1.8258964133e+01,
1.8398430601e+01,
1.8547901210e+01,
1.8706501706e+01,
1.8873191208e+01,
1.9046785993e+01,
1.9225985355e+01,
1.9409399148e+01,
1.9595577009e+01,
1.9783039273e+01,
1.9970309275e+01,
2.0155946162e+01,
2.0338576836e+01,
2.0516925325e+01,
2.0689837893e+01,
2.0856302518e+01,
2.1015461904e+01,
2.1166619826e+01,
2.1309241195e+01,
2.1442946691e+01,
2.1567503114e+01,
2.1682810711e+01,
2.1788888700e+01,
2.1885860063e+01,
2.1973936472e+01,
2.2053403973e+01,
2.2124609819e+01,
2.2187950655e+01,
2.2243862077e+01,
2.2292809491e+01,
2.2335280096e+01,
2.2371775786e+01,
2.2402806762e+01,
2.2428885638e+01,
2.2450521876e+01,
2.2468216432e+01,
2.2482456541e+01,
2.2493710627e+01,
2.2502423395e+01,
2.2509011202e+01,
2.2513857843e+01,
2.2517310919e+01,
2.2519678969e+01,
2.2521229534e+01,
2.2522188297e+01,
2.2522739421e+01,
2.2523027137e+01,
2.2523158592e+01,
2.2523207905e+01,
2.2523221319e+01,
2.2523223299e+01,
2.2523223474e+01,
2.2523226907e+01,
2.2523250162e+01,
2.2523335651e+01,
2.2523563525e+01,
2.2524062182e+01,
2.2525017023e+01,
2.2526677038e+01,
2.2529358821e+01,
2.2533447622e+01,
2.2539395055e+01,
2.2547713145e+01,
2.2558964489e+01,
2.2573748415e+01,
2.2592683227e+01,
2.2616384859e+01,
2.2645442544e+01,
2.2680392423e+01,
2.2721690330e+01,
2.2769685273e+01,
2.2824595323e+01,
2.2886487721e+01,
2.2955264890e+01,
2.3030657814e+01,
2.3112227746e+01,
2.3199376620e+01,
2.3291365798e+01,
2.3387342050e+01,
2.3486369004e+01,
2.3587461809e+01,
2.3689622516e+01,
2.3791873755e+01,
2.3893288574e+01,
2.3993014883e+01,
2.4090293575e+01,
2.4184470080e+01,
2.4274999715e+01,
2.4361447595e+01,
2.4443484197e+01,
2.4520877729e+01,
2.4593484429e+01,
2.4661237784e+01,
2.4724137470e+01,
2.4782238623e+01,
2.4835641832e+01,
2.4884484135e+01,
2.4928931110e+01,
2.4969170116e+01,
2.5005404627e+01,
2.5037849579e+01,
2.5066727607e+01,
2.5092266054e+01,
2.5114694603e+01,
2.5134243392e+01,
2.5151141491e+01,
2.5165615623e+01,
2.5177889004e+01,
2.5188180244e+01,
2.5196702222e+01,
2.5203660904e+01,
2.5209254083e+01,
2.5213670041e+01,
2.5217086175e+01,
2.5219667620e+01,
2.5221565949e+01,
2.5222918015e+01,
2.5223845027e+01,
2.5224451930e+01,
2.5224827161e+01,
2.5225042842e+01,
2.5225155435e+01,
2.5225206877e+01,
2.5225226175e+01,
2.5225231424e+01,
2.5225232199e+01,
2.5225232268e+01,
2.5225233644e+01,
2.5225242966e+01,
2.5225277236e+01,
2.5225368580e+01,
2.5225568464e+01,
2.5225951182e+01,
2.5226616471e+01,
2.5227691056e+01,
2.5229328954e+01,
2.5231710357e+01,
2.5235038953e+01,
2.5239537560e+01,
2.5245442030e+01,
2.5252993472e+01,
2.5262428965e+01,
2.5273971087e+01,
2.5287816739e+01,
2.5304125896e+01,
2.5323011043e+01,
2.5344528102e+01,
2.5368669642e+01,
2.5395361049e+01,
2.5424460138e+01,
2.5455760393e+01,
2.5488997728e+01,
2.5523860311e+01,
2.5560000746e+01,
2.5597049677e+01,
2.5634629819e+01,
2.5672369410e+01,
2.5709914232e+01,
2.5746937526e+01,
2.5783147409e+01,
2.5818291656e+01,
2.5852159951e+01,
2.5884583917e+01,
2.5915435344e+01,
2.5944623105e+01,
2.5972089234e+01,
2.5997804596e+01,
2.6021764491e+01,
2.6043984439e+01,
2.6064496340e+01,
2.6083345071e+01,
2.6100585587e+01,
2.6116280500e+01,
2.6130498112e+01,
2.6143310847e+01,
2.6154794024e+01,
2.6165024907e+01,
2.6174081974e+01,
2.6182044354e+01,
2.6188991366e+01,
2.6195002130e+01,
2.6200155216e+01,
2.6204528281e+01,
2.6208197699e+01,
2.6211238145e+01,
2.6213722143e+01,
2.6215719578e+01,
2.6217297165e+01,
2.6218517913e+01,
2.6219440589e+01,
2.6220119214e+01,
2.6220602617e+01,
2.6220934079e+01,
2.6221151095e+01,
2.6221285275e+01,
2.6221362403e+01,
2.6221402667e+01,
2.6221421063e+01,
2.6221427964e+01,
2.6221429841e+01,
2.6221430118e+01,
2.6221430144e+01,
2.6221430656e+01,
2.6221434130e+01,
2.6221446899e+01,
2.6221480936e+01,
2.6221555416e+01,
2.6221698026e+01,
2.6221945934e+01,
2.6222346372e+01,
2.6222956755e+01,
2.6223844283e+01,
2.6225084959e+01,
2.6226761998e+01,
2.6228963600e+01,
2.6231780123e+01,
2.6235300707e+01,
2.6239609495e+01,
2.6244781613e+01,
2.6250879160e+01,
2.6257947483e+01,
2.6266012013e+01,
2.6275075966e+01,
2.6285119100e+01,
2.6296097698e+01,
2.6307945787e+01,
2.6320577521e+01,
2.6333890538e+01,
2.6347769989e+01,
2.6362092944e+01,
2.6376732801e+01,
2.6391563418e+01,
2.6406462712e+01,
2.6421315561e+01,
2.6436015945e+01,
2.6450468320e+01,
2.6464588318e+01,
2.6478302865e+01,
2.6491549877e+01,
2.6504277660e+01,
2.6516444156e+01,
2.6528016110e+01,
2.6538968267e+01,
2.6549282616e+01,
2.6558947713e+01,
2.6567958101e+01,
2.6576313799e+01,
2.6584019853e+01,
2.6591085943e+01,
2.6597526015e+01,
2.6603357932e+01,
2.6608603127e+01,
2.6613286260e+01,
2.6617434858e+01,
2.6621078942e+01,
2.6624250643e+01,
2.6626983790e+01,
2.6629313486e+01,
2.6631275660e+01,
2.6632906611e+01,
2.6634242532e+01,
2.6635319041e+01,
2.6636170710e+01,
2.6636830609e+01,
2.6637329885e+01,
2.6637697379e+01,
2.6637959299e+01,
2.6638138963e+01,
2.6638256624e+01,
2.6638329385e+01,
2.6638371213e+01,
2.6638393050e+01,
2.6638403027e+01,
2.6638406770e+01,
2.6638407788e+01,
2.6638407939e+01,
2.6638407953e+01,
2.6638408246e+01,
2.6638410228e+01,
2.6638417514e+01,
2.6638436937e+01,
2.6638479441e+01,
2.6638560831e+01,
2.6638702341e+01,
2.6638930982e+01,
2.6639279649e+01,
2.6639786957e+01,
2.6640496776e+01,
2.6641457463e+01,
2.6642720770e+01,
2.6644340458e+01,
2.6646370631e+01,
2.6648863852e+01,
2.6651869104e+01,
2.6655429702e+01,
2.6659581252e+01,
2.6664349789e+01,
2.6669750189e+01,
2.6675784977e+01,
2.6682443589e+01,
2.6689702146e+01,
2.6697523737e+01,
2.6705859213e+01,
2.6714648417e+01,
2.6723821803e+01,
2.6733302357e+01,
2.6743007734e+01,
2.6752852520e+01,
2.6762750527e+01,
2.6772617035e+01,
2.6782370883e+01,
2.6791936332e+01,
2.6801244627e+01,
2.6810235205e+01,
2.6818856514e+01,
2.6827066445e+01,
2.6834832382e+01,
2.6842130930e+01,
2.6848947362e+01,
2.6855274859e+01,
2.6861113615e+01,
2.6866469874e+01,
2.6871354948e+01,
2.6875784275e+01,
2.6879776548e+01,
2.6883352933e+01,
2.6886536397e+01,
2.6889351135e+01,
2.6891822102e+01,
2.6893974636e+01,
2.6895834152e+01,
2.6897425901e+01,
2.6898774773e+01,
2.6899905126e+01,
2.6900840640e+01,
2.6901604175e+01,
2.6902217629e+01,
2.6902701803e+01,
2.6903076250e+01,
2.6903359146e+01,
2.6903567145e+01,
2.6903715273e+01,
2.6903816825e+01,
2.6903883306e+01,
2.6903924407e+01,
2.6903948032e+01,
2.6903960364e+01,
2.6903965999e+01,
2.6903968113e+01,
2.6903968688e+01,
2.6903968772e+01,
2.6903968781e+01,
2.6903968956e+01,
2.6903970140e+01,
2.6903974496e+01,
2.6903986104e+01,
2.6904011506e+01,
2.6904060138e+01,
2.6904144667e+01,
2.6904281170e+01,
2.6904489158e+01,
2.6904791407e+01,
2.6905213569e+01,
2.6905783551e+01,
2.6906530651e+01,
2.6907484449e+01,
2.6908673489e+01,
2.6910123779e+01,
2.6911857200e+01,
2.6913889894e+01,
2.6916230774e+01,
2.6918880258e+01,
2.6921829375e+01,
2.6925059342e+01,
2.6928541708e+01,
2.6932239100e+01,
2.6936106553e+01,
2.6940093360e+01,
2.6944145296e+01,
2.6948207059e+01,
2.6952224729e+01,
2.6956148035e+01,
2.6959932282e+01,
2.6963539790e+01,
2.6966940795e+01,
2.6970113782e+01,
2.6973045314e+01,
2.6975729431e+01,
2.6978166739e+01,
2.6980363306e+01,
2.6982329483e+01,
2.6984078737e+01,
2.6985626584e+01,
2.6986989652e+01,
2.6988184918e+01,
2.6989229106e+01,
2.6990138243e+01,
2.6990927368e+01,
2.6991610348e+01,
2.6992199797e+01,
2.6992707064e+01,
2.6993142271e+01,
2.6993514395e+01,
2.6993831357e+01,
2.6994100131e+01,
2.6994326856e+01,
2.6994516937e+01,
2.6994675145e+01,
2.6994805705e+01,
2.6994912375e+01,
2.6994998508e+01,
2.6995067109e+01,
2.6995120874e+01,
2.6995162227e+01,
2.6995193337e+01,
2.6995216139e+01,
2.6995232340e+01,
2.6995243428e+01,
2.6995250680e+01,
2.6995255160e+01,
2.6995257734e+01,
2.6995259077e+01,
2.6995259691e+01,
2.6995259921e+01,
2.6995259984e+01,
2.6995259993e+01,
2.6995259994e+01,
2.6995260014e+01,
2.6995260151e+01,
2.6995260655e+01,
2.6995261999e+01,
2.6995264937e+01,
2.6995270560e+01,
2.6995280324e+01,
2.6995296067e+01,
2.6995319994e+01,
2.6995354636e+01,
2.6995402769e+01,
2.6995467287e+01,
2.6995551041e+01,
2.6995656632e+01,
2.6995786179e+01,
2.6995941075e+01,
2.6996121752e+01,
2.6996327497e+01,
2.6996556328e+01,
2.6996804987e+01,
2.6997069038e+01,
2.6997343096e+01,
2.6997621157e+01,
2.6997897004e+01,
2.6998164639e+01,
2.6998418689e+01,
2.6998654738e+01,
2.6998869550e+01,
2.6999061162e+01,
2.6999228841e+01,
2.6999372950e+01,
2.6999494724e+01,
2.6999596026e+01,
2.6999679102e+01,
2.6999746360e+01,
2.6999800206e+01,
2.6999842908e+01,
2.6999876513e+01,
2.6999902800e+01,
2.6999923267e+01,
2.6999939151e+01,
2.6999951457e+01,
2.6999960999e+01,
2.6999968427e+01,
2.6999974248e+01,
2.6999978842e+01,
2.6999982481e+01,
2.6999985362e+01,
2.6999987644e+01,
2.6999989467e+01,
2.6999990956e+01,
2.6999992210e+01,
2.6999993291e+01,
2.6999994235e+01,
2.6999995062e+01,
2.6999995789e+01,
2.6999996430e+01,
2.6999996996e+01,
2.6999997497e+01,
2.6999997939e+01,
2.6999998327e+01,
2.6999998667e+01,
2.6999998959e+01,
2.6999999208e+01,
2.6999999415e+01,
2.6999999583e+01,
2.7000000000e+01,
2.7000000000e+01,
2.7000000000e+01,
2.7000000000e+01,
2.7000000000e+01,
2.7000000000e+01,
2.7000000000e+01,
2.7000000000e+01,
