0.0000000000e+00,
6.3801099515e-08,
2.0366561984e-06,
1.5403068101e-05,
6.4539831300e-05,
1.9552362100e-04,
4.8219477670e-04,
1.0312669214e-03,
1.9863037739e-03,
3.5304225900e-03,
5.8876262506e-03,
9.3227106277e-03,
1.4139737437e-02,
2.0679101994e-02,
2.9313256857e-02,
4.0441173818e-02,
5.4481636935e-02,
7.1865459629e-02,
9.3026713063e-02,
1.1839304793e-01,
1.4837519609e-01,
1.8335576156e-01,
2.2367745950e-01,
2.6963104003e-01,
3.2144323655e-01,
3.7926519395e-01,
4.4316194061e-01,
5.1310354522e-01,
5.8895862143e-01,
6.7049079198e-01,
7.5735859234e-01,
8.4911908924e-01,
9.4523523388e-01,
1.0450866942e+00,
1.1479836542e+00,
1.2531828614e+00,
1.3599050786e+00,
1.4673530530e+00,
1.5747291644e+00,
1.6812520294e+00,
1.7861715019e+00,
1.8887816904e+00,
1.9884317922e+00,
2.0845346974e+00,
2.1765734328e+00,
2.2641055990e+00,
2.3467659943e+00,
2.4242676365e+00,
2.4964013811e+00,
2.5630343195e+00,
2.6241071109e+00,
2.6796303773e+00,
2.7296802698e+00,
2.7743932987e+00,
2.8139605117e+00,
2.8486211016e+00,
2.8786555307e+00,
2.9043782646e+00,
2.9261302240e+00,
2.9442710724e+00,
2.9591714727e+00,
2.9712054616e+00,
2.9807430943e+00,
2.9881435244e+00,
2.9937486799e+00,
2.9978776948e+00,
3.0008222389e+00,
3.0028428755e+00,
3.0041665443e+00,
3.0049852425e+00,
3.0054559339e+00,
3.0057016834e+00,
3.0058139697e+00,
3.0058560924e+00,
3.0058675509e+00,
3.0058692421e+00,
3.0058694736e+00,
3.0058749410e+00,
3.0059119835e+00,
3.0060481551e+00,
3.0064111350e+00,
3.0072054897e+00,
3.0087267053e+00,
3.0113718965e+00,
3.0156466511e+00,
3.0221675237e+00,
3.0316597739e+00,
3.0449500383e+00,
3.0629537569e+00,
3.0866573423e+00,
3.1170952912e+00,
3.1553226917e+00,
3.2023838695e+00,
3.2592782279e+00,
3.3269246437e+00,
3.4061260453e+00,
3.4975359785e+00,
3.6016290019e+00,
3.7186766098e+00,
3.8487300342e+00,
3.9916107374e+00,
4.1469087673e+00,
4.3139885046e+00,
4.4920008634e+00,
4.6799008200e+00,
4.8764693061e+00,
5.0803389285e+00,
5.2900234476e+00,
5.5039511667e+00,
5.7205020721e+00,
5.9380476721e+00,
6.1549912638e+00,
6.3698053896e+00,
6.5810631207e+00,
6.7874607856e+00,
6.9878315217e+00,
7.1811508381e+00,
7.3665365199e+00,
7.5432453924e+00,
7.7106688988e+00,
7.8683285723e+00,
8.0158717021e+00,
8.1530670141e+00,
8.2798000053e+00,
8.3960676035e+00,
8.5019719506e+00,
8.5977132490e+00,
8.6835817136e+00,
8.7599487382e+00,
8.8272574050e+00,
8.8860124654e+00,
8.9367699101e+00,
8.9801262315e+00,
9.0167074813e+00,
9.0471582306e+00,
9.0721305564e+00,
9.0922732046e+00,
9.1082211061e+00,
9.1205854509e+00,
9.1299445466e+00,
9.1368357024e+00,
9.1417483757e+00,
9.1451188083e+00,
9.1473263446e+00,
9.1486915819e+00,
9.1494764451e+00,
9.1498862107e+00,
9.1500734352e+00,
9.1501436694e+00,
9.1501627748e+00,
9.1501655947e+00,
9.1501658624e+00,
9.1501713199e+00,
9.1502082954e+00,
9.1503442204e+00,
9.1507065416e+00,
9.1514994476e+00,
9.1530178610e+00,
9.1556580928e+00,
9.1599245992e+00,
9.1664323335e+00,
9.1759042552e+00,
9.1891636529e+00,
9.2071210639e+00,
9.2307557464e+00,
9.2610918745e+00,
9.2991698895e+00,
9.3460137365e+00,
9.4025950311e+00,
9.4697955091e+00,
9.5483693816e+00,
9.6389074239e+00,
9.7418047330e+00,
9.8572340829e+00,
9.9851266717e+00,
1.0125161784e+01,
1.0276766481e+01,
1.0439125892e+01,
1.0611203981e+01,
1.0791773916e+01,
1.0979456355e+01,
1.1172763215e+01,
1.1370143980e+01,
1.1570031388e+01,
1.1770883469e+01,
1.1971219524e+01,
1.2169648433e+01,
1.2364888743e+01,
1.2555780911e+01,
1.2741292875e+01,
1.2920520590e+01,
1.3092685252e+01,
1.3257128807e+01,
1.3413308909e+01,
1.3560794064e+01,
1.3699259227e+01,
1.3828481791e+01,
1.3948337694e+01,
1.4058797310e+01,
1.4159920830e+01,
1.4251852942e+01,
1.4334816733e+01,
1.4409106850e+01,
1.4475082020e+01,
1.4533157045e+01,
1.4583794421e+01,
1.4627495681e+01,
1.4664792558e+01,
1.4696238042e+01,
1.4722397414e+01,
1.4743839319e+01,
1.4761127009e+01,
1.4774809845e+01,
1.4785415253e+01,
1.4793441280e+01,
1.4799349978e+01,
1.4803561788e+01,
1.4806451152e+01,
1.4808343502e+01,
1.4809513774e+01,
1.4810186539e+01,
1.4810537777e+01,
1.4810698258e+01,
1.4810758460e+01,
1.4810774836e+01,
1.4810777253e+01,
1.4810777469e+01,
1.4810781703e+01,
1.4810810391e+01,
1.4810915853e+01,
1.4811196971e+01,
1.4811812168e+01,
1.4812990261e+01,
1.4815038714e+01,
1.4818348862e+01,
1.4823397690e+01,
1.4830745834e+01,
1.4841031514e+01,
1.4854960231e+01,
1.4873290165e+01,
1.4896813424e+01,
1.4926333455e+01,
1.4962639199e+01,
1.5006476813e+01,
1.5058520036e+01,
1.5119340513e+01,
1.5189379585e+01,
1.5268923172e+01,
1.5358081457e+01,
1.5456775004e+01,
1.5564728821e+01,
1.5681475476e+01,
1.5806367773e+01,
1.5938600567e+01,
1.6077240072e+01,
1.6221257802e+01,
1.6369565407e+01,
1.6521046622e+01,
1.6674583463e+01,
1.6829075599e+01,
1.6983453625e+01,
1.7136688370e+01,
1.7287798621e+01,
1.7435859155e+01,
1.7580009884e+01,
1.7719465885e+01,
1.7853527415e+01,
1.7981588724e+01,
1.8103144658e+01,
1.8217794373e+01,
1.8325241931e+01,
1.8425293928e+01,
1.8517854592e+01,
1.8602918931e+01,
1.8680564561e+01,
1.8750942805e+01,
1.8814269528e+01,
1.8870816099e+01,
1.8920900678e+01,
1.8964879989e+01,
1.9003141588e+01,
1.9036096605e+01,
1.9064172903e+01,
1.9087808559e+01,
1.9107445617e+01,
1.9123524042e+01,
1.9136475885e+01,
1.9146719657e+01,
1.9154655002e+01,
1.9160657749e+01,
1.9165075479e+01,
1.9168223755e+01,
1.9170383157e+01,
1.9171797269e+01,
1.9172671724e+01,
1.9173174409e+01,
1.9173436844e+01,
1.9173556750e+01,
1.9173601731e+01,
1.9173613967e+01,
1.9173615773e+01,
1.9173615932e+01,
1.9173619063e+01,
1.9173640276e+01,
1.9173718254e+01,
1.9173926112e+01,
1.9174380979e+01,
1.9175252006e+01,
1.9176766428e+01,
1.9179213322e+01,
1.9182944760e+01,
1.9188374025e+01,
1.9195970674e+01,
1.9206252243e+01,
1.9219772552e+01,
1.9237106653e+01,
1.9258832694e+01,
1.9285511151e+01,
1.9317662124e+01,
1.9355741626e+01,
1.9400118025e+01,
1.9451049945e+01,
1.9508667062e+01,
1.9572955207e+01,
1.9643747068e+01,
1.9720719529e+01,
1.9803398266e+01,
1.9891169733e+01,
1.9983300058e+01,
2.0078959800e+01,
2.0177252955e+01,
2.0277248258e+01,
2.0378010615e+01,
2.0478630585e+01,
2.0578250137e+01,
2.0676083387e+01,
2.0771431604e+01,
2.0863692392e+01,
2.0952363439e+01,
2.1037041647e+01,
2.1117418639e+01,
2.1193273719e+01,
2.1264465276e+01,
2.1330921481e+01,
2.1392630936e+01,
2.1449633716e+01,
2.1502013113e+01,
2.1549888211e+01,
2.1593407359e+01,
2.1632742510e+01,
2.1668084374e+01,
2.1699638309e+01,
2.1727620828e+01,
2.1752256650e+01,
2.1773776167e+01,
2.1792413238e+01,
2.1808403211e+01,
2.1821981081e+01,
2.1833379723e+01,
2.1842828130e+01,
2.1850549635e+01,
2.1856760087e+01,
2.1861666008e+01,
2.1865462753e+01,
2.1868332728e+01,
2.1870443738e+01,
2.1871947545e+01,
2.1872978719e+01,
2.1873653871e+01,
2.1874071320e+01,
2.1874311275e+01,
2.1874436543e+01,
2.1874493776e+01,
2.1874515246e+01,
2.1874521087e+01,
2.1874521949e+01,
2.1874522026e+01,
2.1874523557e+01,
2.1874533929e+01,
2.1874572056e+01,
2.1874673685e+01,
2.1874896078e+01,
2.1875321907e+01,
2.1876062180e+01,
2.1877257990e+01,
2.1879080924e+01,
2.1881731926e+01,
2.1885438482e+01,
2.1890449995e+01,
2.1897031311e+01,
2.1905454445e+01,
2.1915988666e+01,
2.1928889273e+01,
2.1944385528e+01,
2.1962668380e+01,
2.1983878711e+01,
2.2008096943e+01,
2.2035334807e+01,
2.2065530005e+01,
2.2098544335e+01,
2.2134165584e+01,
2.2172113246e+01,
2.2212047791e+01,
2.2253582932e+01,
2.2296300131e+01,
2.2339764358e+01,
2.2383540062e+01,
2.2427206280e+01,
2.2470369905e+01,
2.2512676314e+01,
2.2553816836e+01,
2.2593532876e+01,
2.2631616854e+01,
2.2667910417e+01,
2.2702300600e+01,
2.2734714663e+01,
2.2765114341e+01,
2.2793490053e+01,
2.2819855526e+01,
2.2844243052e+01,
2.2866699486e+01,
2.2887282991e+01,
2.2906060450e+01,
2.2923105449e+01,
2.2938496723e+01,
2.2952316964e+01,
2.2964651894e+01,
2.2975589537e+01,
2.2985219611e+01,
2.2993633001e+01,
2.3000921272e+01,
2.3007176174e+01,
2.3012489132e+01,
2.3016950700e+01,
2.3020649953e+01,
2.3023673843e+01,
2.3026106503e+01,
2.3028028524e+01,
2.3029516217e+01,
2.3030640901e+01,
2.3031468236e+01,
2.3032057639e+01,
2.3032461817e+01,
2.3032726457e+01,
2.3032890088e+01,
2.3032984146e+01,
2.3033033250e+01,
2.3033055685e+01,
2.3033064100e+01,
2.3033066390e+01,
2.3033066728e+01,
2.3033066759e+01,
2.3033067384e+01,
2.3033071620e+01,
2.3033087193e+01,
2.3033128703e+01,
2.3033219537e+01,
2.3033393463e+01,
2.3033695821e+01,
2.3034184244e+01,
2.3034928818e+01,
2.3036011633e+01,
2.3037525631e+01,
2.3039572735e+01,
2.3042261231e+01,
2.3045702430e+01,
2.3050006688e+01,
2.3055278936e+01,
2.3061613916e+01,
2.3069091397e+01,
2.3077771679e+01,
2.3087691714e+01,
2.3098862157e+01,
2.3111265602e+01,
2.3124856174e+01,
2.3139560520e+01,
2.3155280159e+01,
2.3171894981e+01,
2.3189267642e+01,
2.3207248518e+01,
2.3225680874e+01,
2.3244405894e+01,
2.3263267310e+01,
2.3282115374e+01,
2.3300810054e+01,
2.3319223367e+01,
2.3337240880e+01,
2.3354762445e+01,
2.3371702291e+01,
2.3387988614e+01,
2.3403562834e+01,
2.3418378630e+01,
2.3432400905e+01,
2.3445604731e+01,
2.3457974370e+01,
2.3469502366e+01,
2.3480188747e+01,
2.3490040312e+01,
2.3499070005e+01,
2.3507296340e+01,
2.3514742882e+01,
2.3521437745e+01,
2.3527413112e+01,
2.3532704749e+01,
2.3537351522e+01,
2.3541394889e+01,
2.3544878386e+01,
2.3547847084e+01,
2.3550347033e+01,
2.3552424684e+01,
2.3554126299e+01,
2.3555497359e+01,
2.3556581974e+01,
2.3557422316e+01,
2.3558058084e+01,
2.3558526028e+01,
2.3558859531e+01,
2.3559088294e+01,
2.3559238108e+01,
2.3559330751e+01,
2.3559384009e+01,
2.3559411813e+01,
2.3559424516e+01,
2.3559429282e+01,
2.3559430578e+01,
2.3559430770e+01,
2.3559430788e+01,
2.3559431160e+01,
2.3559433684e+01,
2.3559442962e+01,
2.3559467692e+01,
2.3559521809e+01,
2.3559625438e+01,
2.3559805611e+01,
2.3560096717e+01,
2.3560540630e+01,
2.3561186497e+01,
2.3562090143e+01,
2.3563313076e+01,
2.3564921090e+01,
2.3566982483e+01,
2.3569565915e+01,
2.3572737988e+01,
2.3576560627e+01,
2.3581088405e+01,
2.3586365927e+01,
2.3592425450e+01,
2.3599284871e+01,
2.3606946220e+01,
2.3615394752e+01,
2.3624598697e+01,
2.3634509672e+01,
2.3645063738e+01,
2.3656183021e+01,
2.3667777818e+01,
2.3679749082e+01,
2.3691991176e+01,
2.3704394786e+01,
2.3716849873e+01,
2.3729248561e+01,
2.3741487830e+01,
2.3753471919e+01,
2.3765114339e+01,
2.3776339414e+01,
2.3787083315e+01,
2.3797294569e+01,
2.3806934071e+01,
2.3815974654e+01,
2.3824400301e+01,
2.3832205077e+01,
2.3839391902e+01,
2.3845971230e+01,
2.3851959735e+01,
2.3857379052e+01,
2.3862254629e+01,
2.3866614714e+01,
2.3870489482e+01,
2.3873910326e+01,
2.3876909272e+01,
2.3879518521e+01,
2.3881770101e+01,
2.3883695589e+01,
2.3885325900e+01,
2.3886691109e+01,
2.3887820305e+01,
2.3888741447e+01,
2.3889481220e+01,
2.3890064895e+01,
2.3890516175e+01,
2.3890857048e+01,
2.3891107638e+01,
2.3891286077e+01,
2.3891408399e+01,
2.3891488473e+01,
2.3891537977e+01,
2.3891566431e+01,
2.3891581284e+01,
2.3891588070e+01,
2.3891590616e+01,
2.3891591308e+01,
2.3891591411e+01,
2.3891591421e+01,
2.3891591631e+01,
2.3891593058e+01,
2.3891598303e+01,
2.3891612284e+01,
2.3891642877e+01,
2.3891701447e+01,
2.3891803243e+01,
2.3891967618e+01,
2.3892218050e+01,
2.3892581919e+01,
2.3893090031e+01,
2.3893775841e+01,
2.3894674380e+01,
2.3895820883e+01,
2.3897249147e+01,
2.3898989686e+01,
2.3901067754e+01,
2.3903501387e+01,
2.3906299575e+01,
2.3909460761e+01,
2.3912971807e+01,
2.3916807576e+01,
2.3920931239e+01,
2.3925295341e+01,
2.3929843595e+01,
2.3934513307e+01,
2.3939238239e+01,
2.3943951695e+01,
2.3948589556e+01,
2.3953093029e+01,
2.3957410901e+01,
2.3961501130e+01,
2.3965331739e+01,
2.3968880992e+01,
2.3972136952e+01,
2.3975096532e+01,
2.3977764218e+01,
2.3980150596e+01,
2.3982270841e+01,
2.3984143277e+01,
2.3985788094e+01,
2.3987226264e+01,
2.3988478679e+01,
2.3989565503e+01,
2.3990505729e+01,
2.3991316895e+01,
2.3992014941e+01,
2.3992614175e+01,
2.3993127308e+01,
2.3993565544e+01,
2.3993938701e+01,
2.3994255352e+01,
2.3994522963e+01,
2.3994748038e+01,
2.3994936246e+01,
2.3995092543e+01,
2.3995221280e+01,
2.3995326290e+01,
2.3995410969e+01,
2.3995478338e+01,
2.3995531092e+01,
2.3995571639e+01,
2.3995602127e+01,
2.3995624463e+01,
2.3995640329e+01,
2.3995651186e+01,
2.3995658285e+01,
2.3995662671e+01,
2.3995665190e+01,
2.3995666505e+01,
2.3995667106e+01,
2.3995667331e+01,
2.3995667392e+01,
2.3995667401e+01,
2.3995667402e+01,
2.3995667422e+01,
2.3995667556e+01,
2.3995668050e+01,
2.3995669364e+01,
2.3995672241e+01,
2.3995677744e+01,
2.3995687299e+01,
2.3995702701e+01,
2.3995726104e+01,
2.3995759972e+01,
2.3995807000e+01,
2.3995869981e+01,
2.3995951645e+01,
2.3996054447e+01,
2.3996180329e+01,
2.3996330483e+01,
2.3996505116e+01,
2.3996703275e+01,
2.3996922747e+01,
2.3997160064e+01,
2.3997410639e+01,
2.3997669018e+01,
2.3997929242e+01,
2.3998185265e+01,
2.3998431394e+01,
2.3998662681e+01,
2.3998875234e+01,
2.3999066388e+01,
2.3999234749e+01,
2.3999380113e+01,
2.3999503278e+01,
2.3999605809e+01,
2.3999689782e+01,
2.3999757547e+01,
2.3999811518e+01,
2.3999854015e+01,
2.3999887157e+01,
2.3999912798e+01,
2.3999932506e+01,
2.3999947583e+01,
2.3999959084e+01,
2.3999967855e+01,
2.3999974551e+01,
2.3999979676e+01,
2.3999983605e+01,
2.3999986627e+01,
2.3999988967e+01,
2.3999990802e+01,
2.3999992264e+01,
2.3999993449e+01,
2.3999994421e+01,
2.3999995225e+01,
2.3999995897e+01,
2.3999996468e+01,
2.3999996964e+01,
2.3999997404e+01,
2.3999997800e+01,
2.3999998157e+01,
2.3999998478e+01,
2.3999998762e+01,
2.3999999010e+01,
2.3999999222e+01,
2.3999999401e+01,
2.3999999549e+01,
2.4000000000e+01,
2.4000000000e+01,
2.4000000000e+01,
2.4000000000e+01,
2.4000000000e+01,
2.4000000000e+01,
2.4000000000e+01,
2.4000000000e+01,
2.4000000000e+01,
2.4000000000e+01,
