0.0000000000e+00,
2.1475390355e-07,
6.8553714030e-06,
5.1846645697e-05,
2.1724103590e-04,
6.5813486270e-04,
1.6230867049e-03,
3.4713394988e-03,
6.6862621454e-03,
1.1884562644e-02,
1.9820972981e-02,
3.1388251553e-02,
4.7612472841e-02,
6.9643655163e-02,
9.8741796850e-02,
1.3625833974e-01,
1.8361296576e-01,
2.4226549374e-01,
3.1368254551e-01,
3.9929868491e-01,
5.0047199589e-01,
6.1843462745e-01,
7.5423969978e-01,
9.0870704437e-01,
1.0823713451e+00,
1.2754370780e+00,
1.4877449191e+00,
1.7187537935e+00,
1.9675414054e+00,
2.2328240959e+00,
2.5129945641e+00,
2.8061738385e+00,
3.1102723491e+00,
3.4230543443e+00,
3.7422002928e+00,
4.0653631443e+00,
4.3902160427e+00,
4.7144908673e+00,
5.0360084372e+00,
5.3527021140e+00,
5.6626368032e+00,
5.9640250836e+00,
6.2552415828e+00,
6.5348360076e+00,
6.8015446340e+00,
7.0542997002e+00,
7.2922360500e+00,
7.5146945112e+00,
7.7212217465e+00,
7.9115666000e+00,
8.0856731819e+00,
8.2436710669e+00,
8.3858630243e+00,
8.5127106752e+00,
8.6248184225e+00,
8.7229159465e+00,
8.8078395249e+00,
8.8805124226e+00,
8.9419246077e+00,
8.9931120773e+00,
9.0351361145e+00,
9.0690628392e+00,
9.0959434520e+00,
9.1167955977e+00,
9.1325862897e+00,
9.1442168308e+00,
9.1525101424e+00,
9.1582008667e+00,
9.1619285425e+00,
9.1642340654e+00,
9.1655595476e+00,
9.1662515791e+00,
9.1665677764e+00,
9.1666863932e+00,
9.1667186600e+00,
9.1667234225e+00,
9.1667240744e+00,
9.1667394705e+00,
9.1668437813e+00,
9.1672272367e+00,
9.1682493708e+00,
9.1704861991e+00,
9.1747696588e+00,
9.1822175862e+00,
9.1942526132e+00,
9.2126085021e+00,
9.2393226236e+00,
9.2767135546e+00,
9.3273431587e+00,
9.3939630474e+00,
9.4794460263e+00,
9.5867040074e+00,
9.7185948885e+00,
9.8778220046e+00,
1.0066830825e+01,
1.0287708421e+01,
1.0542091646e+01,
1.0831089600e+01,
1.1155224737e+01,
1.1514394792e+01,
1.1907855281e+01,
1.2334220553e+01,
1.2791481140e+01,
1.3277036757e+01,
1.3787746500e+01,
1.4319998967e+01,
1.4869803707e+01,
1.5432901754e+01,
1.6004888443e+01,
1.6581338209e+01,
1.7157920200e+01,
1.7730495459e+01,
1.8295190507e+01,
1.8848446867e+01,
1.9387050003e+01,
1.9908143321e+01,
2.0409233069e+01,
2.0888188634e+01,
2.1343240616e+01,
2.1772977092e+01,
2.2176337269e+01,
2.2552601437e+01,
2.2901376525e+01,
2.3222577372e+01,
2.3516404444e+01,
2.3783319133e+01,
2.4024017745e+01,
2.4239405090e+01,
2.4430568208e+01,
2.4598750492e+01,
2.4745326208e+01,
2.4871775313e+01,
2.4979658423e+01,
2.5070591837e+01,
2.5146222595e+01,
2.5208203661e+01,
2.5258169452e+01,
2.5297712046e+01,
2.5328358512e+01,
2.5351549887e+01,
2.5368622403e+01,
2.5380791549e+01,
2.5389139569e+01,
2.5394606906e+01,
2.5397987998e+01,
2.5399931708e+01,
2.5400946475e+01,
2.5401410125e+01,
2.5401584056e+01,
2.5401631369e+01,
2.5401638352e+01,
2.5401639015e+01,
2.5401652530e+01,
2.5401744097e+01,
2.5402080705e+01,
2.5402977960e+01,
2.5404941489e+01,
2.5408701538e+01,
2.5415239212e+01,
2.5425802928e+01,
2.5441913710e+01,
2.5465358139e+01,
2.5498167995e+01,
2.5542585933e+01,
2.5601017044e+01,
2.5675966735e+01,
2.5769966156e+01,
2.5885487271e+01,
2.6024850612e+01,
2.6190129694e+01,
2.6383056765e+01,
2.6604935045e+01,
2.6856562612e+01,
2.7138172598e+01,
2.7449393395e+01,
2.7789231250e+01,
2.8156076259e+01,
2.8547731593e+01,
2.8961465017e+01,
2.9394081280e+01,
2.9842013468e+01,
3.0301430454e+01,
3.0768356021e+01,
3.1238793258e+01,
3.1708846074e+01,
3.2174828925e+01,
3.2633356632e+01,
3.3081408487e+01,
3.3516364344e+01,
3.3936014103e+01,
3.4338545168e+01,
3.4722514451e+01,
3.5086811971e+01,
3.5430622378e+01,
3.5753389047e+01,
3.6054783418e+01,
3.6334680397e+01,
3.6593139244e+01,
3.6830388551e+01,
3.7046813697e+01,
3.7242945302e+01,
3.7419447615e+01,
3.7577106206e+01,
3.7716814713e+01,
3.7839560645e+01,
3.7946410389e+01,
3.8038493584e+01,
3.8116987034e+01,
3.8183098300e+01,
3.8238049103e+01,
3.8283058681e+01,
3.8319327280e+01,
3.8348020032e+01,
3.8370251522e+01,
3.8387071413e+01,
3.8399451555e+01,
3.8408275001e+01,
3.8414327387e+01,
3.8418291036e+01,
3.8420742138e+01,
3.8422151188e+01,
3.8422886814e+01,
3.8423222921e+01,
3.8423349005e+01,
3.8423383303e+01,
3.8423388366e+01,
3.8423388816e+01,
3.8423397685e+01,
3.8423457769e+01,
3.8423678642e+01,
3.8424267398e+01,
3.8425555814e+01,
3.8428023046e+01,
3.8432312835e+01,
3.8439244271e+01,
3.8449815202e+01,
3.8465197516e+01,
3.8486723610e+01,
3.8515863630e+01,
3.8554193336e+01,
3.8603352848e+01,
3.8664997057e+01,
3.8740739011e+01,
3.8832088260e+01,
3.8940386721e+01,
3.9066745204e+01,
3.9211984200e+01,
3.9376582838e+01,
3.9560639998e+01,
3.9763851434e+01,
3.9985506073e+01,
4.0224503373e+01,
4.0479391357e+01,
4.0748421888e+01,
4.1029616472e+01,
4.1320833746e+01,
4.1619830106e+01,
4.1924308247e+01,
4.2231953443e+01,
4.2540461943e+01,
4.2847567821e+01,
4.3151073362e+01,
4.3448884843e+01,
4.3739052007e+01,
4.4019807196e+01,
4.4289599434e+01,
4.4547119551e+01,
4.4791314133e+01,
4.5021387870e+01,
4.5236795458e+01,
4.5437225221e+01,
4.5622577054e+01,
4.5792937245e+01,
4.5948552402e+01,
4.6089804126e+01,
4.6217185576e+01,
4.6331280486e+01,
4.6432744847e+01,
4.6522291115e+01,
4.6600674655e+01,
4.6668681997e+01,
4.6727120491e+01,
4.6776808932e+01,
4.6818568808e+01,
4.6853215906e+01,
4.6881552085e+01,
4.6904357148e+01,
4.6922380814e+01,
4.6936334920e+01,
4.6946886013e+01,
4.6954648587e+01,
4.6960179253e+01,
4.6963972112e+01,
4.6966455638e+01,
4.6967991288e+01,
4.6968874025e+01,
4.6969334862e+01,
4.6969545415e+01,
4.6969624400e+01,
4.6969645885e+01,
4.6969649057e+01,
4.6969649337e+01,
4.6969654835e+01,
4.6969692083e+01,
4.6969829011e+01,
4.6970193999e+01,
4.6970992705e+01,
4.6972522089e+01,
4.6975180974e+01,
4.6979476487e+01,
4.6986025761e+01,
4.6995552307e+01,
4.7008876551e+01,
4.7026900180e+01,
4.7050584144e+01,
4.7080920496e+01,
4.7118898600e+01,
4.7165466765e+01,
4.7221490821e+01,
4.7287711688e+01,
4.7364704418e+01,
4.7452841439e+01,
4.7552262821e+01,
4.7662856088e+01,
4.7784247577e+01,
4.7915806437e+01,
4.8056661291e+01,
4.8205728389e+01,
4.8361749041e+01,
4.8523333291e+01,
4.8689006527e+01,
4.8857255826e+01,
4.9026573487e+01,
4.9195496017e+01,
4.9362637734e+01,
4.9526718766e+01,
4.9686587525e+01,
4.9841237688e+01,
4.9989819471e+01,
5.0131644887e+01,
5.0266186734e+01,
5.0393071552e+01,
5.0512067367e+01,
5.0623067676e+01,
5.0726073408e+01,
5.0821174637e+01,
5.0908533439e+01,
5.0988368824e+01,
5.1060944134e+01,
5.1126556920e+01,
5.1185530996e+01,
5.1238210285e+01,
5.1284954028e+01,
5.1326132947e+01,
5.1362126047e+01,
5.1393317791e+01,
5.1420095435e+01,
5.1442846391e+01,
5.1461955511e+01,
5.1477802236e+01,
5.1490757582e+01,
5.1501180990e+01,
5.1509417088e+01,
5.1515792434e+01,
5.1520612373e+01,
5.1524158117e+01,
5.1526684206e+01,
5.1528416480e+01,
5.1529550719e+01,
5.1530252043e+01,
5.1530655180e+01,
5.1530865638e+01,
5.1530961794e+01,
5.1530997865e+01,
5.1531007677e+01,
5.1531009126e+01,
5.1531009256e+01,
5.1531011828e+01,
5.1531029253e+01,
5.1531093310e+01,
5.1531264057e+01,
5.1531637699e+01,
5.1532353147e+01,
5.1533596938e+01,
5.1535606215e+01,
5.1538669464e+01,
5.1543124713e+01,
5.1549354956e+01,
5.1557780625e+01,
5.1568849038e+01,
5.1583020941e+01,
5.1600754427e+01,
5.1622486768e+01,
5.1648614964e+01,
5.1679476016e+01,
5.1715328110e+01,
5.1756333988e+01,
5.1802547723e+01,
5.1853905915e+01,
5.1910224055e+01,
5.1971198377e+01,
5.2036413129e+01,
5.2105352813e+01,
5.2177418630e+01,
5.2251948166e+01,
5.2328237209e+01,
5.2405562535e+01,
5.2483204480e+01,
5.2560468116e+01,
5.2636702002e+01,
5.2711313592e+01,
5.2783780696e+01,
5.2853658694e+01,
5.2920583569e+01,
5.2984271166e+01,
5.3044513314e+01,
5.3101171621e+01,
5.3154169789e+01,
5.3203485222e+01,
5.3249140588e+01,
5.3291195822e+01,
5.3329740885e+01,
5.3364889464e+01,
5.3396773634e+01,
5.3425539461e+01,
5.3451343439e+01,
5.3474349641e+01,
5.3494727452e+01,
5.3512649749e+01,
5.3528291416e+01,
5.3541828089e+01,
5.3553435030e+01,
5.3563286083e+01,
5.3571552624e+01,
5.3578402493e+01,
5.3583998870e+01,
5.3588499086e+01,
5.3592053404e+01,
5.3594803763e+01,
5.3596882561e+01,
5.3598411506e+01,
5.3599500612e+01,
5.3600247394e+01,
5.3600736330e+01,
5.3601038636e+01,
5.3601212404e+01,
5.3601303118e+01,
5.3601344565e+01,
5.3601360112e+01,
5.3601364342e+01,
5.3601364966e+01,
5.3601365023e+01,
5.3601366178e+01,
5.3601374005e+01,
5.3601402774e+01,
5.3601479458e+01,
5.3601647262e+01,
5.3601968560e+01,
5.3602527092e+01,
5.3603429269e+01,
5.3604804445e+01,
5.3606804007e+01,
5.3609599170e+01,
5.3613377368e+01,
5.3618337222e+01,
5.3624682117e+01,
5.3632612530e+01,
5.3642317381e+01,
5.3653964779e+01,
5.3667692702e+01,
5.3683600174e+01,
5.3701739592e+01,
5.3722110805e+01,
5.3744657440e+01,
5.3769265810e+01,
5.3795766529e+01,
5.3823938699e+01,
5.3853516393e+01,
5.3884196957e+01,
5.3915650634e+01,
5.3947531036e+01,
5.3979486035e+01,
5.4011168750e+01,
5.4042248334e+01,
5.4072420239e+01,
5.4101415548e+01,
5.4129008803e+01,
5.4155023725e+01,
5.4179336207e+01,
5.4201874202e+01,
5.4222614479e+01,
5.4241576659e+01,
5.4258815315e+01,
5.4274411157e+01,
5.4288462288e+01,
5.4301076377e+01,
5.4312364246e+01,
5.4322435093e+01,
5.4331393301e+01,
5.4339336608e+01,
5.4346355339e+01,
5.4352532401e+01,
5.4357943740e+01,
5.4362659074e+01,
5.4366742698e+01,
5.4370254280e+01,
5.4373249565e+01,
5.4375780943e+01,
5.4377897885e+01,
5.4379647231e+01,
5.4381073346e+01,
5.4382218170e+01,
5.4383121165e+01,
5.4383819200e+01,
5.4384346392e+01,
5.4384733920e+01,
5.4385009855e+01,
5.4385199006e+01,
5.4385322824e+01,
5.4385399371e+01,
5.4385443367e+01,
5.4385466335e+01,
5.4385476828e+01,
5.4385480764e+01,
5.4385481835e+01,
5.4385481993e+01,
5.4385482008e+01,
5.4385482316e+01,
5.4385484400e+01,
5.4385492063e+01,
5.4385512488e+01,
5.4385557181e+01,
5.4385642747e+01,
5.4385791468e+01,
5.4386031626e+01,
5.4386397540e+01,
5.4386929263e+01,
5.4387671903e+01,
5.4388674548e+01,
5.4389988781e+01,
5.4391666835e+01,
5.4393759457e+01,
5.4396313597e+01,
5.4399370123e+01,
5.4402961738e+01,
5.4407111349e+01,
5.4411831053e+01,
5.4417121881e+01,
5.4422974315e+01,
5.4429369479e+01,
5.4436280802e+01,
5.4443675866e+01,
5.4451518145e+01,
5.4459768392e+01,
5.4468385528e+01,
5.4477327008e+01,
5.4486548777e+01,
5.4496004959e+01,
5.4505647492e+01,
5.4515425875e+01,
5.4525287146e+01,
5.4535176157e+01,
5.4545036133e+01,
5.4554809492e+01,
5.4564438848e+01,
5.4573868109e+01,
5.4583043610e+01,
5.4591915190e+01,
5.4600437169e+01,
5.4608569168e+01,
5.4616276751e+01,
5.4623531872e+01,
5.4630313128e+01,
5.4636605817e+01,
5.4642401843e+01,
5.4647699460e+01,
5.4652502915e+01,
5.4656821981e+01,
5.4660671435e+01,
5.4664070475e+01,
5.4667042114e+01,
5.4669612545e+01,
5.4671810500e+01,
5.4673666608e+01,
5.4675212756e+01,
5.4676481461e+01,
5.4677505265e+01,
5.4678316151e+01,
5.4678945002e+01,
5.4679421106e+01,
5.4679771719e+01,
5.4680021698e+01,
5.4680193214e+01,
5.4680305558e+01,
5.4680375039e+01,
5.4680414984e+01,
5.4680435839e+01,
5.4680445367e+01,
5.4680448942e+01,
5.4680449914e+01,
5.4680450058e+01,
5.4680450072e+01,
5.4680450368e+01,
5.4680452372e+01,
5.4680459737e+01,
5.4680479371e+01,
5.4680522338e+01,
5.4680604620e+01,
5.4680747698e+01,
5.4680978915e+01,
5.4681331615e+01,
5.4681845015e+01,
5.4682563803e+01,
5.4683537444e+01,
5.4684819205e+01,
5.4686464877e+01,
5.4688531246e+01,
5.4691074313e+01,
5.4694147329e+01,
5.4697798689e+01,
5.4702069767e+01,
5.4706992773e+01,
5.4712588732e+01,
5.4718865685e+01,
5.4725817239e+01,
5.4733421556e+01,
5.4741640906e+01,
5.4750421858e+01,
5.4759696180e+01,
5.4769382462e+01,
5.4779388427e+01,
5.4789613845e+01,
5.4799953895e+01,
5.4810302759e+01,
5.4820557236e+01,
5.4830620113e+01,
5.4840403079e+01,
5.4849829018e+01,
5.4858833564e+01,
5.4867365892e+01,
5.4875388789e+01,
5.4882878083e+01,
5.4889821581e+01,
5.4896217659e+01,
5.4902073653e+01,
5.4907404178e+01,
5.4912229508e+01,
5.4916574063e+01,
5.4920465090e+01,
5.4923931535e+01,
5.4927003139e+01,
5.4929709725e+01,
5.4932080670e+01,
5.4934144542e+01,
5.4935928851e+01,
5.4937459908e+01,
5.4938762759e+01,
5.4939861158e+01,
5.4940777577e+01,
5.4941533223e+01,
5.4942148056e+01,
5.4942640794e+01,
5.4943028903e+01,
5.4943328580e+01,
5.4943554708e+01,
5.4943720817e+01,
5.4943839034e+01,
5.4943920041e+01,
5.4943973056e+01,
5.4944005825e+01,
5.4944024658e+01,
5.4944034489e+01,
5.4944038980e+01,
5.4944040665e+01,
5.4944041124e+01,
5.4944041191e+01,
5.4944041198e+01,
5.4944041346e+01,
5.4944042350e+01,
5.4944046039e+01,
5.4944055871e+01,
5.4944077384e+01,
5.4944118566e+01,
5.4944190121e+01,
5.4944305613e+01,
5.4944481449e+01,
5.4944736670e+01,
5.4945092546e+01,
5.4945571915e+01,
5.4946198293e+01,
5.4946994736e+01,
5.4947982497e+01,
5.4949179534e+01,
5.4950598965e+01,
5.4952247590e+01,
5.4954124621e+01,
5.4956220783e+01,
5.4958517910e+01,
5.4960989163e+01,
5.4963599897e+01,
5.4966309183e+01,
5.4969071858e+01,
5.4971840948e+01,
5.4974570226e+01,
5.4977216658e+01,
5.4979742518e+01,
5.4982116958e+01,
5.4984316964e+01,
5.4986327630e+01,
5.4988141848e+01,
5.4989759495e+01,
5.4991186297e+01,
5.4992432524e+01,
5.4993511660e+01,
5.4994439164e+01,
5.4995231393e+01,
5.4995904739e+01,
5.4996474977e+01,
5.4996956831e+01,
5.4997363719e+01,
5.4997707639e+01,
5.4997999147e+01,
5.4998247392e+01,
5.4998460180e+01,
5.4998644063e+01,
5.4998804441e+01,
5.4998945679e+01,
5.4999071238e+01,
5.4999183801e+01,
5.4999285403e+01,
5.4999377542e+01,
5.4999461296e+01,
5.4999537416e+01,
5.4999606423e+01,
5.4999668680e+01,
5.4999724465e+01,
5.4999774013e+01,
5.4999817557e+01,
5.4999855352e+01,
5.4999887687e+01,
5.4999914891e+01,
5.4999937336e+01,
5.4999955433e+01,
5.4999969623e+01,
5.4999980375e+01,
5.4999988177e+01,
5.4999993523e+01,
5.4999996906e+01,
5.4999998810e+01,
5.5000000000e+01,
5.5000000000e+01,
