0.0000000000e+00,
8.5288199614e-08,
2.7225670998e-06,
2.0590558901e-05,
8.6275766400e-05,
2.6137286550e-04,
6.4459117450e-04,
1.3785866224e-03,
2.6552815482e-03,
4.7194861182e-03,
7.8706925092e-03,
1.2462972573e-02,
1.8902966952e-02,
2.7646003493e-02,
3.9190420537e-02,
5.4070192588e-02,
7.2845961124e-02,
9.6094564567e-02,
1.2439714644e-01,
1.5832591157e-01,
1.9842961224e-01,
2.4521789529e-01,
2.9914473768e-01,
3.6059134474e-01,
4.2984907029e-01,
5.0710311517e-01,
5.9241793298e-01,
6.8572537424e-01,
7.8681659518e-01,
8.9533861895e-01,
1.0107961653e+00,
1.1325589851e+00,
1.2598744974e+00,
1.3918850939e+00,
1.5276491083e+00,
1.6661642058e+00,
1.8063918478e+00,
1.9472815404e+00,
2.0877937525e+00,
2.2269206487e+00,
2.3637040817e+00,
2.4972505729e+00,
2.6267432579e+00,
2.7514509477e+00,
2.8707345736e+00,
2.9840513270e+00,
3.0909568085e+00,
3.1911054674e+00,
3.2842495646e+00,
3.3702368429e+00,
3.4490070433e+00,
3.5205873709e+00,
3.5850869947e+00,
3.6426906545e+00,
3.6936514480e+00,
3.7382828820e+00,
3.7769502817e+00,
3.8100616736e+00,
3.8380582742e+00,
3.8614047409e+00,
3.8805793551e+00,
3.8960643317e+00,
3.9083364563e+00,
3.9178582611e+00,
3.9250699538e+00,
3.9303823018e+00,
3.9341706624e+00,
3.9367703230e+00,
3.9384732837e+00,
3.9395265714e+00,
3.9401321329e+00,
3.9404482979e+00,
3.9405927581e+00,
3.9406469503e+00,
3.9406616920e+00,
3.9406638678e+00,
3.9406641656e+00,
3.9406711996e+00,
3.9407188560e+00,
3.9408940451e+00,
3.9413610298e+00,
3.9423829887e+00,
3.9443400638e+00,
3.9477431260e+00,
3.9532425533e+00,
3.9616313927e+00,
3.9738423725e+00,
3.9909383605e+00,
4.0140960341e+00,
4.0445827571e+00,
4.0837269379e+00,
4.1328824918e+00,
4.1933884094e+00,
4.2665248377e+00,
4.3534674522e+00,
4.4552421868e+00,
4.5726825354e+00,
4.7063915824e+00,
4.8567106487e+00,
5.0236959731e+00,
5.2071042893e+00,
5.4063876521e+00,
5.6206975806e+00,
5.8488986085e+00,
6.0895915715e+00,
6.3411471118e+00,
6.6017494624e+00,
6.8694492154e+00,
7.1422216200e+00,
7.4180248399e+00,
7.6948518315e+00,
7.9707709375e+00,
8.2439535563e+00,
8.5126907891e+00,
8.7754031130e+00,
9.0306472091e+00,
9.2771226281e+00,
9.5136790964e+00,
9.7393238627e+00,
9.9532278652e+00,
1.0154729568e+01,
1.0343335745e+01,
1.0518719010e+01,
1.0680712311e+01,
1.0829300871e+01,
1.0964612141e+01,
1.1086904333e+01,
1.1196553999e+01,
1.1294042986e+01,
1.1379945015e+01,
1.1454912030e+01,
1.1519660364e+01,
1.1574956813e+01,
1.1621604621e+01,
1.1660429484e+01,
1.1692265638e+01,
1.1717942221e+01,
1.1738270074e+01,
1.1754029247e+01,
1.1765957493e+01,
1.1774740033e+01,
1.1781000912e+01,
1.1785296232e+01,
1.1788109511e+01,
1.1789849354e+01,
1.1790849570e+01,
1.1791371767e+01,
1.1791610361e+01,
1.1791699866e+01,
1.1791724214e+01,
1.1791727807e+01,
1.1791728148e+01,
1.1791735103e+01,
1.1791782224e+01,
1.1791955444e+01,
1.1792417177e+01,
1.1793427634e+01,
1.1795362648e+01,
1.1798727240e+01,
1.1804164206e+01,
1.1812457066e+01,
1.1824526819e+01,
1.1841422037e+01,
1.1864302037e+01,
1.1894413053e+01,
1.1933057643e+01,
1.1981557902e+01,
1.2041213470e+01,
1.2113255738e+01,
1.2198800107e+01,
1.2298798535e+01,
1.2413994897e+01,
1.2544885837e+01,
1.2691689696e+01,
1.2854325834e+01,
1.3032406060e+01,
1.3225239064e+01,
1.3431847724e+01,
1.3650998025e+01,
1.3881237278e+01,
1.4120938503e+01,
1.4368347453e+01,
1.4621628867e+01,
1.4878909202e+01,
1.5138314122e+01,
1.5398000242e+01,
1.5656181683e+01,
1.5911152711e+01,
1.6161307832e+01,
1.6405160386e+01,
1.6641359886e+01,
1.6868707547e+01,
1.7086168894e+01,
1.7292882186e+01,
1.7488161786e+01,
1.7671496291e+01,
1.7842541989e+01,
1.8001112763e+01,
1.8147167778e+01,
1.8280798160e+01,
1.8402213601e+01,
1.8511729400e+01,
1.8609754149e+01,
1.8696778022e+01,
1.8773361513e+01,
1.8840124419e+01,
1.8897734891e+01,
1.8946898425e+01,
1.8988346732e+01,
1.9022826479e+01,
1.9051087989e+01,
1.9073874004e+01,
1.9091908720e+01,
1.9105887310e+01,
1.9116466189e+01,
1.9124254324e+01,
1.9129805854e+01,
1.9133614302e+01,
1.9136108599e+01,
1.9137651132e+01,
1.9138537904e+01,
1.9139000870e+01,
1.9139212401e+01,
1.9139291753e+01,
1.9139313339e+01,
1.9139316525e+01,
1.9139316808e+01,
1.9139322389e+01,
1.9139360204e+01,
1.9139499213e+01,
1.9139869754e+01,
1.9140680647e+01,
1.9142233496e+01,
1.9144933576e+01,
1.9149296719e+01,
1.9155951675e+01,
1.9165637494e+01,
1.9179195575e+01,
1.9197556150e+01,
1.9221719179e+01,
1.9252729865e+01,
1.9291649262e+01,
1.9339520829e+01,
1.9397334088e+01,
1.9465986876e+01,
1.9546247975e+01,
1.9638721983e+01,
1.9743818327e+01,
1.9861726091e+01,
1.9992395959e+01,
2.0135530106e+01,
2.0290580340e+01,
2.0456754376e+01,
2.0633029855e+01,
2.0818175564e+01,
2.1010779343e+01,
2.1209282060e+01,
2.1412016897e+01,
2.1617252806e+01,
2.1823240486e+01,
2.2028258806e+01,
2.2230659196e+01,
2.2428905596e+01,
2.2621607771e+01,
2.2807546470e+01,
2.2985689624e+01,
2.3155199630e+01,
2.3315432472e+01,
2.3465929953e+01,
2.3606406646e+01,
2.3736733259e+01,
2.3856917986e+01,
2.3967087241e+01,
2.4067466840e+01,
2.4158364421e+01,
2.4240153552e+01,
2.4313259778e+01,
2.4378148611e+01,
2.4435315341e+01,
2.4485276441e+01,
2.4528562296e+01,
2.4565710954e+01,
2.4597262616e+01,
2.4623754615e+01,
2.4645716674e+01,
2.4663666306e+01,
2.4678104262e+01,
2.4689510026e+01,
2.4698337386e+01,
2.4705010196e+01,
2.4709918471e+01,
2.4713414993e+01,
2.4715812613e+01,
2.4717382441e+01,
2.4718353075e+01,
2.4718911010e+01,
2.4719202278e+01,
2.4719335355e+01,
2.4719385276e+01,
2.4719398856e+01,
2.4719400860e+01,
2.4719401038e+01,
2.4719404512e+01,
2.4719428055e+01,
2.4719514598e+01,
2.4719745280e+01,
2.4720250078e+01,
2.4721216655e+01,
2.4722897001e+01,
2.4725611442e+01,
2.4729749585e+01,
2.4735767819e+01,
2.4744183006e+01,
2.4755562117e+01,
2.4770507690e+01,
2.4789639209e+01,
2.4813570756e+01,
2.4842885626e+01,
2.4878108934e+01,
2.4919679586e+01,
2.4967923310e+01,
2.5023028593e+01,
2.5085027479e+01,
2.5153782956e+01,
2.5228984379e+01,
2.5310151756e+01,
2.5396649034e+01,
2.5487705720e+01,
2.5582445403e+01,
2.5679919102e+01,
2.5779140965e+01,
2.5879123738e+01,
2.5978911587e+01,
2.6077608329e+01,
2.6174399747e+01,
2.6268569338e+01,
2.6359507529e+01,
2.6446714901e+01,
2.6529800368e+01,
2.6608475405e+01,
2.6682545513e+01,
2.6751899961e+01,
2.6816500752e+01,
2.6876371526e+01,
2.6931586935e+01,
2.6982262860e+01,
2.7028547674e+01,
2.7070614663e+01,
2.7108655596e+01,
2.7142875412e+01,
2.7173487913e+01,
2.7200712338e+01,
2.7224770702e+01,
2.7245885724e+01,
2.7264279238e+01,
2.7280170934e+01,
2.7293777313e+01,
2.7305310767e+01,
2.7314978676e+01,
2.7322982491e+01,
2.7329516726e+01,
2.7334767878e+01,
2.7338913252e+01,
2.7342119734e+01,
2.7344542563e+01,
2.7346324145e+01,
2.7347593006e+01,
2.7348462944e+01,
2.7349032470e+01,
2.7349384587e+01,
2.7349586980e+01,
2.7349692637e+01,
2.7349740910e+01,
2.7349759018e+01,
2.7349763944e+01,
2.7349764671e+01,
2.7349764736e+01,
2.7349766027e+01,
2.7349774775e+01,
2.7349806933e+01,
2.7349892649e+01,
2.7350080216e+01,
2.7350439349e+01,
2.7351063630e+01,
2.7352071956e+01,
2.7353608807e+01,
2.7355843175e+01,
2.7358966023e+01,
2.7363186130e+01,
2.7368724318e+01,
2.7375806075e+01,
2.7384652761e+01,
2.7395471704e+01,
2.7408445651e+01,
2.7423722187e+01,
2.7441403848e+01,
2.7461539698e+01,
2.7484119135e+01,
2.7509068542e+01,
2.7536251239e+01,
2.7565470873e+01,
2.7596478098e+01,
2.7628980083e+01,
2.7662652112e+01,
2.7697150393e+01,
2.7732125087e+01,
2.7767232651e+01,
2.7802146708e+01,
2.7836566888e+01,
2.7870225323e+01,
2.7902890734e+01,
2.7934370263e+01,
2.7964509343e+01,
2.7993190020e+01,
2.8020328139e+01,
2.8045869828e+01,
2.8069787616e+01,
2.8092076504e+01,
2.8112750176e+01,
2.8131837532e+01,
2.8149379591e+01,
2.8165426836e+01,
2.8180036979e+01,
2.8193273127e+01,
2.8205202321e+01,
2.8215894375e+01,
2.8225420982e+01,
2.8233855022e+01,
2.8241270021e+01,
2.8247739716e+01,
2.8253337692e+01,
2.8258137041e+01,
2.8262210024e+01,
2.8265627723e+01,
2.8268459653e+01,
2.8270773335e+01,
2.8272633840e+01,
2.8274103294e+01,
2.8275240379e+01,
2.8276099826e+01,
2.8276731949e+01,
2.8277182228e+01,
2.8277490979e+01,
2.8277693126e+01,
2.8277818113e+01,
2.8277889956e+01,
2.8277927461e+01,
2.8277944597e+01,
2.8277951025e+01,
2.8277952774e+01,
2.8277953032e+01,
2.8277953056e+01,
2.8277953533e+01,
2.8277956769e+01,
2.8277968663e+01,
2.8278000368e+01,
2.8278069746e+01,
2.8278202585e+01,
2.8278433508e+01,
2.8278806512e+01,
2.8279375080e+01,
2.8280201810e+01,
2.8281357504e+01,
2.8282919687e+01,
2.8284970533e+01,
2.8287594236e+01,
2.8290873871e+01,
2.8294887876e+01,
2.8299706313e+01,
2.8305387140e+01,
2.8311972748e+01,
2.8319487026e+01,
2.8327933221e+01,
2.8337292802e+01,
2.8347525449e+01,
2.8358570208e+01,
2.8370347716e+01,
2.8382763330e+01,
2.8395710887e+01,
2.8409076772e+01,
2.8422743999e+01,
2.8436596001e+01,
2.8450519913e+01,
2.8464409199e+01,
2.8478165567e+01,
2.8491700187e+01,
2.8504934295e+01,
2.8517799286e+01,
2.8530236442e+01,
2.8542196422e+01,
2.8553638611e+01,
2.8564530437e+01,
2.8574846699e+01,
2.8584568952e+01,
2.8593684951e+01,
2.8602188168e+01,
2.8610077363e+01,
2.8617356191e+01,
2.8624032847e+01,
2.8630119724e+01,
2.8635633070e+01,
2.8640592652e+01,
2.8645021407e+01,
2.8648945088e+01,
2.8652391888e+01,
2.8655392056e+01,
2.8657977498e+01,
2.8660181356e+01,
2.8662037581e+01,
2.8663580486e+01,
2.8664844300e+01,
2.8665862709e+01,
2.8666668414e+01,
2.8667292700e+01,
2.8667765032e+01,
2.8668112694e+01,
2.8668360479e+01,
2.8668530448e+01,
2.8668641759e+01,
2.8668710593e+01,
2.8668750164e+01,
2.8668770823e+01,
2.8668780262e+01,
2.8668783803e+01,
2.8668784766e+01,
2.8668784908e+01,
2.8668784922e+01,
2.8668785198e+01,
2.8668787073e+01,
2.8668793967e+01,
2.8668812341e+01,
2.8668852551e+01,
2.8668929549e+01,
2.8669063423e+01,
2.8669279724e+01,
2.8669609575e+01,
2.8670089505e+01,
2.8670761017e+01,
2.8671669855e+01,
2.8672864975e+01,
2.8674397230e+01,
2.8676317785e+01,
2.8678676337e+01,
2.8681519166e+01,
2.8684887153e+01,
2.8688813823e+01,
2.8693323556e+01,
2.8698430062e+01,
2.8704135214e+01,
2.8710428320e+01,
2.8717285887e+01,
2.8724671885e+01,
2.8732538502e+01,
2.8740827354e+01,
2.8749471072e+01,
2.8758395216e+01,
2.8767520399e+01,
2.8776764543e+01,
2.8786045166e+01,
2.8795281590e+01,
2.8804396990e+01,
2.8813320189e+01,
2.8821987123e+01,
2.8830341943e+01,
2.8838337718e+01,
2.8845936738e+01,
2.8853110467e+01,
2.8859839170e+01,
2.8866111287e+01,
2.8871922630e+01,
2.8877275467e+01,
2.8882177550e+01,
2.8886641159e+01,
2.8890682192e+01,
2.8894319337e+01,
2.8897573339e+01,
2.8900466383e+01,
2.8903021569e+01,
2.8905262502e+01,
2.8907212955e+01,
2.8908896611e+01,
2.8910336864e+01,
2.8911556654e+01,
2.8912578337e+01,
2.8913423564e+01,
2.8914113175e+01,
2.8914667081e+01,
2.8915104159e+01,
2.8915442125e+01,
2.8915697423e+01,
2.8915885114e+01,
2.8916018768e+01,
2.8916110393e+01,
2.8916170373e+01,
2.8916207455e+01,
2.8916228769e+01,
2.8916239895e+01,
2.8916244978e+01,
2.8916246885e+01,
2.8916247404e+01,
2.8916247480e+01,
2.8916247488e+01,
2.8916247646e+01,
2.8916248715e+01,
2.8916252644e+01,
2.8916263117e+01,
2.8916286033e+01,
2.8916329907e+01,
2.8916406162e+01,
2.8916529298e+01,
2.8916716907e+01,
2.8916989512e+01,
2.8917370212e+01,
2.8917884108e+01,
2.8918557508e+01,
2.8919416908e+01,
2.8920487781e+01,
2.8921793203e+01,
2.8923352396e+01,
2.8925179267e+01,
2.8927281053e+01,
2.8929657204e+01,
2.8932298596e+01,
2.8935187209e+01,
2.8938296319e+01,
2.8941591254e+01,
2.8945030678e+01,
2.8948568339e+01,
2.8952155149e+01,
2.8955741423e+01,
2.8959279108e+01,
2.8962723818e+01,
2.8966036514e+01,
2.8969184732e+01,
2.8972143302e+01,
2.8974894552e+01,
2.8977428060e+01,
2.8979740034e+01,
2.8981832422e+01,
2.8983711880e+01,
2.8985388680e+01,
2.8986875661e+01,
2.8988187273e+01,
2.8989338762e+01,
2.8990345502e+01,
2.8991222493e+01,
2.8991983991e+01,
2.8992643274e+01,
2.8993212505e+01,
2.8993702682e+01,
2.8994123644e+01,
2.8994484121e+01,
2.8994791814e+01,
2.8995053488e+01,
2.8995275073e+01,
2.8995461761e+01,
2.8995618109e+01,
2.8995748120e+01,
2.8995855326e+01,
2.8995942857e+01,
2.8996013497e+01,
2.8996069732e+01,
2.8996113791e+01,
2.8996147668e+01,
2.8996173149e+01,
2.8996191822e+01,
2.8996205087e+01,
2.8996214166e+01,
2.8996220103e+01,
2.8996223771e+01,
2.8996225878e+01,
2.8996226978e+01,
2.8996227480e+01,
2.8996227669e+01,
2.8996227720e+01,
2.8996227727e+01,
2.8996227728e+01,
2.8996227745e+01,
2.8996227857e+01,
2.8996228270e+01,
2.8996229369e+01,
2.8996231775e+01,
2.8996236378e+01,
2.8996244370e+01,
2.8996257256e+01,
2.8996276837e+01,
2.8996305184e+01,
2.8996344558e+01,
2.8996397317e+01,
2.8996465773e+01,
2.8996552025e+01,
2.8996657761e+01,
2.8996784064e+01,
2.8996931212e+01,
2.8997098534e+01,
2.8997284312e+01,
2.8997485783e+01,
2.8997699230e+01,
2.8997920178e+01,
2.8998143682e+01,
2.8998364662e+01,
2.8998578266e+01,
2.8998780202e+01,
2.8998967003e+01,
2.8999136194e+01,
2.8999286352e+01,
2.8999417055e+01,
2.8999528752e+01,
2.8999622578e+01,
2.8999700148e+01,
2.8999763356e+01,
2.8999814202e+01,
2.8999854650e+01,
2.8999886520e+01,
2.8999911434e+01,
2.8999930780e+01,
2.8999945723e+01,
2.8999957226e+01,
2.8999966072e+01,
2.8999972885e+01,
2.8999978146e+01,
2.8999982220e+01,
2.8999985386e+01,
2.8999987863e+01,
2.8999989822e+01,
2.8999991394e+01,
2.8999992674e+01,
2.8999993732e+01,
2.8999994615e+01,
2.8999995363e+01,
2.8999996006e+01,
2.8999996568e+01,
2.8999997067e+01,
2.8999997514e+01,
2.8999997915e+01,
2.8999998273e+01,
2.8999998590e+01,
2.8999998867e+01,
2.8999999106e+01,
2.8999999308e+01,
2.8999999478e+01,
2.9000000000e+01,
2.9000000000e+01,
2.9000000000e+01,
2.9000000000e+01,
2.9000000000e+01,
2.9000000000e+01,
2.9000000000e+01,
2.9000000000e+01,
2.9000000000e+01,
2.9000000000e+01,
