0.0000000000e+00,
5.4286199713e-07,
1.7329242993e-05,
1.3105979100e-04,
5.4915055000e-04,
1.6636671900e-03,
4.1029632840e-03,
8.7752861660e-03,
1.6902924158e-02,
3.0045831294e-02,
5.0114036017e-02,
7.9368449994e-02,
1.2040985122e-01,
1.7615572568e-01,
2.4980424914e-01,
3.4478399832e-01,
4.6468717560e-01,
6.1318358581e-01,
7.9391286330e-01,
1.0103540980e+00,
1.2656754232e+00,
1.5625711536e+00,
1.9030997735e+00,
2.2885407953e+00,
2.7192901862e+00,
3.1948110519e+00,
3.7136481860e+00,
4.2735033761e+00,
4.8713561481e+00,
5.5036058120e+00,
6.1662085031e+00,
6.8547885976e+00,
7.5647160122e+00,
8.2911556185e+00,
9.0291070644e+00,
9.7734575276e+00,
1.0519063227e+01,
1.1260859431e+01,
1.1993980906e+01,
1.2713866295e+01,
1.3416326918e+01,
1.4097577786e+01,
1.4754243545e+01,
1.5383356099e+01,
1.5982355094e+01,
1.6549094156e+01,
1.7081850142e+01,
1.7579330897e+01,
1.8040677824e+01,
1.8465461275e+01,
1.8853668317e+01,
1.9205683375e+01,
1.9522262714e+01,
1.9804503808e+01,
2.0053810559e+01,
2.0271855182e+01,
2.0460537452e+01,
2.0621941936e+01,
2.0758293799e+01,
2.0871913824e+01,
2.0965173323e+01,
2.1040449707e+01,
2.1100083566e+01,
2.1146338156e+01,
2.1181362260e+01,
2.1207157355e+01,
2.1225550007e+01,
2.1238170296e+01,
2.1246436954e+01,
2.1251549709e+01,
2.1254489088e+01,
2.1256023724e+01,
2.1256724916e+01,
2.1256987957e+01,
2.1257059511e+01,
2.1257070072e+01,
2.1257071518e+01,
2.1257105660e+01,
2.1257336977e+01,
2.1258187316e+01,
2.1260453961e+01,
2.1265414227e+01,
2.1274912840e+01,
2.1291428221e+01,
2.1318113991e+01,
2.1358812274e+01,
2.1418035760e+01,
2.1500916079e+01,
2.1613116865e+01,
2.1760711122e+01,
2.1950024085e+01,
2.2187444798e+01,
2.2479211935e+01,
2.2831181924e+01,
2.3248589913e+01,
2.3735816222e+01,
2.4296172213e+01,
2.4931719548e+01,
2.5643134972e+01,
2.6429629050e+01,
2.7288921993e+01,
2.8217274451e+01,
2.9209568081e+01,
3.0259431500e+01,
3.1359411122e+01,
3.2501188326e+01,
3.3675837784e+01,
3.4874105538e+01,
3.6086670329e+01,
3.7304354379e+01,
3.8518274469e+01,
3.9719952808e+01,
4.0901417283e+01,
4.2055307749e+01,
4.3174983851e+01,
4.4254616887e+01,
4.5289248696e+01,
4.6274809819e+01,
4.7208099897e+01,
4.8086740437e+01,
4.8909112266e+01,
4.9674288260e+01,
5.0381968251e+01,
5.1032419261e+01,
5.1626421366e+01,
5.2165218003e+01,
5.2650469065e+01,
5.3084205363e+01,
5.3468783466e+01,
5.3806840398e+01,
5.4101247929e+01,
5.4355066395e+01,
5.4571498022e+01,
5.4753839844e+01,
5.4905436355e+01,
5.5029632183e+01,
5.5129725271e+01,
5.5208921199e+01,
5.5270289546e+01,
5.5316723309e+01,
5.5350902551e+01,
5.5375263495e+01,
5.5391974241e+01,
5.5402918178e+01,
5.5409685944e+01,
5.5413576522e+01,
5.5415607691e+01,
5.5416535735e+01,
5.5416883873e+01,
5.5416978575e+01,
5.5416992553e+01,
5.5416993880e+01,
5.5417020932e+01,
5.5417204212e+01,
5.5417877965e+01,
5.5419673901e+01,
5.5423604055e+01,
5.5431129974e+01,
5.5444215114e+01,
5.5465357485e+01,
5.5497599727e+01,
5.5544514132e+01,
5.5610160523e+01,
5.5699015600e+01,
5.5815873305e+01,
5.5965717054e+01,
5.6153566278e+01,
5.6384301602e+01,
5.6662474969e+01,
5.6992113007e+01,
5.7376523627e+01,
5.7818117060e+01,
5.8318253001e+01,
5.8877124940e+01,
5.9493690892e+01,
6.0165656287e+01,
6.0889509932e+01,
6.1660608445e+01,
6.2473300170e+01,
6.3321078260e+01,
6.4196755203e+01,
6.5092655944e+01,
6.6000830143e+01,
6.6913282697e+01,
6.7822215080e+01,
6.8720261517e+01,
6.9600698116e+01,
7.0457603264e+01,
7.1285954212e+01,
7.2081655601e+01,
7.2841507021e+01,
7.3563125293e+01,
7.4244841194e+01,
7.4885589549e+01,
7.5484807348e+01,
7.6042348587e+01,
7.6558418672e+01,
7.7033526752e+01,
7.7468451772e+01,
7.7864217275e+01,
7.8222070560e+01,
7.8543463011e+01,
7.8830029786e+01,
7.9083568121e+01,
7.9306014162e+01,
7.9499418594e+01,
7.9665921341e+01,
7.9807725581e+01,
7.9927071223e+01,
8.0026207995e+01,
8.0107368275e+01,
8.0172739944e+01,
8.0224439622e+01,
8.0264486839e+01,
8.0294779777e+01,
8.0317073365e+01,
8.0332960527e+01,
8.0343857409e+01,
8.0350993314e+01,
8.0355405982e+01,
8.0357942616e+01,
8.0359266907e+01,
8.0359871973e+01,
8.0360098952e+01,
8.0360160695e+01,
8.0360169808e+01,
8.0360170619e+01,
8.0360186584e+01,
8.0360294748e+01,
8.0360692366e+01,
8.0361752244e+01,
8.0364071627e+01,
8.0368513008e+01,
8.0376235003e+01,
8.0388711489e+01,
8.0407737352e+01,
8.0435419291e+01,
8.0474150426e+01,
8.0526567836e+01,
8.0595492761e+01,
8.0683853966e+01,
8.0794595807e+01,
8.0930573697e+01,
8.1094440931e+01,
8.1288532145e+01,
8.1514749764e+01,
8.1774460662e+01,
8.2068410560e+01,
8.2396663322e+01,
8.2758570877e+01,
8.3152776822e+01,
8.3577252743e+01,
8.4029361635e+01,
8.4505938818e+01,
8.5003379489e+01,
8.5517724576e+01,
8.6044742399e+01,
8.6580009698e+01,
8.7118998836e+01,
8.7657176513e+01,
8.8190114195e+01,
8.8713604345e+01,
8.9223772214e+01,
8.9717171836e+01,
9.0190857015e+01,
9.0642422134e+01,
9.1070012299e+01,
9.1472306293e+01,
9.1848478362e+01,
9.2198145935e+01,
9.2521310079e+01,
9.2818294451e+01,
9.3089686942e+01,
9.3336286742e+01,
9.3559058197e+01,
9.3759091812e+01,
9.3937572072e+01,
9.4095751324e+01,
9.4234928737e+01,
9.4356433322e+01,
9.4461609994e+01,
9.4551807792e+01,
9.4628369456e+01,
9.4692621735e+01,
9.4745865954e+01,
9.4789368534e+01,
9.4824351301e+01,
9.4851981615e+01,
9.4873362474e+01,
9.4889522880e+01,
9.4901408855e+01,
9.4909875573e+01,
9.4915681082e+01,
9.4919482094e+01,
9.4921832241e+01,
9.4923183124e+01,
9.4923888343e+01,
9.4924210549e+01,
9.4924331418e+01,
9.4924364297e+01,
9.4924369149e+01,
9.4924369579e+01,
9.4924377992e+01,
9.4924434992e+01,
9.4924644529e+01,
9.4925203054e+01,
9.4926425257e+01,
9.4928765479e+01,
9.4932833763e+01,
9.4939405481e+01,
9.4949423514e+01,
9.4963991993e+01,
9.4984360731e+01,
9.5011899717e+01,
9.5048063415e+01,
9.5094345114e+01,
9.5152222315e+01,
9.5223094924e+01,
9.5308218937e+01,
9.5408639134e+01,
9.5525125017e+01,
9.5658114603e+01,
9.5807670648e+01,
9.5973453340e+01,
9.6154712453e+01,
9.6350300427e+01,
9.6558706127e+01,
9.6778107210e+01,
9.7006437443e+01,
9.7241464138e+01,
9.7480870197e+01,
9.7722335146e+01,
9.7963609982e+01,
9.8202581530e+01,
9.8437323260e+01,
9.8666131033e+01,
9.8887543777e+01,
9.9100350462e+01,
9.9303585746e+01,
9.9496517110e+01,
9.9678626306e+01,
9.9849587552e+01,
1.0000924441e+02,
1.0015758666e+02,
1.0029472814e+02,
1.0042088605e+02,
1.0053636215e+02,
1.0064152589e+02,
1.0073679974e+02,
1.0082264657e+02,
1.0089955897e+02,
1.0096805047e+02,
1.0102864834e+02,
1.0108188772e+02,
1.0112830697e+02,
1.0116844369e+02,
1.0120283142e+02,
1.0123199666e+02,
1.0125645599e+02,
1.0127671320e+02,
1.0129325632e+02,
1.0130655444e+02,
1.0131705443e+02,
1.0132517758e+02,
1.0133131622e+02,
1.0133583056e+02,
1.0133904594e+02,
1.0134125052e+02,
1.0134269385e+02,
1.0134358623e+02,
1.0134409916e+02,
1.0134436694e+02,
1.0134448928e+02,
1.0134453517e+02,
1.0134454765e+02,
1.0134454950e+02,
1.0134454966e+02,
1.0134455293e+02,
1.0134457511e+02,
1.0134465660e+02,
1.0134487384e+02,
1.0134534921e+02,
1.0134625941e+02,
1.0134784164e+02,
1.0135039732e+02,
1.0135429280e+02,
1.0135995676e+02,
1.0136787386e+02,
1.0137857446e+02,
1.0139262017e+02,
1.0141058550e+02,
1.0143303584e+02,
1.0146050268e+02,
1.0149345710e+02,
1.0153228304e+02,
1.0157725213e+02,
1.0162850190e+02,
1.0168601942e+02,
1.0174963178e+02,
1.0181900470e+02,
1.0189364975e+02,
1.0197293984e+02,
1.0205613213e+02,
1.0214239645e+02,
1.0223084731e+02,
1.0232057695e+02,
1.0241068711e+02,
1.0250031774e+02,
1.0258867075e+02,
1.0267502843e+02,
1.0275876579e+02,
1.0283935734e+02,
1.0291637895e+02,
1.0298950539e+02,
1.0305850476e+02,
1.0312323055e+02,
1.0318361226e+02,
1.0323964521e+02,
1.0329138017e+02,
1.0333891334e+02,
1.0338237690e+02,
1.0342193050e+02,
1.0345775388e+02,
1.0349004050e+02,
1.0351899239e+02,
1.0354481605e+02,
1.0356771928e+02,
1.0358790884e+02,
1.0360558876e+02,
1.0362095921e+02,
1.0363421567e+02,
1.0364554835e+02,
1.0365514181e+02,
1.0366317447e+02,
1.0366981822e+02,
1.0367523788e+02,
1.0367959055e+02,
1.0368302489e+02,
1.0368568032e+02,
1.0368768616e+02,
1.0368916077e+02,
1.0369021084e+02,
1.0369093068e+02,
1.0369140191e+02,
1.0369169324e+02,
1.0369186068e+02,
1.0369194809e+02,
1.0369198803e+02,
1.0369200301e+02,
1.0369200709e+02,
1.0369200769e+02,
1.0369200774e+02,
1.0369200886e+02,
1.0369201640e+02,
1.0369204412e+02,
1.0369211801e+02,
1.0369227969e+02,
1.0369258925e+02,
1.0369312731e+02,
1.0369399627e+02,
1.0369532043e+02,
1.0369724499e+02,
1.0369993369e+02,
1.0370356496e+02,
1.0370832666e+02,
1.0371440931e+02,
1.0372199812e+02,
1.0373126395e+02,
1.0374235389e+02,
1.0375538188e+02,
1.0377042019e+02,
1.0378749243e+02,
1.0380656894e+02,
1.0382756496e+02,
1.0385034213e+02,
1.0387471308e+02,
1.0390044915e+02,
1.0392729026e+02,
1.0395495635e+02,
1.0398315927e+02,
1.0401161406e+02,
1.0404004897e+02,
1.0406821341e+02,
1.0409588370e+02,
1.0412286638e+02,
1.0414899950e+02,
1.0417415215e+02,
1.0419822264e+02,
1.0422113584e+02,
1.0424284006e+02,
1.0426330378e+02,
1.0428251244e+02,
1.0430046551e+02,
1.0431717392e+02,
1.0433265783e+02,
1.0434694479e+02,
1.0436006831e+02,
1.0437206664e+02,
1.0438298195e+02,
1.0439285956e+02,
1.0440174751e+02,
1.0440969607e+02,
1.0441675745e+02,
1.0442298546e+02,
1.0442843526e+02,
1.0443316303e+02,
1.0443722563e+02,
1.0444068030e+02,
1.0444358415e+02,
1.0444599382e+02,
1.0444796492e+02,
1.0444955152e+02,
1.0445080564e+02,
1.0445177672e+02,
1.0445251104e+02,
1.0445305134e+02,
1.0445343631e+02,
1.0445370033e+02,
1.0445387321e+02,
1.0445398011e+02,
1.0445404156e+02,
1.0445407364e+02,
1.0445408829e+02,
1.0445409379e+02,
1.0445409529e+02,
1.0445409551e+02,
1.0445409553e+02,
1.0445409596e+02,
1.0445409887e+02,
1.0445410958e+02,
1.0445413811e+02,
1.0445420054e+02,
1.0445432010e+02,
1.0445452794e+02,
1.0445486370e+02,
1.0445537559e+02,
1.0445612010e+02,
1.0445716125e+02,
1.0445856933e+02,
1.0446041916e+02,
1.0446278786e+02,
1.0446575221e+02,
1.0446938569e+02,
1.0447375529e+02,
1.0447891842e+02,
1.0448491990e+02,
1.0449178943e+02,
1.0449953963e+02,
1.0450816489e+02,
1.0451764097e+02,
1.0452792554e+02,
1.0453895946e+02,
1.0455066870e+02,
1.0456296679e+02,
1.0457575751e+02,
1.0458893766e+02,
1.0460239979e+02,
1.0461603485e+02,
1.0462973452e+02,
1.0464339332e+02,
1.0465691056e+02,
1.0467019194e+02,
1.0468315092e+02,
1.0469570993e+02,
1.0470780114e+02,
1.0471936709e+02,
1.0473036096e+02,
1.0474074649e+02,
1.0475049776e+02,
1.0475959859e+02,
1.0476804181e+02,
1.0477582843e+02,
1.0478296663e+02,
1.0478947080e+02,
1.0479536057e+02,
1.0480065986e+02,
1.0480539604e+02,
1.0480959920e+02,
1.0481330144e+02,
1.0481653630e+02,
1.0481933829e+02,
1.0482174243e+02,
1.0482378388e+02,
1.0482549758e+02,
1.0482691796e+02,
1.0482807864e+02,
1.0482901211e+02,
1.0482974943e+02,
1.0483032002e+02,
1.0483075131e+02,
1.0483106853e+02,
1.0483129450e+02,
1.0483144945e+02,
1.0483155089e+02,
1.0483161362e+02,
1.0483164967e+02,
1.0483166849e+02,
1.0483167709e+02,
1.0483168032e+02,
1.0483168120e+02,
1.0483168133e+02,
1.0483168134e+02,
1.0483168161e+02,
1.0483168341e+02,
1.0483169006e+02,
1.0483170778e+02,
1.0483174655e+02,
1.0483182078e+02,
1.0483194982e+02,
1.0483215823e+02,
1.0483247586e+02,
1.0483293763e+02,
1.0483358294e+02,
1.0483445485e+02,
1.0483559884e+02,
1.0483706122e+02,
1.0483888728e+02,
1.0484111913e+02,
1.0484379340e+02,
1.0484693891e+02,
1.0485057437e+02,
1.0485470649e+02,
1.0485932836e+02,
1.0486441862e+02,
1.0486994120e+02,
1.0487584601e+02,
1.0488207040e+02,
1.0488854139e+02,
1.0489517860e+02,
1.0490189760e+02,
1.0490861343e+02,
1.0491524412e+02,
1.0492171383e+02,
1.0492795547e+02,
1.0493391262e+02,
1.0493954071e+02,
1.0494480736e+02,
1.0494969204e+02,
1.0495418523e+02,
1.0495828707e+02,
1.0496200575e+02,
1.0496535588e+02,
1.0496835683e+02,
1.0497103118e+02,
1.0497340341e+02,
1.0497549876e+02,
1.0497734235e+02,
1.0497895854e+02,
1.0498037043e+02,
1.0498159960e+02,
1.0498266592e+02,
1.0498358753e+02,
1.0498438084e+02,
1.0498506065e+02,
1.0498564022e+02,
1.0498613145e+02,
1.0498654500e+02,
1.0498689044e+02,
1.0498717639e+02,
1.0498741062e+02,
1.0498760016e+02,
1.0498775139e+02,
1.0498787007e+02,
1.0498796146e+02,
1.0498803027e+02,
1.0498808073e+02,
1.0498811661e+02,
1.0498814117e+02,
1.0498815723e+02,
1.0498816716e+02,
1.0498817286e+02,
1.0498817584e+02,
1.0498817720e+02,
1.0498817771e+02,
1.0498817785e+02,
1.0498817787e+02,
1.0498817787e+02,
1.0498817791e+02,
1.0498817822e+02,
1.0498817934e+02,
1.0498818231e+02,
1.0498818883e+02,
1.0498820129e+02,
1.0498822293e+02,
1.0498825784e+02,
1.0498831093e+02,
1.0498838784e+02,
1.0498849481e+02,
1.0498863840e+02,
1.0498882514e+02,
1.0498906113e+02,
1.0498935155e+02,
1.0498970013e+02,
1.0499010862e+02,
1.0499057640e+02,
1.0499110015e+02,
1.0499167373e+02,
1.0499228831e+02,
1.0499293278e+02,
1.0499359431e+02,
1.0499425917e+02,
1.0499491362e+02,
1.0499554479e+02,
1.0499614149e+02,
1.0499669476e+02,
1.0499719826e+02,
1.0499764833e+02,
1.0499804384e+02,
1.0499838590e+02,
1.0499867740e+02,
1.0499892247e+02,
1.0499912604e+02,
1.0499929333e+02,
1.0499942956e+02,
1.0499953962e+02,
1.0499962798e+02,
1.0499969857e+02,
1.0499975478e+02,
1.0499979947e+02,
1.0499983500e+02,
1.0499986328e+02,
1.0499988584e+02,
1.0499990392e+02,
1.0499991850e+02,
1.0499993039e+02,
1.0499994018e+02,
1.0499994837e+02,
1.0499995530e+02,
1.0499996124e+02,
1.0499996641e+02,
1.0499997095e+02,
1.0499997498e+02,
1.0499997859e+02,
1.0499998182e+02,
1.0499998473e+02,
1.0499998732e+02,
1.0499998962e+02,
1.0499999163e+02,
1.0499999337e+02,
1.0499999486e+02,
1.0499999611e+02,
1.0499999714e+02,
1.0499999796e+02,
1.0499999861e+02,
1.0499999910e+02,
1.0499999946e+02,
1.0500000000e+02,
1.0500000000e+02,
1.0500000000e+02,
1.0500000000e+02,
1.0500000000e+02,
