0.0000000000e+00,
5.7957799982e-07,
1.8501271001e-05,
1.3992376000e-04,
5.8629134800e-04,
1.7761870350e-03,
4.3804655740e-03,
9.3688154110e-03,
1.8046231625e-02,
3.2078270083e-02,
5.3504346813e-02,
8.4738668850e-02,
1.2855853134e-01,
1.8807958346e-01,
2.6671718328e-01,
3.6813216323e-01,
4.9615842728e-01,
6.5470923508e-01,
8.4765942889e-01,
1.0787028828e+00,
1.3511884848e+00,
1.6679437451e+00,
2.0311014970e+00,
2.4419501126e+00,
2.9008288443e+00,
3.4070855886e+00,
3.9591043881e+00,
4.5543963669e+00,
5.1897344251e+00,
5.8613034371e+00,
6.5648373503e+00,
7.2957233410e+00,
8.0490686766e+00,
8.8197430312e+00,
9.6024210199e+00,
1.0391650437e+01,
1.1181958424e+01,
1.1967985242e+01,
1.2744616287e+01,
1.3507081268e+01,
1.4251006762e+01,
1.4972431230e+01,
1.5667803597e+01,
1.6333983322e+01,
1.6968249176e+01,
1.7568314696e+01,
1.8132344378e+01,
1.8658965065e+01,
1.9147269206e+01,
1.9596808882e+01,
2.0007581075e+01,
2.0380005325e+01,
2.0714895145e+01,
2.1013424445e+01,
2.1277089968e+01,
2.1507670553e+01,
2.1707183874e+01,
2.1877841224e+01,
2.2022000927e+01,
2.2142120964e+01,
2.2240711527e+01,
2.2320288273e+01,
2.2383327155e+01,
2.2432221787e+01,
2.2469244334e+01,
2.2496510942e+01,
2.2515952653e+01,
2.2529292680e+01,
2.2538030752e+01,
2.2543435052e+01,
2.2546542039e+01,
2.2548164181e+01,
2.2548905354e+01,
2.2549183395e+01,
2.2549259028e+01,
2.2549270192e+01,
2.2549271720e+01,
2.2549307809e+01,
2.2549552315e+01,
2.2550451140e+01,
2.2552847027e+01,
2.2558090114e+01,
2.2568130282e+01,
2.2585587184e+01,
2.2613794034e+01,
2.2656811531e+01,
2.2719408665e+01,
2.2807007790e+01,
2.2925592232e+01,
2.3081576023e+01,
2.3281637044e+01,
2.3532517075e+01,
2.3840794706e+01,
2.4212639829e+01,
2.4653561012e+01,
2.5168159214e+01,
2.5759902453e+01,
2.6430935691e+01,
2.7181938011e+01,
2.8012035105e+01,
2.8918770302e+01,
2.9898133407e+01,
3.0944645574e+01,
3.2051500272e+01,
3.3210761745e+01,
3.4413616783e+01,
3.5650660357e+01,
3.6912178656e+01,
3.8188391530e+01,
3.9469638422e+01,
4.0746523125e+01,
4.2010047682e+01,
4.3251754741e+01,
4.4463874135e+01,
4.5639452809e+01,
4.6772446085e+01,
4.7857758911e+01,
4.8891239338e+01,
4.9869636335e+01,
5.0790537510e+01,
5.1652300320e+01,
5.2453985576e+01,
5.3195296907e+01,
5.3876526148e+01,
5.4498502765e+01,
5.5062545144e+01,
5.5570412225e+01,
5.6024254735e+01,
5.6426565939e+01,
5.6780132088e+01,
5.7087982819e+01,
5.7353341609e+01,
5.7579576325e+01,
5.7770149830e+01,
5.7928570685e+01,
5.8058344107e+01,
5.8162923565e+01,
5.8245663623e+01,
5.8309774879e+01,
5.8358282050e+01,
5.8393986404e+01,
5.8419433789e+01,
5.8436889521e+01,
5.8448321231e+01,
5.8455390591e+01,
5.8459454528e+01,
5.8461576199e+01,
5.8462545592e+01,
5.8462909242e+01,
5.8463008164e+01,
5.8463022764e+01,
5.8463024150e+01,
5.8463052407e+01,
5.8463243854e+01,
5.8463947625e+01,
5.8465823576e+01,
5.8469928822e+01,
5.8477789992e+01,
5.8491457919e+01,
5.8513541641e+01,
5.8547218759e+01,
5.8596219505e+01,
5.8664782303e+01,
5.8757579329e+01,
5.8879611582e+01,
5.9036074353e+01,
5.9232195685e+01,
5.9473052447e+01,
5.9763370808e+01,
6.0107320005e+01,
6.0508310147e+01,
6.0968805936e+01,
6.1490168416e+01,
6.2072535716e+01,
6.2714751192e+01,
6.3414343534e+01,
6.4167559012e+01,
6.4969442479e+01,
6.5813962244e+01,
6.6694174702e+01,
6.7602426409e+01,
6.8530591251e+01,
6.9470336550e+01,
7.0413404462e+01,
7.1351886828e+01,
7.2278466884e+01,
7.3186602997e+01,
7.4070638150e+01,
7.4925832014e+01,
7.5748325800e+01,
7.6535060097e+01,
7.7283670008e+01,
7.7992379971e+01,
7.8659914185e+01,
7.9285430158e+01,
7.9868475013e+01,
8.0408958777e+01,
8.0907136710e+01,
8.1363593346e+01,
8.1779223438e+01,
8.2155207870e+01,
8.2492984958e+01,
8.2794218774e+01,
8.3060766324e+01,
8.3294644997e+01,
8.3498000984e+01,
8.3673078824e+01,
8.3822191826e+01,
8.3947693026e+01,
8.4051946361e+01,
8.4137297906e+01,
8.4206047273e+01,
8.4260419450e+01,
8.4302537607e+01,
8.4334397548e+01,
8.4357844621e+01,
8.4374553942e+01,
8.4386014807e+01,
8.4393520074e+01,
8.4398161158e+01,
8.4400829103e+01,
8.4402221948e+01,
8.4402858336e+01,
8.4403097065e+01,
8.4403162004e+01,
8.4403171589e+01,
8.4403172442e+01,
8.4403189234e+01,
8.4403302997e+01,
8.4403721199e+01,
8.4404835944e+01,
8.4407275398e+01,
8.4411946713e+01,
8.4420068503e+01,
8.4433191008e+01,
8.4453202167e+01,
8.4482318027e+01,
8.4523056149e+01,
8.4578191153e+01,
8.4650692121e+01,
8.4743642493e+01,
8.4860144119e+01,
8.5003208457e+01,
8.5175639226e+01,
8.5379912172e+01,
8.5618058620e+01,
8.5891560009e+01,
8.6201260302e+01,
8.6547301883e+01,
8.6929088263e+01,
8.7345274043e+01,
8.7793779946e+01,
8.8271829264e+01,
8.8776002560e+01,
8.9302309550e+01,
8.9846279626e+01,
9.0403073478e+01,
9.0967616704e+01,
9.1534752137e+01,
9.2099402422e+01,
9.2656730216e+01,
9.3202281846e+01,
9.3732101915e+01,
9.4242810688e+01,
9.4731641646e+01,
9.5196442001e+01,
9.5635642983e+01,
9.6048208783e+01,
9.6433573270e+01,
9.6791572389e+01,
9.7122378221e+01,
9.7426438518e+01,
9.7704423707e+01,
9.7957181876e+01,
9.8185701397e+01,
9.8391080285e+01,
9.8574501234e+01,
9.8737211233e+01,
9.8880504743e+01,
9.9005709548e+01,
9.9114174473e+01,
9.9207258327e+01,
9.9286319504e+01,
9.9352705817e+01,
9.9407744257e+01,
9.9452730496e+01,
9.9488918093e+01,
9.9517507506e+01,
9.9539635118e+01,
9.9556362619e+01,
9.9568667170e+01,
9.9577432818e+01,
9.9583443669e+01,
9.9587379287e+01,
9.9589812724e+01,
9.9591211506e+01,
9.9591941737e+01,
9.9592275373e+01,
9.9592400529e+01,
9.9592434574e+01,
9.9592439599e+01,
9.9592440043e+01,
9.9592448755e+01,
9.9592507777e+01,
9.9592724747e+01,
9.9593303088e+01,
9.9594568663e+01,
9.9596991971e+01,
9.9601204808e+01,
9.9608010346e+01,
9.9618385567e+01,
9.9633475100e+01,
9.9654575579e+01,
9.9683109941e+01,
9.9720591396e+01,
9.9768577383e+01,
9.9828614476e+01,
9.9902176029e+01,
9.9990595219e+01,
1.0009499695e+02,
1.0021623277e+02,
1.0035482334e+02,
1.0051091287e+02,
1.0068423963e+02,
1.0087412538e+02,
1.0107948561e+02,
1.0129886028e+02,
1.0153046350e+02,
1.0177224855e+02,
1.0202198322e+02,
1.0227732976e+02,
1.0253592331e+02,
1.0279544341e+02,
1.0305367468e+02,
1.0330855462e+02,
1.0355820836e+02,
1.0380097180e+02,
1.0403540491e+02,
1.0426029739e+02,
1.0447466804e+02,
1.0467775895e+02,
1.0486902528e+02,
1.0504812110e+02,
1.0521488205e+02,
1.0536930569e+02,
1.0551153043e+02,
1.0564181412e+02,
1.0576051313e+02,
1.0586806286e+02,
1.0596495995e+02,
1.0605174684e+02,
1.0612899854e+02,
1.0619731164e+02,
1.0625729535e+02,
1.0630956436e+02,
1.0635473303e+02,
1.0639341068e+02,
1.0642619764e+02,
1.0645368172e+02,
1.0647643486e+02,
1.0649500986e+02,
1.0650993697e+02,
1.0652172039e+02,
1.0653083472e+02,
1.0653772136e+02,
1.0654278523e+02,
1.0654639171e+02,
1.0654886431e+02,
1.0655048304e+02,
1.0655148384e+02,
1.0655205909e+02,
1.0655235939e+02,
1.0655249659e+02,
1.0655254806e+02,
1.0655256206e+02,
1.0655256413e+02,
1.0655256431e+02,
1.0655256798e+02,
1.0655259285e+02,
1.0655268424e+02,
1.0655292787e+02,
1.0655346097e+02,
1.0655448170e+02,
1.0655625602e+02,
1.0655912185e+02,
1.0656348976e+02,
1.0656983995e+02,
1.0657871495e+02,
1.0659070771e+02,
1.0660644507e+02,
1.0662656654e+02,
1.0665169897e+02,
1.0668242787e+02,
1.0671926670e+02,
1.0676262580e+02,
1.0681278309e+02,
1.0686985872e+02,
1.0693379601e+02,
1.0700435057e+02,
1.0708108924e+02,
1.0716339955e+02,
1.0725050941e+02,
1.0734151608e+02,
1.0743542223e+02,
1.0753117649e+02,
1.0762771537e+02,
1.0772400339e+02,
1.0781906885e+02,
1.0791203288e+02,
1.0800213071e+02,
1.0808872453e+02,
1.0817130843e+02,
1.0824950623e+02,
1.0832306374e+02,
1.0839183688e+02,
1.0845577730e+02,
1.0851491678e+02,
1.0856935180e+02,
1.0861922884e+02,
1.0866473127e+02,
1.0870606801e+02,
1.0874346409e+02,
1.0877715311e+02,
1.0880737150e+02,
1.0883435419e+02,
1.0885833166e+02,
1.0887952802e+02,
1.0889815980e+02,
1.0891443545e+02,
1.0892855513e+02,
1.0894071087e+02,
1.0895108668e+02,
1.0895985882e+02,
1.0896719592e+02,
1.0897325902e+02,
1.0897820144e+02,
1.0898216853e+02,
1.0898529720e+02,
1.0898771543e+02,
1.0898954159e+02,
1.0899088384e+02,
1.0899183951e+02,
1.0899249458e+02,
1.0899292337e+02,
1.0899318845e+02,
1.0899334081e+02,
1.0899342034e+02,
1.0899345668e+02,
1.0899347031e+02,
1.0899347402e+02,
1.0899347457e+02,
1.0899347462e+02,
1.0899347563e+02,
1.0899348249e+02,
1.0899350771e+02,
1.0899357494e+02,
1.0899372204e+02,
1.0899400369e+02,
1.0899449320e+02,
1.0899528369e+02,
1.0899648812e+02,
1.0899823833e+02,
1.0900068281e+02,
1.0900398305e+02,
1.0900830861e+02,
1.0901383073e+02,
1.0902071494e+02,
1.0902911262e+02,
1.0903915236e+02,
1.0905093142e+02,
1.0906450813e+02,
1.0907989600e+02,
1.0909705996e+02,
1.0911591546e+02,
1.0913633060e+02,
1.0915813105e+02,
1.0918110766e+02,
1.0920502578e+02,
1.0922963573e+02,
1.0925468325e+02,
1.0927991927e+02,
1.0930510818e+02,
1.0933003422e+02,
1.0935450583e+02,
1.0937835796e+02,
1.0940145262e+02,
1.0942367810e+02,
1.0944494714e+02,
1.0946519457e+02,
1.0948437466e+02,
1.0950245851e+02,
1.0951943150e+02,
1.0953529112e+02,
1.0955004498e+02,
1.0956370914e+02,
1.0957630677e+02,
1.0958786689e+02,
1.0959842344e+02,
1.0960801444e+02,
1.0961668127e+02,
1.0962446807e+02,
1.0963142122e+02,
1.0963758889e+02,
1.0964302060e+02,
1.0964776688e+02,
1.0965187889e+02,
1.0965540811e+02,
1.0965840594e+02,
1.0966092339e+02,
1.0966301067e+02,
1.0966471686e+02,
1.0966608943e+02,
1.0966717386e+02,
1.0966801322e+02,
1.0966864775e+02,
1.0966911452e+02,
1.0966944705e+02,
1.0966967508e+02,
1.0966982438e+02,
1.0966991670e+02,
1.0966996976e+02,
1.0966999747e+02,
1.0967001012e+02,
1.0967001487e+02,
1.0967001616e+02,
1.0967001635e+02,
1.0967001637e+02,
1.0967001674e+02,
1.0967001926e+02,
1.0967002850e+02,
1.0967005314e+02,
1.0967010705e+02,
1.0967021028e+02,
1.0967038974e+02,
1.0967067961e+02,
1.0967112148e+02,
1.0967176400e+02,
1.0967266224e+02,
1.0967387650e+02,
1.0967547073e+02,
1.0967751052e+02,
1.0968006060e+02,
1.0968318216e+02,
1.0968692989e+02,
1.0969134901e+02,
1.0969647252e+02,
1.0970231872e+02,
1.0970888936e+02,
1.0971616845e+02,
1.0972412198e+02,
1.0973269839e+02,
1.0974183006e+02,
1.0975143542e+02,
1.0976142180e+02,
1.0977168867e+02,
1.0978213109e+02,
1.0979264331e+02,
1.0980312205e+02,
1.0981346954e+02,
1.0982359608e+02,
1.0983342205e+02,
1.0984287923e+02,
1.0985191168e+02,
1.0986047581e+02,
1.0986854018e+02,
1.0987608470e+02,
1.0988309960e+02,
1.0988958417e+02,
1.0989554539e+02,
1.0990099655e+02,
1.0990595588e+02,
1.0991044533e+02,
1.0991448947e+02,
1.0991811454e+02,
1.0992134768e+02,
1.0992421628e+02,
1.0992674755e+02,
1.0992896815e+02,
1.0993090394e+02,
1.0993257986e+02,
1.0993401980e+02,
1.0993524659e+02,
1.0993628199e+02,
1.0993714668e+02,
1.0993786026e+02,
1.0993844128e+02,
1.0993890719e+02,
1.0993927434e+02,
1.0993955794e+02,
1.0993977200e+02,
1.0993992928e+02,
1.0994004123e+02,
1.0994011795e+02,
1.0994016817e+02,
1.0994019921e+02,
1.0994021705e+02,
1.0994022636e+02,
1.0994023061e+02,
1.0994023221e+02,
1.0994023264e+02,
1.0994023271e+02,
1.0994023272e+02,
1.0994023285e+02,
1.0994023374e+02,
1.0994023703e+02,
1.0994024579e+02,
1.0994026497e+02,
1.0994030169e+02,
1.0994036549e+02,
1.0994046848e+02,
1.0994062534e+02,
1.0994085312e+02,
1.0994117094e+02,
1.0994159943e+02,
1.0994216000e+02,
1.0994287391e+02,
1.0994376113e+02,
1.0994483910e+02,
1.0994612146e+02,
1.0994761677e+02,
1.0994932742e+02,
1.0995124878e+02,
1.0995336875e+02,
1.0995566775e+02,
1.0995811925e+02,
1.0996069075e+02,
1.0996334529e+02,
1.0996604316e+02,
1.0996874390e+02,
1.0997140827e+02,
1.0997399999e+02,
1.0997648729e+02,
1.0997884393e+02,
1.0998104986e+02,
1.0998309133e+02,
1.0998496069e+02,
1.0998665581e+02,
1.0998817923e+02,
1.0998953734e+02,
1.0999073933e+02,
1.0999179635e+02,
1.0999272070e+02,
1.0999352510e+02,
1.0999422222e+02,
1.0999482423e+02,
1.0999534256e+02,
1.0999578769e+02,
1.0999616911e+02,
1.0999649529e+02,
1.0999677368e+02,
1.0999701083e+02,
1.0999721240e+02,
1.0999738330e+02,
1.0999752777e+02,
1.0999764946e+02,
1.0999775151e+02,
1.0999783662e+02,
1.0999790715e+02,
1.0999796513e+02,
1.0999801235e+02,
1.0999805038e+02,
1.0999808060e+02,
1.0999810425e+02,
1.0999812241e+02,
1.0999813606e+02,
1.0999814606e+02,
1.0999815316e+02,
1.0999815802e+02,
1.0999816119e+02,
1.0999816315e+02,
1.0999816428e+02,
1.0999816487e+02,
1.0999816514e+02,
1.0999816524e+02,
1.0999816527e+02,
1.0999816527e+02,
1.0999816527e+02,
1.0999816528e+02,
1.0999816534e+02,
1.0999816556e+02,
1.0999816615e+02,
1.0999816743e+02,
1.0999816990e+02,
1.0999817417e+02,
1.0999818105e+02,
1.0999819151e+02,
1.0999820664e+02,
1.0999822763e+02,
1.0999825573e+02,
1.0999829212e+02,
1.0999833786e+02,
1.0999839377e+02,
1.0999846030e+02,
1.0999853748e+02,
1.0999862476e+02,
1.0999872106e+02,
1.0999882472e+02,
1.0999893362e+02,
1.0999904525e+02,
1.0999915697e+02,
1.0999926611e+02,
1.0999937023e+02,
1.0999946728e+02,
1.0999955568e+02,
1.0999963445e+02,
1.0999970315e+02,
1.0999976186e+02,
1.0999981108e+02,
1.0999985161e+02,
1.0999988444e+02,
1.0999991064e+02,
1.0999993128e+02,
1.0999994734e+02,
1.0999995972e+02,
1.0999996920e+02,
1.0999997641e+02,
1.0999998189e+02,
1.0999998603e+02,
1.0999998917e+02,
1.0999999156e+02,
1.0999999342e+02,
1.0999999489e+02,
1.0999999611e+02,
1.0999999716e+02,
1.0999999807e+02,
1.0999999885e+02,
1.0999999950e+02,
1.1000000000e+02,
1.0999999957e+02,
1.0999999962e+02,
1.1000000000e+02,
1.1000000000e+02,
1.1000000000e+02,
1.1000000000e+02,
1.1000000000e+02,
1.1000000000e+02,
1.1000000000e+02,
1.1000000000e+02,
1.1000000000e+02,
1.1000000000e+02,
1.1000000000e+02,
1.1000000000e+02,
1.1000000000e+02,
1.1000000000e+02,
1.1000000000e+02,
1.1000000000e+02,
1.1000000000e+02,
1.1000000000e+02,
1.1000000000e+02,
1.1000000000e+02,
1.1000000000e+02,
