0.0000000000e+00,
2.7964769345e-07,
8.9269081940e-06,
6.7513526801e-05,
2.8288646971e-04,
8.5700959940e-04,
2.1135550065e-03,
4.5203380679e-03,
8.7068418909e-03,
1.5476256783e-02,
2.5811653920e-02,
4.0876097116e-02,
6.2006643311e-02,
9.0702258647e-02,
1.2860565529e-01,
1.7747892443e-01,
2.3917262664e-01,
3.1558777295e-01,
4.0863000991e-01,
5.2015546902e-01,
6.5190830945e-01,
8.0545106316e-01,
9.8209043963e-01,
1.1828030337e+00,
1.4081670005e+00,
1.6583067020e+00,
1.9328571349e+00,
2.2309533592e+00,
2.5512472944e+00,
2.8919506197e+00,
3.2508989112e+00,
3.6256294186e+00,
4.0134636868e+00,
4.4115867990e+00,
4.8171171303e+00,
5.2271635152e+00,
5.6388698344e+00,
6.0494494572e+00,
6.4562132393e+00,
6.8565947466e+00,
7.2481752841e+00,
7.6287096466e+00,
7.9961518748e+00,
8.3486791866e+00,
8.6847119444e+00,
9.0029279561e+00,
9.3022702964e+00,
9.5819487807e+00,
9.8414359082e+00,
1.0080458382e+01,
1.0298985265e+01,
1.0497213589e+01,
1.0675551937e+01,
1.0834602292e+01,
1.0975140301e+01,
1.1098094057e+01,
1.1204521516e+01,
1.1295586721e+01,
1.1372535085e+01,
1.1436668069e+01,
1.1489317641e+01,
1.1531820997e+01,
1.1565496070e+01,
1.1591618357e+01,
1.1611399666e+01,
1.1625969312e+01,
1.1636358309e+01,
1.1643487018e+01,
1.1648156621e+01,
1.1651044707e+01,
1.1652705112e+01,
1.1653572006e+01,
1.1653968099e+01,
1.1654116688e+01,
1.1654157108e+01,
1.1654163074e+01,
1.1654163890e+01,
1.1654183177e+01,
1.1654313845e+01,
1.1654794191e+01,
1.1656074595e+01,
1.1658876616e+01,
1.1664242390e+01,
1.1673572166e+01,
1.1688647946e+01,
1.1711641361e+01,
1.1745104162e+01,
1.1791940052e+01,
1.1855357070e+01,
1.1938800480e+01,
1.2045866984e+01,
1.2180202240e+01,
1.2345384886e+01,
1.2544801516e+01,
1.2781518129e+01,
1.3058154162e+01,
1.3376765267e+01,
1.3738740402e+01,
1.4144717803e+01,
1.4594523508e+01,
1.5087135705e+01,
1.5620678362e+01,
1.6192447762e+01,
1.6798974690e+01,
1.7436122139e+01,
1.8099213712e+01,
1.8783182527e+01,
1.9482726524e+01,
2.0192455416e+01,
2.0907017674e+01,
2.1621202125e+01,
2.2330015590e+01,
2.3028743113e+01,
2.3712998789e+01,
2.4378772768e+01,
2.5022475303e+01,
2.5640974143e+01,
2.6231619762e+01,
2.6792254318e+01,
2.7321203933e+01,
2.7817257433e+01,
2.8279636606e+01,
2.8707962778e+01,
2.9102223058e+01,
2.9462737825e+01,
2.9790129754e+01,
3.0085294039e+01,
3.0349369263e+01,
3.0583708494e+01,
3.0789850294e+01,
3.0969489501e+01,
3.1124447691e+01,
3.1256643331e+01,
3.1368061661e+01,
3.1460724427e+01,
3.1536659678e+01,
3.1597871938e+01,
3.1646313202e+01,
3.1683855289e+01,
3.1712264223e+01,
3.1733177338e+01,
3.1748083847e+01,
3.1758309608e+01,
3.1765006687e+01,
3.1769148256e+01,
3.1771529141e+01,
3.1772772146e+01,
3.1773340078e+01,
3.1773553128e+01,
3.1773611083e+01,
3.1773619637e+01,
3.1773620449e+01,
3.1773637003e+01,
3.1773749165e+01,
3.1774161481e+01,
3.1775260541e+01,
3.1777665693e+01,
3.1782271413e+01,
3.1790279437e+01,
3.1803218882e+01,
3.1822952673e+01,
3.1851668813e+01,
3.1891855285e+01,
3.1946257774e+01,
3.2017819986e+01,
3.2109607063e+01,
3.2224713552e+01,
3.2366158430e+01,
3.2536770842e+01,
3.2739071336e+01,
3.2975154338e+01,
3.3246578295e+01,
3.3554270300e+01,
3.3898451817e+01,
3.4278591592e+01,
3.4693390635e+01,
3.5140802426e+01,
3.5618089109e+01,
3.6121911365e+01,
3.6648446201e+01,
3.7193523421e+01,
3.7752768883e+01,
3.8321741657e+01,
3.8896053392e+01,
3.9471461852e+01,
4.0043935849e+01,
4.0609694510e+01,
4.1165228435e+01,
4.1707312380e+01,
4.2233018144e+01,
4.2739732608e+01,
4.3225180785e+01,
4.3687449259e+01,
4.4125003193e+01,
4.4536691132e+01,
4.4921735137e+01,
4.5279707824e+01,
4.5610500679e+01,
4.5914288798e+01,
4.6191496215e+01,
4.6442764242e+01,
4.6668923509e+01,
4.6870969301e+01,
4.7050039290e+01,
4.7207392688e+01,
4.7344390035e+01,
4.7462473081e+01,
4.7563144443e+01,
4.7647946912e+01,
4.7718442416e+01,
4.7776190794e+01,
4.7822728608e+01,
4.7859548354e+01,
4.7888078501e+01,
4.7909664873e+01,
4.7925553926e+01,
4.7936878513e+01,
4.7944646688e+01,
4.7949734057e+01,
4.7952880088e+01,
4.7954688637e+01,
4.7955632831e+01,
4.7956064235e+01,
4.7956226068e+01,
4.7956270090e+01,
4.7956276588e+01,
4.7956277166e+01,
4.7956288549e+01,
4.7956365669e+01,
4.7956649167e+01,
4.7957404854e+01,
4.7959058580e+01,
4.7962225374e+01,
4.7967731544e+01,
4.7976628536e+01,
4.7990197393e+01,
4.8009942826e+01,
4.8037576064e+01,
4.8074985960e+01,
4.8124198197e+01,
4.8187322967e+01,
4.8266492122e+01,
4.8363787514e+01,
4.8481162974e+01,
4.8620363086e+01,
4.8782842424e+01,
4.8969689242e+01,
4.9181557589e+01,
4.9418611578e+01,
4.9680485018e+01,
4.9966259105e+01,
5.0274460250e+01,
5.0603079653e+01,
5.0949615569e+01,
5.1311138315e+01,
5.1684376645e+01,
5.2065822192e+01,
5.2451846491e+01,
5.2838823110e+01,
5.3223246202e+01,
5.3601836811e+01,
5.3971629608e+01,
5.4330035187e+01,
5.4674876086e+01,
5.5004397710e+01,
5.5317257733e+01,
5.5612499062e+01,
5.5889511923e+01,
5.6147990333e+01,
5.6387887252e+01,
5.6609371601e+01,
5.6812789127e+01,
5.6998628106e+01,
5.7167490146e+01,
5.7320065833e+01,
5.7457114710e+01,
5.7579448931e+01,
5.7687919934e+01,
5.7783407476e+01,
5.7866810466e+01,
5.7939039067e+01,
5.8001007619e+01,
5.8053628021e+01,
5.8097803262e+01,
5.8134420898e+01,
5.8164346345e+01,
5.8188415957e+01,
5.8207429945e+01,
5.8222145275e+01,
5.8233268776e+01,
5.8241450739e+01,
5.8247279311e+01,
5.8251276038e+01,
5.8253892865e+01,
5.8255510864e+01,
5.8256440912e+01,
5.8256926441e+01,
5.8257148273e+01,
5.8257231489e+01,
5.8257254125e+01,
5.8257257466e+01,
5.8257257762e+01,
5.8257263554e+01,
5.8257302798e+01,
5.8257447060e+01,
5.8257831595e+01,
5.8258673066e+01,
5.8260284295e+01,
5.8263085333e+01,
5.8267610136e+01,
5.8274508140e+01,
5.8284540088e+01,
5.8298567522e+01,
5.8317535523e+01,
5.8342448549e+01,
5.8374339539e+01,
5.8414232962e+01,
5.8463103009e+01,
5.8521828711e+01,
5.8591148338e+01,
5.8671615873e+01,
5.8763562597e+01,
5.8867066788e+01,
5.8981934205e+01,
5.9107691355e+01,
5.9243592629e+01,
5.9388641282e+01,
5.9541623153e+01,
5.9701150876e+01,
5.9865715520e+01,
6.0033741934e+01,
6.0203643814e+01,
6.0373874683e+01,
6.0542971586e+01,
6.0709589324e+01,
6.0872524331e+01,
6.1030728551e+01,
6.1183314636e+01,
6.1329554327e+01,
6.1468871966e+01,
6.1600834809e+01,
6.1725141417e+01,
6.1841609024e+01,
6.1950160458e+01,
6.2050811025e+01,
6.2143655704e+01,
6.2228856907e+01,
6.2306633059e+01,
6.2377248199e+01,
6.2441002717e+01,
6.2498225295e+01,
6.2549266025e+01,
6.2594490621e+01,
6.2634275601e+01,
6.2669004253e+01,
6.2699063224e+01,
6.2724839536e+01,
6.2746717873e+01,
6.2765077991e+01,
6.2780292142e+01,
6.2792722447e+01,
6.2802718183e+01,
6.2810612999e+01,
6.2816722111e+01,
6.2821339569e+01,
6.2824735696e+01,
6.2827154848e+01,
6.2828813623e+01,
6.2829899663e+01,
6.2830571156e+01,
6.2830957135e+01,
6.2831158633e+01,
6.2831250695e+01,
6.2831285230e+01,
6.2831294624e+01,
6.2831296011e+01,
6.2831296135e+01,
6.2831298598e+01,
6.2831315281e+01,
6.2831376610e+01,
6.2831540084e+01,
6.2831897807e+01,
6.2832582755e+01,
6.2833773466e+01,
6.2835696848e+01,
6.2838628789e+01,
6.2842892293e+01,
6.2848852863e+01,
6.2856910959e+01,
6.2867491439e+01,
6.2881030081e+01,
6.2897957466e+01,
6.2918680762e+01,
6.2943564228e+01,
6.2972909484e+01,
6.3006936842e+01,
6.3045769050e+01,
6.3089418848e+01,
6.3137781512e+01,
6.3190633272e+01,
6.3247635994e+01,
6.3308347988e+01,
6.3372240214e+01,
6.3438716630e+01,
6.3507137076e+01,
6.3576840879e+01,
6.3647169422e+01,
6.3717486193e+01,
6.3787193240e+01,
6.3855743502e+01,
6.3922648993e+01,
6.3987485234e+01,
6.4049892632e+01,
6.4109575576e+01,
6.4166300017e+01,
6.4219890121e+01,
6.4270224386e+01,
6.4317231455e+01,
6.4360885671e+01,
6.4401202400e+01,
6.4438233109e+01,
6.4472060271e+01,
6.4502792172e+01,
6.4530557808e+01,
6.4555502025e+01,
6.4577781082e+01,
6.4597558755e+01,
6.4615003051e+01,
6.4630283546e+01,
6.4643569300e+01,
6.4655027267e+01,
6.4664821112e+01,
6.4673110304e+01,
6.4680049399e+01,
6.4685787422e+01,
6.4690467265e+01,
6.4694225073e+01,
6.4697189589e+01,
6.4699481453e+01,
6.4701212481e+01,
6.4702484966e+01,
6.4703391038e+01,
6.4704012147e+01,
6.4704418727e+01,
6.4704670084e+01,
6.4704814555e+01,
6.4704889973e+01,
6.4704924429e+01,
6.4704937355e+01,
6.4704940871e+01,
6.4704941390e+01,
6.4704941438e+01,
6.4704942398e+01,
6.4704948904e+01,
6.4704972821e+01,
6.4705036570e+01,
6.4705176065e+01,
6.4705443139e+01,
6.4705907349e+01,
6.4706657008e+01,
6.4707799311e+01,
6.4709459421e+01,
6.4711778383e+01,
6.4714909758e+01,
6.4719014956e+01,
6.4724257269e+01,
6.4730794758e+01,
6.4738772242e+01,
6.4748312806e+01,
6.4759509356e+01,
6.4772416887e+01,
6.4787046205e+01,
6.4803359839e+01,
6.4821270786e+01,
6.4840644551e+01,
6.4861304596e+01,
6.4883040945e+01,
6.4905621215e+01,
6.4928802969e+01,
6.4952346000e+01,
6.4976023174e+01,
6.4999628686e+01,
6.5022983090e+01,
6.5045935063e+01,
6.5068360395e+01,
6.5090159077e+01,
6.5111251424e+01,
6.5131574096e+01,
6.5151076583e+01,
6.5169718477e+01,
6.5187467548e+01,
6.5204298563e+01,
6.5220192628e+01,
6.5235136895e+01,
6.5249124439e+01,
6.5262154220e+01,
6.5274231032e+01,
6.5285365412e+01,
6.5295573480e+01,
6.5304876730e+01,
6.5313301750e+01,
6.5320879895e+01,
6.5327646910e+01,
6.5333642510e+01,
6.5338909912e+01,
6.5343495327e+01,
6.5347447410e+01,
6.5350816670e+01,
6.5353654844e+01,
6.5356014244e+01,
6.5357947070e+01,
6.5359504732e+01,
6.5360737161e+01,
6.5361692147e+01,
6.5362414723e+01,
6.5362946599e+01,
6.5363325687e+01,
6.5363585728e+01,
6.5363756030e+01,
6.5363861345e+01,
6.5363921887e+01,
6.5363953495e+01,
6.5363967937e+01,
6.5363973354e+01,
6.5363974828e+01,
6.5363975045e+01,
6.5363975066e+01,
6.5363975489e+01,
6.5363978358e+01,
6.5363988905e+01,
6.5364017018e+01,
6.5364078539e+01,
6.5364196347e+01,
6.5364401176e+01,
6.5364732128e+01,
6.5365236830e+01,
6.5365971198e+01,
6.5366998778e+01,
6.5368389644e+01,
6.5370218846e+01,
6.5372564425e+01,
6.5375505045e+01,
6.5379117314e+01,
6.5383472906e+01,
6.5388635615e+01,
6.5394658515e+01,
6.5401581378e+01,
6.5409428535e+01,
6.5418207309e+01,
6.5427907116e+01,
6.5438499305e+01,
6.5449937705e+01,
6.5462159827e+01,
6.5475088613e+01,
6.5488634587e+01,
6.5502698260e+01,
6.5517172662e+01,
6.5531945874e+01,
6.5546903485e+01,
6.5561930935e+01,
6.5576915693e+01,
6.5591749288e+01,
6.5606329144e+01,
6.5620560218e+01,
6.5634356406e+01,
6.5647641669e+01,
6.5660350859e+01,
6.5672430203e+01,
6.5683837458e+01,
6.5694541739e+01,
6.5704523059e+01,
6.5713771629e+01,
6.5722286983e+01,
6.5730076984e+01,
6.5737156783e+01,
6.5743547766e+01,
6.5749276547e+01,
6.5754374016e+01,
6.5758874480e+01,
6.5762814884e+01,
6.5766234116e+01,
6.5769172386e+01,
6.5771670673e+01,
6.5773770213e+01,
6.5775512022e+01,
6.5776936448e+01,
6.5778082740e+01,
6.5778988630e+01,
6.5779689935e+01,
6.5780220184e+01,
6.5780610279e+01,
6.5780888205e+01,
6.5781078799e+01,
6.5781203595e+01,
6.5781280761e+01,
6.5781325117e+01,
6.5781348274e+01,
6.5781358854e+01,
6.5781362823e+01,
6.5781363903e+01,
6.5781364062e+01,
6.5781364078e+01,
6.5781364406e+01,
6.5781366631e+01,
6.5781374809e+01,
6.5781396607e+01,
6.5781444307e+01,
6.5781535641e+01,
6.5781694413e+01,
6.5781950876e+01,
6.5782341809e+01,
6.5782910261e+01,
6.5783704931e+01,
6.5784779137e+01,
6.5786189391e+01,
6.5787993548e+01,
6.5790248592e+01,
6.5793008100e+01,
6.5796319484e+01,
6.5800221152e+01,
6.5804739742e+01,
6.5809887613e+01,
6.5815660815e+01,
6.5822037703e+01,
6.5828978397e+01,
6.5836425191e+01,
6.5844303980e+01,
6.5852526678e+01,
6.5860994519e+01,
6.5869602019e+01,
6.5878241349e+01,
6.5886806766e+01,
6.5895198792e+01,
6.5903327826e+01,
6.5911116948e+01,
6.5918503777e+01,
6.5925441340e+01,
6.5931897992e+01,
6.5937856544e+01,
6.5943312764e+01,
6.5948273477e+01,
6.5952754455e+01,
6.5956778287e+01,
6.5960372368e+01,
6.5963567097e+01,
6.5966394357e+01,
6.5968886279e+01,
6.5971074306e+01,
6.5972988509e+01,
6.5974657149e+01,
6.5976106409e+01,
6.5977360293e+01,
6.5978440625e+01,
6.5979367137e+01,
6.5980157600e+01,
6.5980827991e+01,
6.5981392676e+01,
6.5981864580e+01,
6.5982255364e+01,
6.5982575567e+01,
6.5982834746e+01,
6.5983041574e+01,
6.5983203930e+01,
6.5983328958e+01,
6.5983423106e+01,
6.5983492160e+01,
6.5983541248e+01,
6.5983574860e+01,
6.5983596845e+01,
6.5983610430e+01,
6.5983618236e+01,
6.5983622310e+01,
6.5983624171e+01,
6.5983624870e+01,
6.5983625059e+01,
6.5983625087e+01,
6.5983625090e+01,
6.5983625152e+01,
6.5983625568e+01,
6.5983627096e+01,
6.5983631170e+01,
6.5983640083e+01,
6.5983657141e+01,
6.5983686766e+01,
6.5983734547e+01,
6.5983807208e+01,
6.5983912494e+01,
6.5984058944e+01,
6.5984255552e+01,
6.5984511306e+01,
6.5984834612e+01,
6.5985232626e+01,
6.5985710547e+01,
6.5986270920e+01,
6.5986913036e+01,
6.5987632504e+01,
6.5988421094e+01,
6.5989266883e+01,
6.5990154752e+01,
6.5991067203e+01,
6.5991985428e+01,
6.5992890524e+01,
6.5993764707e+01,
6.5994592408e+01,
6.5995361097e+01,
6.5996061796e+01,
6.5996689223e+01,
6.5997241610e+01,
6.5997720259e+01,
6.5998128931e+01,
6.5998473163e+01,
6.5998759600e+01,
6.5998995394e+01,
6.5999187712e+01,
6.5999343365e+01,
6.5999468560e+01,
6.5999568769e+01,
6.5999648700e+01,
6.5999712326e+01,
6.5999762956e+01,
6.5999803303e+01,
6.5999835561e+01,
6.5999861479e+01,
6.5999882436e+01,
6.5999899521e+01,
6.5999913596e+01,
6.5999925345e+01,
6.5999935300e+01,
6.5999943868e+01,
6.5999951345e+01,
6.5999957942e+01,
6.5999963807e+01,
6.5999969043e+01,
6.5999973726e+01,
6.5999977909e+01,
6.5999981634e+01,
6.5999984931e+01,
6.5999987826e+01,
6.5999990339e+01,
6.5999992492e+01,
6.5999994306e+01,
6.5999995805e+01,
6.5999997015e+01,
6.5999997965e+01,
6.5999998685e+01,
6.5999999208e+01,
6.5999999566e+01,
6.6000000000e+01,
6.6000000000e+01,
6.6000000000e+01,
6.6000000000e+01,
