0.0000000000e+00,
2.9227109621e-07,
9.3298748993e-06,
7.0561134393e-05,
2.9565618181e-04,
8.9569583130e-04,
2.2089637681e-03,
4.7243958490e-03,
9.0998992018e-03,
1.6174942328e-02,
2.6977019677e-02,
4.2721786194e-02,
6.4806807721e-02,
9.4798947166e-02,
1.3441537458e-01,
1.8549804206e-01,
2.4998122865e-01,
3.2985151494e-01,
4.2709942660e-01,
5.4366216384e-01,
6.8135747643e-01,
8.4180994386e-01,
1.0263726173e+00,
1.2360489123e+00,
1.4714213526e+00,
1.7325946958e+00,
2.0191606269e+00,
2.3301893467e+00,
2.6642501711e+00,
3.0194592966e+00,
3.3935490547e+00,
3.7839502163e+00,
4.1878778799e+00,
4.6024124011e+00,
5.0245693432e+00,
5.4513558279e+00,
5.8798139906e+00,
6.3070547084e+00,
6.7302858512e+00,
7.1468389470e+00,
7.5541966766e+00,
7.9500216301e+00,
8.3321849605e+00,
8.6987925234e+00,
9.0482060166e+00,
9.3790573994e+00,
9.6902560286e+00,
9.9809890244e+00,
1.0250716038e+01,
1.0499159752e+01,
1.0726293266e+01,
1.0932325125e+01,
1.1117682451e+01,
1.1282992362e+01,
1.1429061743e+01,
1.1556855457e+01,
1.1667473065e+01,
1.1762124258e+01,
1.1842103262e+01,
1.1908762568e+01,
1.1963486410e+01,
1.2007664508e+01,
1.2042666601e+01,
1.2069818364e+01,
1.2090379301e+01,
1.2105523199e+01,
1.2116321686e+01,
1.2123731385e+01,
1.2128585050e+01,
1.2131586979e+01,
1.2133312834e+01,
1.2134213899e+01,
1.2134625605e+01,
1.2134780051e+01,
1.2134822065e+01,
1.2134828266e+01,
1.2134829114e+01,
1.2134849161e+01,
1.2134984980e+01,
1.2135484260e+01,
1.2136815136e+01,
1.2139727609e+01,
1.2145304896e+01,
1.2155002452e+01,
1.2170672539e+01,
1.2194572436e+01,
1.2229354569e+01,
1.2278037268e+01,
1.2343955329e+01,
1.2430690314e+01,
1.2541981471e+01,
1.2681619281e+01,
1.2853324937e+01,
1.3060620310e+01,
1.3306694008e+01,
1.3594269771e+01,
1.3925483505e+01,
1.4301774792e+01,
1.4723797915e+01,
1.5191356818e+01,
1.5703368168e+01,
1.6257856764e+01,
1.6851987227e+01,
1.7482134118e+01,
1.8143988899e+01,
1.8832696864e+01,
1.9543011883e+01,
2.0269453759e+01,
2.1006453653e+01,
2.1748477640e+01,
2.2490125519e+01,
2.3226208861e+01,
2.3951816182e+01,
2.4662372697e+01,
2.5353697759e+01,
2.6022057380e+01,
2.6664205463e+01,
2.7277407476e+01,
2.7859444034e+01,
2.8408596681e+01,
2.8923621455e+01,
2.9403716377e+01,
2.9848487519e+01,
3.0257916040e+01,
3.0632326794e+01,
3.0972358125e+01,
3.1278932212e+01,
3.1553225450e+01,
3.1796638570e+01,
3.2010766394e+01,
3.2197367203e+01,
3.2358331775e+01,
3.2495652116e+01,
3.2611389969e+01,
3.2707645230e+01,
3.2786524473e+01,
3.2850109902e+01,
3.2900429187e+01,
3.2939426725e+01,
3.2968937017e+01,
3.2990660883e+01,
3.3006145277e+01,
3.3016767460e+01,
3.3023724164e+01,
3.3028026289e+01,
3.3030499472e+01,
3.3031790664e+01,
3.3032380613e+01,
3.3032601922e+01,
3.3032662124e+01,
3.3032671009e+01,
3.3032671853e+01,
3.3032689049e+01,
3.3032805559e+01,
3.3033233859e+01,
3.3034375526e+01,
3.3036873918e+01,
3.3041658185e+01,
3.3049976651e+01,
3.3063417708e+01,
3.3083916494e+01,
3.3113745819e+01,
3.3155490090e+01,
3.3212001380e+01,
3.3286337413e+01,
3.3381681990e+01,
3.3501249346e+01,
3.3648175067e+01,
3.3825397376e+01,
3.4035533795e+01,
3.4280759228e+01,
3.4562692283e+01,
3.4882297030e+01,
3.5239807277e+01,
3.5634679770e+01,
3.6065581319e+01,
3.6530412817e+01,
3.7026370230e+01,
3.7550039159e+01,
3.8097515836e+01,
3.8664544035e+01,
3.9246655239e+01,
3.9839299370e+01,
4.0437955813e+01,
4.1038219156e+01,
4.1635859937e+01,
4.2226866111e+01,
4.2807474282e+01,
4.3374199666e+01,
4.3923870344e+01,
4.4453665699e+01,
4.4961153554e+01,
4.5444317764e+01,
4.5901569268e+01,
4.6331738021e+01,
4.6734048446e+01,
4.7108084465e+01,
4.7453750857e+01,
4.7771236002e+01,
4.8060978594e+01,
4.8323638746e+01,
4.8560072669e+01,
4.8771309685e+01,
4.8958530470e+01,
4.9123045731e+01,
4.9266274834e+01,
4.9389724172e+01,
4.9494965188e+01,
4.9583612096e+01,
4.9657299382e+01,
4.9717659267e+01,
4.9766299356e+01,
4.9804780837e+01,
4.9834597605e+01,
4.9857156856e+01,
4.9873761675e+01,
4.9885596229e+01,
4.9893714131e+01,
4.9899030497e+01,
4.9902318124e+01,
4.9904208066e+01,
4.9905194753e+01,
4.9905645570e+01,
4.9905814686e+01,
4.9905860690e+01,
4.9905867480e+01,
4.9905868084e+01,
4.9905879979e+01,
4.9905960569e+01,
4.9906256825e+01,
4.9907046519e+01,
4.9908774662e+01,
4.9912083950e+01,
4.9917837848e+01,
4.9927135046e+01,
4.9941314069e+01,
4.9961946995e+01,
4.9990821400e+01,
5.0029909936e+01,
5.0081327375e+01,
5.0147275437e+01,
5.0229976403e+01,
5.0331597231e+01,
5.0454166668e+01,
5.0599488595e+01,
5.0769055444e+01,
5.0963965942e+01,
5.1184851609e+01,
5.1431816323e+01,
5.1704392992e+01,
5.2001520866e+01,
5.2321546406e+01,
5.2662249777e+01,
5.3020897857e+01,
5.3394323050e+01,
5.3779025080e+01,
5.4171290570e+01,
5.4567322910e+01,
5.4963373292e+01,
5.5355863240e+01,
5.5741489851e+01,
5.6117307107e+01,
5.6480779688e+01,
5.6829809004e+01,
5.7162734116e+01,
5.7478312289e+01,
5.7775684977e+01,
5.8054335064e+01,
5.8314040471e+01,
5.8554828094e+01,
5.8776930768e+01,
5.8980748786e+01,
5.9166816604e+01,
5.9335774721e+01,
5.9488346331e+01,
5.9625318166e+01,
5.9747524876e+01,
5.9855836291e+01,
5.9951146960e+01,
6.0034367421e+01,
6.0106416693e+01,
6.0168215578e+01,
6.0220680383e+01,
6.0264716789e+01,
6.0301213641e+01,
6.0331036528e+01,
6.0355021131e+01,
6.0373966374e+01,
6.0388627534e+01,
6.0399709529e+01,
6.0407860652e+01,
6.0413667096e+01,
6.0417648574e+01,
6.0420255382e+01,
6.0421867173e+01,
6.0422793648e+01,
6.0423277310e+01,
6.0423498289e+01,
6.0423581185e+01,
6.0423603734e+01,
6.0423607062e+01,
6.0423607357e+01,
6.0423613127e+01,
6.0423652220e+01,
6.0423795927e+01,
6.0424178982e+01,
6.0425017213e+01,
6.0426622229e+01,
6.0429412445e+01,
6.0433919698e+01,
6.0440790795e+01,
6.0450783278e+01,
6.0464754868e+01,
6.0483646130e+01,
6.0508456218e+01,
6.0540211873e+01,
6.0579930354e+01,
6.0628577515e+01,
6.0687022841e+01,
6.0755993840e+01,
6.0836032603e+01,
6.0927457631e+01,
6.1030333969e+01,
6.1144454341e+01,
6.1269333274e+01,
6.1404215274e+01,
6.1548096938e+01,
6.1699761709e+01,
6.1857824865e+01,
6.2020785426e+01,
6.2187081093e+01,
6.2355142212e+01,
6.2523441096e+01,
6.2690533829e+01,
6.2855092834e+01,
6.3015929669e+01,
6.3172008627e+01,
6.3322452404e+01,
6.3466541467e+01,
6.3603708697e+01,
6.3733530656e+01,
6.3855716548e+01,
6.3970095691e+01,
6.4076604130e+01,
6.4175270950e+01,
6.4266204752e+01,
6.4349580712e+01,
6.4425628568e+01,
6.4494621761e+01,
6.4556867906e+01,
6.4612700608e+01,
6.4662472603e+01,
6.4706550082e+01,
6.4745308064e+01,
6.4779126590e+01,
6.4808387565e+01,
6.4833472028e+01,
6.4854757694e+01,
6.4872616603e+01,
6.4887412779e+01,
6.4899499814e+01,
6.4909218357e+01,
6.4916893516e+01,
6.4922832218e+01,
6.4927320620e+01,
6.4930621688e+01,
6.4932973055e+01,
6.4934585317e+01,
6.4935640889e+01,
6.4936293537e+01,
6.4936668682e+01,
6.4936864523e+01,
6.4936954001e+01,
6.4936987566e+01,
6.4936996697e+01,
6.4936998044e+01,
6.4936998165e+01,
6.4937000559e+01,
6.4937016774e+01,
6.4937076381e+01,
6.4937235265e+01,
6.4937582943e+01,
6.4938248655e+01,
6.4939405915e+01,
6.4941275231e+01,
6.4944124685e+01,
6.4948268083e+01,
6.4954060431e+01,
6.4961890535e+01,
6.4972170663e+01,
6.4985323338e+01,
6.5001765572e+01,
6.5021891053e+01,
6.5046051116e+01,
6.5074535535e+01,
6.5107554402e+01,
6.5145222467e+01,
6.5187547265e+01,
6.5234422208e+01,
6.5285625450e+01,
6.5340824892e+01,
6.5399589093e+01,
6.5461403328e+01,
6.5525689513e+01,
6.5591828365e+01,
6.5659182045e+01,
6.5727115602e+01,
6.5795015846e+01,
6.5862306715e+01,
6.5928460729e+01,
6.5993006603e+01,
6.6055533455e+01,
6.6115692309e+01,
6.6173195591e+01,
6.6227815295e+01,
6.6279380276e+01,
6.6327772966e+01,
6.6372925630e+01,
6.6414816186e+01,
6.6453463575e+01,
6.6488922736e+01,
6.6521279275e+01,
6.6550643998e+01,
6.6577147550e+01,
6.6600935357e+01,
6.6622163078e+01,
6.6640992683e+01,
6.6657589232e+01,
6.6672118329e+01,
6.6684744191e+01,
6.6695628231e+01,
6.6704928048e+01,
6.6712796683e+01,
6.6719382052e+01,
6.6724826453e+01,
6.6729266088e+01,
6.6732830548e+01,
6.6735642243e+01,
6.6737815789e+01,
6.6739457355e+01,
6.6740664023e+01,
6.6741523202e+01,
6.6742112153e+01,
6.6742497677e+01,
6.6742736014e+01,
6.6742873001e+01,
6.6742944512e+01,
6.6742977183e+01,
6.6742989439e+01,
6.6742992773e+01,
6.6742993265e+01,
6.6742993310e+01,
6.6742994221e+01,
6.6743000390e+01,
6.6743023067e+01,
6.6743083514e+01,
6.6743215781e+01,
6.6743469016e+01,
6.6743909167e+01,
6.6744619958e+01,
6.6745703009e+01,
6.6747276946e+01,
6.6749475411e+01,
6.6752443854e+01,
6.6756335069e+01,
6.6761303520e+01,
6.6767498571e+01,
6.6775056896e+01,
6.6784094455e+01,
6.6794698577e+01,
6.6806920785e+01,
6.6820771074e+01,
6.6836214344e+01,
6.6853169562e+01,
6.6871512038e+01,
6.6891078848e+01,
6.6911677068e+01,
6.6933094034e+01,
6.6955108551e+01,
6.6977501754e+01,
6.7000066422e+01,
6.7022613845e+01,
6.7044977805e+01,
6.7067015793e+01,
6.7088607997e+01,
6.7109654846e+01,
6.7130073922e+01,
6.7149796901e+01,
6.7168766945e+01,
6.7186936749e+01,
6.7204267214e+01,
6.7220726655e+01,
6.7236290374e+01,
6.7250940448e+01,
6.7264665615e+01,
6.7277461165e+01,
6.7289328810e+01,
6.7300276488e+01,
6.7310318122e+01,
6.7319473322e+01,
6.7327767038e+01,
6.7335229178e+01,
6.7341894188e+01,
6.7347800591e+01,
6.7352990501e+01,
6.7357509095e+01,
6.7361404045e+01,
6.7364724923e+01,
6.7367522569e+01,
6.7369848430e+01,
6.7371753884e+01,
6.7373289553e+01,
6.7374504622e+01,
6.7375446182e+01,
6.7376158612e+01,
6.7376683028e+01,
6.7377056804e+01,
6.7377313202e+01,
6.7377481119e+01,
6.7377584960e+01,
6.7377644655e+01,
6.7377675820e+01,
6.7377690060e+01,
6.7377695402e+01,
6.7377696855e+01,
6.7377697069e+01,
6.7377697089e+01,
6.7377697507e+01,
6.7377700336e+01,
6.7377710735e+01,
6.7377738454e+01,
6.7377799115e+01,
6.7377915274e+01,
6.7378117238e+01,
6.7378443563e+01,
6.7378941213e+01,
6.7379665331e+01,
6.7380678589e+01,
6.7382050108e+01,
6.7383853931e+01,
6.7386167075e+01,
6.7389067199e+01,
6.7392629975e+01,
6.7396926245e+01,
6.7402019130e+01,
6.7407961213e+01,
6.7414792001e+01,
6.7422535786e+01,
6.7431200090e+01,
6.7440774750e+01,
6.7451231731e+01,
6.7462525638e+01,
6.7474594866e+01,
6.7487363305e+01,
6.7500742432e+01,
6.7514633679e+01,
6.7528930925e+01,
6.7543523014e+01,
6.7558296213e+01,
6.7573136565e+01,
6.7587932108e+01,
6.7602574937e+01,
6.7616963082e+01,
6.7631002185e+01,
6.7644606921e+01,
6.7657702139e+01,
6.7670223671e+01,
6.7682118802e+01,
6.7693346388e+01,
6.7703876640e+01,
6.7713690628e+01,
6.7722779538e+01,
6.7731143765e+01,
6.7738791895e+01,
6.7745739640e+01,
6.7752008780e+01,
6.7757626151e+01,
6.7762622700e+01,
6.7767032632e+01,
6.7770892646e+01,
6.7774241254e+01,
6.7777118183e+01,
6.7779563835e+01,
6.7781618795e+01,
6.7783323378e+01,
6.7784717199e+01,
6.7785838754e+01,
6.7786725026e+01,
6.7787411103e+01,
6.7787929813e+01,
6.7788311406e+01,
6.7788583268e+01,
6.7788769699e+01,
6.7788891769e+01,
6.7788967248e+01,
6.7789010635e+01,
6.7789033286e+01,
6.7789043634e+01,
6.7789047516e+01,
6.7789048572e+01,
6.7789048728e+01,
6.7789048744e+01,
6.7789049065e+01,
6.7789051241e+01,
6.7789059240e+01,
6.7789080562e+01,
6.7789127219e+01,
6.7789216554e+01,
6.7789371852e+01,
6.7789622698e+01,
6.7790005061e+01,
6.7790561031e+01,
6.7791338209e+01,
6.7792388697e+01,
6.7793767679e+01,
6.7795531609e+01,
6.7797736023e+01,
6.7800433040e+01,
6.7803668649e+01,
6.7807479919e+01,
6.7811892285e+01,
6.7816917098e+01,
6.7822549649e+01,
6.7828767852e+01,
6.7835531755e+01,
6.7842783999e+01,
6.7850451286e+01,
6.7858446814e+01,
6.7866673573e+01,
6.7875028279e+01,
6.7883405682e+01,
6.7891702910e+01,
6.7899823540e+01,
6.7907681079e+01,
6.7915201649e+01,
6.7922325722e+01,
6.7929008883e+01,
6.7935221681e+01,
6.7940948698e+01,
6.7946187037e+01,
6.7950944427e+01,
6.7955237139e+01,
6.7959087903e+01,
6.7962523949e+01,
6.7965575265e+01,
6.7968273130e+01,
6.7970648939e+01,
6.7972733306e+01,
6.7974555429e+01,
6.7976142672e+01,
6.7977520337e+01,
6.7978711564e+01,
6.7979737355e+01,
6.7980616663e+01,
6.7981366527e+01,
6.7982002244e+01,
6.7982537542e+01,
6.7982984759e+01,
6.7983355008e+01,
6.7983658323e+01,
6.7983903790e+01,
6.7984099649e+01,
6.7984253377e+01,
6.7984371749e+01,
6.7984460881e+01,
6.7984526251e+01,
6.7984572720e+01,
6.7984604536e+01,
6.7984625347e+01,
6.7984638206e+01,
6.7984645595e+01,
6.7984649452e+01,
6.7984651213e+01,
6.7984651874e+01,
6.7984652054e+01,
6.7984652081e+01,
6.7984652083e+01,
6.7984652141e+01,
6.7984652535e+01,
6.7984653982e+01,
6.7984657838e+01,
6.7984666275e+01,
6.7984682421e+01,
6.7984710462e+01,
6.7984755687e+01,
6.7984824459e+01,
6.7984924104e+01,
6.7985062696e+01,
6.7985248735e+01,
6.7985490705e+01,
6.7985796526e+01,
6.7986172924e+01,
6.7986624753e+01,
6.7987154335e+01,
6.7987760898e+01,
6.7988440172e+01,
6.7989184246e+01,
6.7989981723e+01,
6.7990818196e+01,
6.7991677042e+01,
6.7992540442e+01,
6.7993390535e+01,
6.7994210581e+01,
6.7994985980e+01,
6.7995705058e+01,
6.7996359522e+01,
6.7996944590e+01,
6.7997458797e+01,
6.7997903562e+01,
6.7998282597e+01,
6.7998601255e+01,
6.7998865893e+01,
6.7999083311e+01,
6.7999260284e+01,
6.7999403229e+01,
6.7999517968e+01,
6.7999609624e+01,
6.7999682587e+01,
6.7999740555e+01,
6.7999786593e+01,
6.7999823211e+01,
6.7999852432e+01,
6.7999875865e+01,
6.7999894777e+01,
6.7999910167e+01,
6.7999922825e+01,
6.7999933372e+01,
6.7999942295e+01,
6.7999949961e+01,
6.7999956643e+01,
6.7999962531e+01,
6.7999967762e+01,
6.7999972430e+01,
6.7999976603e+01,
6.7999980330e+01,
6.7999983647e+01,
6.7999986584e+01,
6.7999989162e+01,
6.7999991400e+01,
6.7999993317e+01,
6.7999994932e+01,
6.7999996266e+01,
6.7999997344e+01,
6.7999998189e+01,
6.7999998830e+01,
6.7999999295e+01,
6.8000000000e+01,
6.8000000000e+01,
6.8000000000e+01,
6.8000000000e+01,
6.8000000000e+01,
