0.0000000000e+00,
4.9952639358e-07,
1.5945872903e-05,
1.2059745880e-04,
5.0531248000e-04,
1.5308577324e-03,
3.7754222430e-03,
8.0747349144e-03,
1.5553468840e-02,
2.7646946871e-02,
4.6112505327e-02,
7.3030165907e-02,
1.1079243143e-01,
1.6208297488e-01,
2.2984367426e-01,
3.1722887049e-01,
4.2754503074e-01,
5.6417348862e-01,
7.3047405884e-01,
9.2966859017e-01,
1.1647062779e+00,
1.4381167468e+00,
1.7518618519e+00,
2.1072014990e+00,
2.5045908407e+00,
2.9436244800e+00,
3.4230372256e+00,
3.9407613912e+00,
4.4940299474e+00,
5.0795061962e+00,
5.6934169484e+00,
6.3316689108e+00,
6.9899365545e+00,
7.6637215186e+00,
8.3483947171e+00,
9.0392387008e+00,
9.7315065476e+00,
1.0420504317e+01,
1.1101690488e+01,
1.1770774789e+01,
1.2423797142e+01,
1.3057176078e+01,
1.3667728782e+01,
1.4252673637e+01,
1.4809626973e+01,
1.5336601116e+01,
1.5832005286e+01,
1.6294647363e+01,
1.6723733570e+01,
1.7118863686e+01,
1.7480020500e+01,
1.7807553247e+01,
1.8102155383e+01,
1.8364837394e+01,
1.8596895406e+01,
1.8799876368e+01,
1.8975540477e+01,
1.9125821500e+01,
1.9252785616e+01,
1.9358589412e+01,
1.9445437726e+01,
1.9515542076e+01,
1.9571080488e+01,
1.9614159590e+01,
1.9646779853e+01,
1.9670804888e+01,
1.9687935620e+01,
1.9699690120e+01,
1.9707389701e+01,
1.9712151745e+01,
1.9714889503e+01,
1.9716318875e+01,
1.9716971970e+01,
1.9717216970e+01,
1.9717283615e+01,
1.9717293452e+01,
1.9717294799e+01,
1.9717326599e+01,
1.9717542049e+01,
1.9718334063e+01,
1.9720445238e+01,
1.9725065286e+01,
1.9733912431e+01,
1.9749295194e+01,
1.9774151128e+01,
1.9812059363e+01,
1.9867224159e+01,
1.9944427214e+01,
2.0048947245e+01,
2.0186446499e+01,
2.0362825276e+01,
2.0584047381e+01,
2.0855941509e+01,
2.1183985842e+01,
2.1573085380e+01,
2.2027353523e+01,
2.2549910816e+01,
2.3142714161e+01,
2.3806428706e+01,
2.4540351620e+01,
2.5342391992e+01,
2.6209105061e+01,
2.7135773635e+01,
2.8116527422e+01,
2.9144493600e+01,
3.0211977702e+01,
3.1310677399e+01,
3.2431926258e+01,
3.3566949381e+01,
3.4707098338e+01,
3.5844034494e+01,
3.6969851576e+01,
3.8077154469e+01,
3.9159121832e+01,
4.0209570504e+01,
4.1223021920e+01,
4.2194758819e+01,
4.3120859320e+01,
4.3998201625e+01,
4.4824440531e+01,
4.5597962503e+01,
4.6317828137e+01,
4.6983710009e+01,
4.7595831538e+01,
4.8154909819e+01,
4.8662103272e+01,
4.9118963560e+01,
4.9527390646e+01,
4.9889589765e+01,
5.0208029248e+01,
5.0485398439e+01,
5.0724565219e+01,
5.0928532875e+01,
5.1100396272e+01,
5.1243297464e+01,
5.1360381069e+01,
5.1454749920e+01,
5.1529421691e+01,
5.1587287385e+01,
5.1631072711e+01,
5.1663303485e+01,
5.1686276200e+01,
5.1702034925e+01,
5.1712355490e+01,
5.1718737807e+01,
5.1722406817e+01,
5.1724322316e+01,
5.1725197511e+01,
5.1725525824e+01,
5.1725615133e+01,
5.1725628315e+01,
5.1725629567e+01,
5.1725655078e+01,
5.1725827921e+01,
5.1726463307e+01,
5.1728156974e+01,
5.1731863336e+01,
5.1738960743e+01,
5.1751300942e+01,
5.1771239942e+01,
5.1801647686e+01,
5.1845894193e+01,
5.1907810276e+01,
5.1991621547e+01,
5.2101855358e+01,
5.2243221496e+01,
5.2420468981e+01,
5.2638222994e+01,
5.2900807784e+01,
5.3212063141e+01,
5.3575163418e+01,
5.3992449083e+01,
5.4465281081e+01,
5.4993928011e+01,
5.5577495048e+01,
5.6213901746e+01,
5.6899912723e+01,
5.7631220599e+01,
5.8402574320e+01,
5.9207939710e+01,
6.0040675672e+01,
6.0893711615e+01,
6.1759719424e+01,
6.2631282224e+01,
6.3501066528e+01,
6.4362001112e+01,
6.5207457274e+01,
6.6031416454e+01,
6.6828607328e+01,
6.7594597016e+01,
6.8325828584e+01,
6.9019606181e+01,
6.9674037141e+01,
7.0287945042e+01,
7.0860768805e+01,
7.1392460953e+01,
7.1883394437e+01,
7.2334283312e+01,
7.2746118818e+01,
7.3120119840e+01,
7.3457695155e+01,
7.3760414393e+01,
7.4029984745e+01,
7.4268230982e+01,
7.4477076945e+01,
7.4658527276e+01,
7.4814648609e+01,
7.4947549806e+01,
7.5059361074e+01,
7.5152211984e+01,
7.5228208600e+01,
7.5289410018e+01,
7.5337804821e+01,
7.5375288015e+01,
7.5403639158e+01,
7.5424502474e+01,
7.5439369740e+01,
7.5449566781e+01,
7.5456244257e+01,
7.5460373390e+01,
7.5462747017e+01,
7.5463986202e+01,
7.5464552381e+01,
7.5464764772e+01,
7.5464822548e+01,
7.5464831075e+01,
7.5464831834e+01,
7.5464846773e+01,
7.5464947985e+01,
7.5465320048e+01,
7.5466311807e+01,
7.5468482113e+01,
7.5472637997e+01,
7.5479863515e+01,
7.5491537587e+01,
7.5509339213e+01,
7.5535238640e+01,
7.5571473246e+01,
7.5620507327e+01,
7.5684975570e+01,
7.5767610726e+01,
7.5871157040e+01,
7.5998272061e+01,
7.6151420686e+01,
7.6332766309e+01,
7.6544064825e+01,
7.6786567640e+01,
7.7060939846e+01,
7.7367199265e+01,
7.7704681300e+01,
7.8072033638e+01,
7.8467243612e+01,
7.8887699293e+01,
7.9330282325e+01,
7.9791485843e+01,
8.0267545222e+01,
8.0754565320e+01,
8.1248628410e+01,
8.1745873734e+01,
8.2242550051e+01,
8.2735051500e+01,
8.3219949901e+01,
8.3694032858e+01,
8.4154349781e+01,
8.4598261431e+01,
8.5023485360e+01,
8.5428129825e+01,
8.5810711360e+01,
8.6170154548e+01,
8.6505775457e+01,
8.6817252205e+01,
8.7104586920e+01,
8.7368063312e+01,
8.7608203445e+01,
8.7825726369e+01,
8.8021510307e+01,
8.8196559287e+01,
8.8351974421e+01,
8.8488929559e+01,
8.8608650809e+01,
8.8712399183e+01,
8.8801455675e+01,
8.8877108041e+01,
8.8940638691e+01,
8.8993313205e+01,
8.9036369123e+01,
8.9071004859e+01,
8.9098368676e+01,
8.9119547888e+01,
8.9135558515e+01,
8.9147335770e+01,
8.9155725787e+01,
8.9161479061e+01,
8.9165246029e+01,
8.9167575189e+01,
8.9168914030e+01,
8.9169612969e+01,
8.9169932308e+01,
8.9170052101e+01,
8.9170084687e+01,
8.9170089497e+01,
8.9170089922e+01,
8.9170098260e+01,
8.9170154753e+01,
8.9170362426e+01,
8.9170915984e+01,
8.9172127326e+01,
8.9174446790e+01,
8.9178479099e+01,
8.9184993003e+01,
8.9194923614e+01,
8.9209366489e+01,
8.9229562637e+01,
8.9256873857e+01,
8.9292748131e+01,
8.9338675313e+01,
8.9396133986e+01,
8.9466531110e+01,
8.9551136934e+01,
8.9651018454e+01,
8.9766975383e+01,
8.9899483077e+01,
9.0048646894e+01,
9.0214172103e+01,
9.0395352536e+01,
9.0591079836e+01,
9.0799873438e+01,
9.1019929597e+01,
9.1249186114e+01,
9.1485398095e+01,
9.1726219338e+01,
9.1969283885e+01,
9.2212282667e+01,
9.2453031127e+01,
9.2689524747e+01,
9.2919980661e+01,
9.3142864670e+01,
9.3356904143e+01,
9.3561088188e+01,
9.3754657297e+01,
9.3937085055e+01,
9.4108054623e+01,
9.4267432521e+01,
9.4415241756e+01,
9.4551635838e+01,
9.4676874703e+01,
9.4791303114e+01,
9.4895331776e+01,
9.4989421190e+01,
9.5074068123e+01,
9.5149794462e+01,
9.5217138213e+01,
9.5276646311e+01,
9.5328868980e+01,
9.5374355276e+01,
9.5413649565e+01,
9.5447288606e+01,
9.5475799024e+01,
9.5499694928e+01,
9.5519475529e+01,
9.5535622633e+01,
9.5548597952e+01,
9.5558840236e+01,
9.5566762287e+01,
9.5572747949e+01,
9.5577149246e+01,
9.5580283816e+01,
9.5582432859e+01,
9.5583839763e+01,
9.5584709595e+01,
9.5585209564e+01,
9.5585470564e+01,
9.5585589811e+01,
9.5585634543e+01,
9.5585646712e+01,
9.5585648508e+01,
9.5585648669e+01,
9.5585651858e+01,
9.5585673468e+01,
9.5585752906e+01,
9.5585964648e+01,
9.5586427987e+01,
9.5587315133e+01,
9.5588857250e+01,
9.5591348011e+01,
9.5595144246e+01,
9.5600663271e+01,
9.5608376530e+01,
9.5618799278e+01,
9.5632476171e+01,
9.5649962893e+01,
9.5671804201e+01,
9.5698509171e+01,
9.5730524774e+01,
9.5768209306e+01,
9.5811807463e+01,
9.5861428997e+01,
9.5917032888e+01,
9.5978418644e+01,
9.6045225929e+01,
9.6116943013e+01,
9.6192923779e+01,
9.6272412249e+01,
9.6354572874e+01,
9.6438524309e+01,
9.6523374142e+01,
9.6608252033e+01,
9.6692339015e+01,
9.6774891231e+01,
9.6855257033e+01,
9.6932887117e+01,
9.7007338018e+01,
9.7078269863e+01,
9.7145439615e+01,
9.7208691229e+01,
9.7267944071e+01,
9.7323180803e+01,
9.7374435657e+01,
9.7421783741e+01,
9.7465331716e+01,
9.7505209985e+01,
9.7541566346e+01,
9.7574560959e+01,
9.7604362434e+01,
9.7631144837e+01,
9.7655085398e+01,
9.7676362780e+01,
9.7695155753e+01,
9.7711642160e+01,
9.7725998100e+01,
9.7738397244e+01,
9.7749010217e+01,
9.7758004014e+01,
9.7765541393e+01,
9.7771780213e+01,
9.7776872708e+01,
9.7780964679e+01,
9.7784194620e+01,
9.7786692790e+01,
9.7788580289e+01,
9.7789968156e+01,
9.7790956572e+01,
9.7791634218e+01,
9.7792077847e+01,
9.7792352124e+01,
9.7792509774e+01,
9.7792592073e+01,
9.7792629674e+01,
9.7792643779e+01,
9.7792647616e+01,
9.7792648182e+01,
9.7792648234e+01,
9.7792649282e+01,
9.7792656382e+01,
9.7792682482e+01,
9.7792752050e+01,
9.7792904280e+01,
9.7793195747e+01,
9.7793702387e+01,
9.7794520653e+01,
9.7795767708e+01,
9.7797580507e+01,
9.7800113658e+01,
9.7803535950e+01,
9.7808025519e+01,
9.7813763679e+01,
9.7820927555e+01,
9.7829681786e+01,
9.7840169656e+01,
9.7852504174e+01,
9.7866759674e+01,
9.7882964546e+01,
9.7901095700e+01,
9.7921075263e+01,
9.7942769846e+01,
9.7965992568e+01,
9.7990507820e+01,
9.8016038605e+01,
9.8042276163e+01,
9.8068891482e+01,
9.8095548244e+01,
9.8121916587e+01,
9.8147686921e+01,
9.8172582851e+01,
9.8196372073e+01,
9.8218874136e+01,
9.8239964177e+01,
9.8259572250e+01,
9.8277678511e+01,
9.8294305207e+01,
9.8309506785e+01,
9.8323359615e+01,
9.8335952532e+01,
9.8347379035e+01,
9.8357731512e+01,
9.8367097455e+01,
9.8375557393e+01,
9.8383184158e+01,
9.8390043054e+01,
9.8396192602e+01,
9.8401685557e+01,
9.8406569995e+01,
9.8410890364e+01,
9.8414688385e+01,
9.8418003799e+01,
9.8420874921e+01,
9.8423339027e+01,
9.8425432575e+01,
9.8427191292e+01,
9.8428650129e+01,
9.8429843143e+01,
9.8430803283e+01,
9.8431562147e+01,
9.8432149703e+01,
9.8432593997e+01,
9.8432920887e+01,
9.8433153800e+01,
9.8433313534e+01,
9.8433418129e+01,
9.8433482804e+01,
9.8433519982e+01,
9.8433539391e+01,
9.8433548258e+01,
9.8433551585e+01,
9.8433552490e+01,
9.8433552623e+01,
9.8433552636e+01,
9.8433552896e+01,
9.8433554658e+01,
9.8433561134e+01,
9.8433578396e+01,
9.8433616171e+01,
9.8433688502e+01,
9.8433814247e+01,
9.8434017383e+01,
9.8434327078e+01,
9.8434777512e+01,
9.8435407423e+01,
9.8436259365e+01,
9.8437378667e+01,
9.8438812143e+01,
9.8440606574e+01,
9.8442807054e+01,
9.8445455291e+01,
9.8448587997e+01,
9.8452235468e+01,
9.8456420488e+01,
9.8461157592e+01,
9.8466452753e+01,
9.8472303424e+01,
9.8478698871e+01,
9.8485620697e+01,
9.8493043435e+01,
9.8500935132e+01,
9.8509257881e+01,
9.8517968294e+01,
9.8527017951e+01,
9.8536353869e+01,
9.8545919052e+01,
9.8555653148e+01,
9.8565493248e+01,
9.8575374810e+01,
9.8585232700e+01,
9.8595002309e+01,
9.8604620700e+01,
9.8614027747e+01,
9.8623167199e+01,
9.8631987641e+01,
9.8640443302e+01,
9.8648494684e+01,
9.8656108996e+01,
9.8663260401e+01,
9.8669930056e+01,
9.8676106002e+01,
9.8681782893e+01,
9.8686961615e+01,
9.8691648811e+01,
9.8695856341e+01,
9.8699600707e+01,
9.8702902443e+01,
9.8705785504e+01,
9.8708276650e+01,
9.8710404832e+01,
9.8712200588e+01,
9.8713695458e+01,
9.8714921401e+01,
9.8715910244e+01,
9.8716693153e+01,
9.8717300132e+01,
9.8717759575e+01,
9.8718097862e+01,
9.8718339023e+01,
9.8718504475e+01,
9.8718612841e+01,
9.8718679859e+01,
9.8718718387e+01,
9.8718738502e+01,
9.8718747693e+01,
9.8718751141e+01,
9.8718752078e+01,
9.8718752217e+01,
9.8718752231e+01,
9.8718752516e+01,
9.8718754448e+01,
9.8718761552e+01,
9.8718780489e+01,
9.8718821930e+01,
9.8718901289e+01,
9.8719039276e+01,
9.8719262250e+01,
9.8719602337e+01,
9.8720097289e+01,
9.8720790075e+01,
9.8721728173e+01,
9.8722962572e+01,
9.8724546486e+01,
9.8726533789e+01,
9.8728977213e+01,
9.8731926359e+01,
9.8735425575e+01,
9.8739511785e+01,
9.8744212383e+01,
9.8749543273e+01,
9.8755507195e+01,
9.8762092443e+01,
9.8769272103e+01,
9.8777003896e+01,
9.8785230714e+01,
9.8793881875e+01,
9.8802875088e+01,
9.8812119060e+01,
9.8821516598e+01,
9.8830968043e+01,
9.8840374789e+01,
9.8849642672e+01,
9.8858684981e+01,
9.8867424920e+01,
9.8875797387e+01,
9.8883750013e+01,
9.8891243469e+01,
9.8898251125e+01,
9.8904758174e+01,
9.8910760358e+01,
9.8916262457e+01,
9.8921276670e+01,
9.8925821001e+01,
9.8929917754e+01,
9.8933592179e+01,
9.8936871317e+01,
9.8939783058e+01,
9.8942355389e+01,
9.8944615845e+01,
9.8946591107e+01,
9.8948306753e+01,
9.8949787106e+01,
9.8951055168e+01,
9.8952132610e+01,
9.8953039805e+01,
9.8953795871e+01,
9.8954418723e+01,
9.8954925124e+01,
9.8955330711e+01,
9.8955650017e+01,
9.8955896472e+01,
9.8956082385e+01,
9.8956218922e+01,
9.8956316077e+01,
9.8956382644e+01,
9.8956426206e+01,
9.8956453131e+01,
9.8956468604e+01,
9.8956476681e+01,
9.8956480371e+01,
9.8956481756e+01,
9.8956482132e+01,
9.8956482188e+01,
9.8956482193e+01,
9.8956482315e+01,
9.8956483140e+01,
9.8956486170e+01,
9.8956494249e+01,
9.8956511923e+01,
9.8956545755e+01,
9.8956604537e+01,
9.8956699402e+01,
9.8956843809e+01,
9.8957053361e+01,
9.8957345452e+01,
9.8957738711e+01,
9.8958252240e+01,
9.8958904646e+01,
9.8959712909e+01,
9.8960691121e+01,
9.8961849201e+01,
9.8963191675e+01,
9.8964716653e+01,
9.8966415146e+01,
9.8968270817e+01,
9.8970260268e+01,
9.8972353895e+01,
9.8974517263e+01,
9.8976712916e+01,
9.8978902455e+01,
9.8981048673e+01,
9.8983117552e+01,
9.8985079913e+01,
9.8986912592e+01,
9.8988599053e+01,
9.8990129462e+01,
9.8991500257e+01,
9.8992713368e+01,
9.8993775191e+01,
9.8994695456e+01,
9.8995486118e+01,
9.8996160352e+01,
9.8996731704e+01,
9.8997213449e+01,
9.8997618139e+01,
9.8997957326e+01,
9.8998241411e+01,
9.8998479589e+01,
9.8998679853e+01,
9.8998849044e+01,
9.8998992927e+01,
9.8999116300e+01,
9.8999223098e+01,
9.8999316498e+01,
9.8999399022e+01,
9.8999472625e+01,
9.8999538784e+01,
9.8999598587e+01,
9.8999652811e+01,
9.8999701997e+01,
9.8999746524e+01,
9.8999786656e+01,
9.8999822592e+01,
9.8999854497e+01,
9.8999882531e+01,
9.8999906863e+01,
9.8999927680e+01,
9.8999945195e+01,
9.8999959647e+01,
9.8999971300e+01,
9.8999980437e+01,
9.8999987362e+01,
9.8999992386e+01,
9.8999995829e+01,
9.8999998008e+01,
9.8999999233e+01,
9.9000000000e+01,
9.9000000000e+01,
