0.0000000000e+00,
2.6115100127e-07,
8.3364565029e-06,
6.3047983403e-05,
2.6417549810e-04,
8.0032415370e-04,
1.9737562914e-03,
4.2213404870e-03,
8.1309118932e-03,
1.4452505417e-02,
2.4104103962e-02,
3.8171717819e-02,
5.7903752134e-02,
8.4699698209e-02,
1.2009317611e-01,
1.6572925069e-01,
2.2333575941e-01,
2.9468818793e-01,
3.8156751291e-01,
4.8571053847e-01,
6.0875272152e-01,
7.5216439766e-01,
9.1718265731e-01,
1.1047426996e+00,
1.3154139691e+00,
1.5493473189e+00,
1.8062394265e+00,
2.0853194699e+00,
2.3853606949e+00,
2.7047163694e+00,
3.0413763573e+00,
3.3930379260e+00,
3.7571830044e+00,
4.1311542499e+00,
4.5122238242e+00,
4.8976512513e+00,
5.2847294652e+00,
5.6708204771e+00,
6.0533835276e+00,
6.4299989499e+00,
6.7983903703e+00,
7.1564466672e+00,
7.5022437426e+00,
7.8340650807e+00,
8.1504195247e+00,
8.4500547722e+00,
8.7319656120e+00,
8.9953966264e+00,
9.2398397162e+00,
9.4650271891e+00,
9.6709212716e+00,
9.8577008172e+00,
1.0025745795e+01,
1.0175619953e+01,
1.0308051908e+01,
1.0423914830e+01,
1.0524204885e+01,
1.0610018605e+01,
1.0682529441e+01,
1.0742963783e+01,
1.0792576827e+01,
1.0832628711e+01,
1.0864361415e+01,
1.0888976919e+01,
1.0907617169e+01,
1.0921346364e+01,
1.0931136061e+01,
1.0937853537e+01,
1.0942253762e+01,
1.0944975241e+01,
1.0946539861e+01,
1.0947356745e+01,
1.0947729989e+01,
1.0947870006e+01,
1.0947908094e+01,
1.0947913716e+01,
1.0947914485e+01,
1.0947932659e+01,
1.0948055789e+01,
1.0948508425e+01,
1.0949714965e+01,
1.0952355342e+01,
1.0957411571e+01,
1.0966203117e+01,
1.0980409168e+01,
1.1002076039e+01,
1.1033608203e+01,
1.1077741703e+01,
1.1137499239e+01,
1.1216126839e+01,
1.1317012908e+01,
1.1443591516e+01,
1.1599232966e+01,
1.1787125952e+01,
1.2010156611e+01,
1.2270790508e+01,
1.2570963546e+01,
1.2911987182e+01,
1.3294472005e+01,
1.3718272426e+01,
1.4182454365e+01,
1.4685287934e+01,
1.5224267774e+01,
1.5796164015e+01,
1.6397105468e+01,
1.7022693129e+01,
1.7668137105e+01,
1.8328405325e+01,
1.8998370005e+01,
1.9672938856e+01,
2.0347162446e+01,
2.1016315324e+01,
2.1675954407e+01,
2.2321961683e+01,
2.2950578530e+01,
2.3558436304e+01,
2.4142583831e+01,
2.4700509109e+01,
2.5230151364e+01,
2.5729900744e+01,
2.6198585555e+01,
2.6635449368e+01,
2.7040121632e+01,
2.7412585349e+01,
2.7753144378e+01,
2.8062391756e+01,
2.8341179422e+01,
2.8590589197e+01,
2.8811904607e+01,
2.9006583158e+01,
2.9176228723e+01,
2.9322563812e+01,
2.9447401616e+01,
2.9552617792e+01,
2.9640122071e+01,
2.9711829886e+01,
2.9769634306e+01,
2.9815378711e+01,
2.9850830731e+01,
2.9877658074e+01,
2.9897406912e+01,
2.9911483551e+01,
2.9921140028e+01,
2.9927464271e+01,
2.9931375275e+01,
2.9933623612e+01,
2.9934797418e+01,
2.9935333733e+01,
2.9935534922e+01,
2.9935589650e+01,
2.9935597728e+01,
2.9935598495e+01,
2.9935614128e+01,
2.9935720046e+01,
2.9936109407e+01,
2.9937147282e+01,
2.9939418537e+01,
2.9943767851e+01,
2.9951330063e+01,
2.9963549162e+01,
2.9982184370e+01,
3.0009301901e+01,
3.0047251265e+01,
3.0098625370e+01,
3.0166204193e+01,
3.0252882532e+01,
3.0361583190e+01,
3.0495158003e+01,
3.0656280137e+01,
3.0847332164e+01,
3.1070295245e+01,
3.1326645364e+01,
3.1617262773e+01,
3.1942360601e+01,
3.2301438007e+01,
3.2693262289e+01,
3.3115883026e+01,
3.3566679586e+01,
3.4042441063e+01,
3.4539474936e+01,
3.5053737571e+01,
3.5580976770e+01,
3.6116874440e+01,
3.6657177131e+01,
3.7197803963e+01,
3.7734925282e+01,
3.8265010584e+01,
3.8784849391e+01,
3.9291552779e+01,
3.9782544998e+01,
4.0255553869e+01,
4.0708605797e+01,
4.1140027220e+01,
4.1548450627e+01,
4.1932820810e+01,
4.2292396650e+01,
4.2626745086e+01,
4.2935726330e+01,
4.3219471609e+01,
4.3478356150e+01,
4.3712970327e+01,
4.3924091328e+01,
4.4112656664e+01,
4.4279739972e+01,
4.4426528888e+01,
4.4554304450e+01,
4.4664421440e+01,
4.4758289138e+01,
4.4837352145e+01,
4.4903071078e+01,
4.4956903161e+01,
4.5000282827e+01,
4.5034602651e+01,
4.5061194981e+01,
4.5081314765e+01,
4.5096124094e+01,
4.5106679023e+01,
4.5113919195e+01,
4.5118660754e+01,
4.5121592926e+01,
4.5123278532e+01,
4.5124158541e+01,
4.5124560618e+01,
4.5124711449e+01,
4.5124752479e+01,
4.5124758535e+01,
4.5124759074e+01,
4.5124769683e+01,
4.5124841560e+01,
4.5125105786e+01,
4.5125810101e+01,
4.5127351404e+01,
4.5130302908e+01,
4.5135434735e+01,
4.5143726814e+01,
4.5156373019e+01,
4.5174775605e+01,
4.5200529181e+01,
4.5235393725e+01,
4.5281256543e+01,
4.5340083532e+01,
4.5413860788e+01,
4.5504528266e+01,
4.5613907954e+01,
4.5743629716e+01,
4.5895058468e+01,
4.6069226555e+01,
4.6266775066e+01,
4.6487907221e+01,
4.6732356103e+01,
4.6999367992e+01,
4.7287701703e+01,
4.7595643893e+01,
4.7921040260e+01,
4.8261342712e+01,
4.8613672586e+01,
4.8974899281e+01,
4.9341732247e+01,
4.9710822297e+01,
5.0078866198e+01,
5.0442707269e+01,
5.0799424540e+01,
5.1146404248e+01,
5.1481389599e+01,
5.1802507486e+01,
5.2108273463e+01,
5.2397578330e+01,
5.2669660934e+01,
5.2924072099e+01,
5.3160634261e+01,
5.3379400504e+01,
5.3580615699e+01,
5.3764681380e+01,
5.3932125155e+01,
5.4083574780e+01,
5.4219736627e+01,
5.4341377983e+01,
5.4449312572e+01,
5.4544388622e+01,
5.4627478873e+01,
5.4699471965e+01,
5.4761264735e+01,
5.4813755021e+01,
5.4857834676e+01,
5.4894382563e+01,
5.4924257419e+01,
5.4948290539e+01,
5.4967278352e+01,
5.4981975036e+01,
5.4993085377e+01,
5.5001258175e+01,
5.5007080483e+01,
5.5011073045e+01,
5.5013687201e+01,
5.5015303570e+01,
5.5016232689e+01,
5.5016717735e+01,
5.5016939347e+01,
5.5017022480e+01,
5.5017045095e+01,
5.5017048432e+01,
5.5017048727e+01,
5.5017054514e+01,
5.5017093719e+01,
5.5017237838e+01,
5.5017621994e+01,
5.5018462637e+01,
5.5020072293e+01,
5.5022870639e+01,
5.5027391200e+01,
5.5034282995e+01,
5.5044306470e+01,
5.5058323162e+01,
5.5077278695e+01,
5.5102178944e+01,
5.5134059564e+01,
5.5173949519e+01,
5.5222829790e+01,
5.5281589000e+01,
5.5350978232e+01,
5.5431567757e+01,
5.5523708617e+01,
5.5627501986e+01,
5.5742778879e+01,
5.5869092177e+01,
5.6005722011e+01,
5.6151694579e+01,
5.6305813417e+01,
5.6466701220e+01,
5.6632849564e+01,
5.6802673297e+01,
5.6974566063e+01,
5.7146953274e+01,
5.7318339117e+01,
5.7487344754e+01,
5.7652735913e+01,
5.7813439359e+01,
5.7968549077e+01,
5.8117324014e+01,
5.8259179776e+01,
5.8393676635e+01,
5.8520505797e+01,
5.8639475267e+01,
5.8750496087e+01,
5.8853569325e+01,
5.8948773923e+01,
5.9036255447e+01,
5.9116215751e+01,
5.9188903559e+01,
5.9254606006e+01,
5.9313641129e+01,
5.9366351312e+01,
5.9413097597e+01,
5.9454254804e+01,
5.9490207310e+01,
5.9521345353e+01,
5.9548061723e+01,
5.9570748687e+01,
5.9589795028e+01,
5.9605583111e+01,
5.9618485898e+01,
5.9628863907e+01,
5.9637062118e+01,
5.9643406893e+01,
5.9648202988e+01,
5.9651730785e+01,
5.9654243876e+01,
5.9655967134e+01,
5.9657095424e+01,
5.9657793052e+01,
5.9658194058e+01,
5.9658403402e+01,
5.9658499049e+01,
5.9658534928e+01,
5.9658544689e+01,
5.9658546129e+01,
5.9658546258e+01,
5.9658548817e+01,
5.9658566150e+01,
5.9658629867e+01,
5.9658799708e+01,
5.9659171365e+01,
5.9659883000e+01,
5.9661120128e+01,
5.9663118550e+01,
5.9666165028e+01,
5.9670595407e+01,
5.9676789912e+01,
5.9685165442e+01,
5.9696164780e+01,
5.9710242795e+01,
5.9727849939e+01,
5.9749413566e+01,
5.9775317877e+01,
5.9805883560e+01,
5.9841348385e+01,
5.9881850140e+01,
5.9927413296e+01,
5.9977940638e+01,
6.0033210784e+01,
6.0092882084e+01,
6.0156502852e+01,
6.0223527334e+01,
6.0293336240e+01,
6.0365260312e+01,
6.0438605095e+01,
6.0512675103e+01,
6.0586795712e+01,
6.0660331525e+01,
6.0732700454e+01,
6.0803383273e+01,
6.0871928925e+01,
6.0937956198e+01,
6.1001152609e+01,
6.1061271340e+01,
6.1118127010e+01,
6.1171590840e+01,
6.1221585608e+01,
6.1268080559e+01,
6.1311086356e+01,
6.1350650068e+01,
6.1386850188e+01,
6.1419791719e+01,
6.1449601390e+01,
6.1476423101e+01,
6.1500413711e+01,
6.1521739261e+01,
6.1540571696e+01,
6.1557086115e+01,
6.1571458521e+01,
6.1583864027e+01,
6.1594475429e+01,
6.1603462069e+01,
6.1610988876e+01,
6.1617215530e+01,
6.1622295655e+01,
6.1626376023e+01,
6.1629595719e+01,
6.1632085291e+01,
6.1633965895e+01,
6.1635348469e+01,
6.1636333000e+01,
6.1637007926e+01,
6.1637449749e+01,
6.1637722900e+01,
6.1637879900e+01,
6.1637961858e+01,
6.1637999303e+01,
6.1638013349e+01,
6.1638017170e+01,
6.1638017734e+01,
6.1638017786e+01,
6.1638018830e+01,
6.1638025900e+01,
6.1638051891e+01,
6.1638121170e+01,
6.1638272766e+01,
6.1638563011e+01,
6.1639067508e+01,
6.1639882257e+01,
6.1641123819e+01,
6.1642928346e+01,
6.1645449361e+01,
6.1648854168e+01,
6.1653318855e+01,
6.1659021905e+01,
6.1666136547e+01,
6.1674822122e+01,
6.1685214858e+01,
6.1697418605e+01,
6.1711496216e+01,
6.1727462331e+01,
6.1745278358e+01,
6.1764850368e+01,
6.1786030470e+01,
6.1808621950e+01,
6.1832388055e+01,
6.1857063870e+01,
6.1882370227e+01,
6.1908028233e+01,
6.1933772777e+01,
6.1959363543e+01,
6.1984592417e+01,
6.2009286889e+01,
6.2033309711e+01,
6.2056555672e+01,
6.2078946647e+01,
6.2100426057e+01,
6.2120953663e+01,
6.2140501249e+01,
6.2159049413e+01,
6.2176585433e+01,
6.2193102015e+01,
6.2208596669e+01,
6.2223071497e+01,
6.2236533186e+01,
6.2248993077e+01,
6.2260467234e+01,
6.2270976453e+01,
6.2280546204e+01,
6.2289206495e+01,
6.2296991657e+01,
6.2303940069e+01,
6.2310093803e+01,
6.2315498226e+01,
6.2320201530e+01,
6.2324254218e+01,
6.2327708538e+01,
6.2330617873e+01,
6.2333036093e+01,
6.2335016883e+01,
6.2336613056e+01,
6.2337875865e+01,
6.2338854338e+01,
6.2339594654e+01,
6.2340139571e+01,
6.2340527946e+01,
6.2340794353e+01,
6.2340968822e+01,
6.2341076713e+01,
6.2341138736e+01,
6.2341171117e+01,
6.2341185911e+01,
6.2341191461e+01,
6.2341192971e+01,
6.2341193194e+01,
6.2341193215e+01,
6.2341193649e+01,
6.2341196588e+01,
6.2341207393e+01,
6.2341236193e+01,
6.2341299218e+01,
6.2341419906e+01,
6.2341629741e+01,
6.2341968776e+01,
6.2342485795e+01,
6.2343238061e+01,
6.2344290641e+01,
6.2345715264e+01,
6.2347588717e+01,
6.2349990806e+01,
6.2353001908e+01,
6.2356700217e+01,
6.2361158781e+01,
6.2366442490e+01,
6.2372605162e+01,
6.2379686923e+01,
6.2387712044e+01,
6.2396687370e+01,
6.2406601460e+01,
6.2417424465e+01,
6.2429108756e+01,
6.2441590201e+01,
6.2454790009e+01,
6.2468616965e+01,
6.2482969917e+01,
6.2497740364e+01,
6.2512815025e+01,
6.2528078309e+01,
6.2543414624e+01,
6.2558710519e+01,
6.2573856640e+01,
6.2588749505e+01,
6.2603293076e+01,
6.2617400120e+01,
6.2630993308e+01,
6.2644006050e+01,
6.2656383004e+01,
6.2668080280e+01,
6.2679065327e+01,
6.2689316537e+01,
6.2698822607e+01,
6.2707581724e+01,
6.2715600615e+01,
6.2722893531e+01,
6.2729481225e+01,
6.2735389943e+01,
6.2740650472e+01,
6.2745297270e+01,
6.2749367662e+01,
6.2752901128e+01,
6.2755938649e+01,
6.2758522127e+01,
6.2760693835e+01,
6.2762495918e+01,
6.2763969910e+01,
6.2765156270e+01,
6.2766093939e+01,
6.2766819916e+01,
6.2767368859e+01,
6.2767772729e+01,
6.2768060481e+01,
6.2768257818e+01,
6.2768387033e+01,
6.2768466932e+01,
6.2768512860e+01,
6.2768536837e+01,
6.2768547791e+01,
6.2768551901e+01,
6.2768553019e+01,
6.2768553184e+01,
6.2768553200e+01,
6.2768553540e+01,
6.2768555844e+01,
6.2768564311e+01,
6.2768586882e+01,
6.2768636273e+01,
6.2768730844e+01,
6.2768895246e+01,
6.2769160810e+01,
6.2769565633e+01,
6.2770154316e+01,
6.2770977335e+01,
6.2772089990e+01,
6.2773550943e+01,
6.2775420330e+01,
6.2777757496e+01,
6.2780618396e+01,
6.2784052774e+01,
6.2788101244e+01,
6.2792792436e+01,
6.2798140404e+01,
6.2804142493e+01,
6.2810777859e+01,
6.2818006833e+01,
6.2825771244e+01,
6.2833995783e+01,
6.2842590384e+01,
6.2851453516e+01,
6.2860476199e+01,
6.2869546457e+01,
6.2878553896e+01,
6.2887394056e+01,
6.2895972220e+01,
6.2904206433e+01,
6.2912029560e+01,
6.2919390322e+01,
6.2926253361e+01,
6.2932598446e+01,
6.2938419023e+01,
6.2943720305e+01,
6.2948517127e+01,
6.2952831742e+01,
6.2956691727e+01,
6.2960128085e+01,
6.2963173631e+01,
6.2965861667e+01,
6.2968224966e+01,
6.2970295025e+01,
6.2972101564e+01,
6.2973672227e+01,
6.2975032439e+01,
6.2976205394e+01,
6.2977212119e+01,
6.2978071609e+01,
6.2978800986e+01,
6.2979415681e+01,
6.2979929614e+01,
6.2980355368e+01,
6.2980704340e+01,
6.2980986881e+01,
6.2981212403e+01,
6.2981389465e+01,
6.2981525836e+01,
6.2981628538e+01,
6.2981703870e+01,
6.2981757426e+01,
6.2981794098e+01,
6.2981818085e+01,
6.2981832907e+01,
6.2981841424e+01,
6.2981845870e+01,
6.2981847901e+01,
6.2981848662e+01,
6.2981848870e+01,
6.2981848900e+01,
6.2981848903e+01,
6.2981848970e+01,
6.2981849424e+01,
6.2981851092e+01,
6.2981855537e+01,
6.2981865263e+01,
6.2981883875e+01,
6.2981916200e+01,
6.2981968339e+01,
6.2982047632e+01,
6.2982162538e+01,
6.2982322389e+01,
6.2982537027e+01,
6.2982816299e+01,
6.2983169442e+01,
6.2983604356e+01,
6.2984126837e+01,
6.2984739817e+01,
6.2985442710e+01,
6.2986230936e+01,
6.2987095734e+01,
6.2988024304e+01,
6.2989000327e+01,
6.2990004827e+01,
6.2991017319e+01,
6.2992017118e+01,
6.2992984658e+01,
6.2993902690e+01,
6.2994757211e+01,
6.2995538041e+01,
6.2996239019e+01,
6.2996857837e+01,
6.2997395582e+01,
6.2997856082e+01,
6.2998245168e+01,
6.2998569951e+01,
6.2998838162e+01,
6.2999057611e+01,
6.2999235780e+01,
6.2999379533e+01,
6.2999494963e+01,
6.2999587332e+01,
6.2999661096e+01,
6.2999719976e+01,
6.2999767032e+01,
6.2999804758e+01,
6.2999835152e+01,
6.2999859804e+01,
6.2999879968e+01,
6.2999896637e+01,
6.2999910592e+01,
6.2999922445e+01,
6.2999932662e+01,
6.2999941589e+01,
6.2999949477e+01,
6.2999956500e+01,
6.2999962782e+01,
6.2999968408e+01,
6.2999973441e+01,
6.2999977925e+01,
6.2999981896e+01,
6.2999985380e+01,
6.2999988404e+01,
6.2999990992e+01,
6.2999993171e+01,
6.2999994970e+01,
6.2999996422e+01,
6.2999997561e+01,
6.2999998424e+01,
6.2999999050e+01,
6.2999999480e+01,
6.3000000000e+01,
6.3000000000e+01,
6.3000000000e+01,
6.3000000000e+01,
