0.0000000000e+00,
1.4602409948e-08,
4.6613781990e-07,
3.5253621302e-06,
1.4771476341e-05,
4.4750117960e-05,
1.1036083951e-04,
2.3602547361e-04,
4.5459567225e-04,
8.0796618094e-04,
1.3473697565e-03,
2.1333396649e-03,
3.2353359475e-03,
4.7310416375e-03,
6.7053443532e-03,
9.2490267896e-03,
1.2457196238e-02,
1.6427488272e-02,
2.1258083152e-02,
2.7045575642e-02,
3.3882740194e-02,
4.1856234460e-02,
5.1044285450e-02,
6.1514404805e-02,
7.3321182978e-02,
8.6504216366e-02,
1.0108622623e-01,
1.1707143260e-01,
1.3444424891e-01,
1.5316836314e-01,
1.7318626622e-01,
1.9441927957e-01,
2.1676811825e-01,
2.4011400717e-01,
2.6432034440e-01,
2.8923488048e-01,
3.1469235816e-01,
3.4051753442e-01,
3.6652848867e-01,
3.9254010875e-01,
4.1836764056e-01,
4.4383018834e-01,
4.6875405912e-01,
4.9297585705e-01,
5.1634524863e-01,
5.3872733729e-01,
5.6000460366e-01,
5.8007838532e-01,
5.9886988574e-01,
6.1632071555e-01,
6.3239298104e-01,
6.4706894387e-01,
6.6035028289e-01,
6.7225699490e-01,
6.8282597502e-01,
6.9210932095e-01,
7.0017240798e-01,
7.0709178403e-01,
7.1295293603e-01,
7.1784798038e-01,
7.2187333158e-01,
7.2512740351e-01,
7.2770839712e-01,
7.2971222712e-01,
7.3123063697e-01,
7.3234954747e-01,
7.3314767832e-01,
7.3369547496e-01,
7.3405436475e-01,
7.3427635708e-01,
7.3440399210e-01,
7.3447063241e-01,
7.3450108169e-01,
7.3451250438e-01,
7.3451561164e-01,
7.3451607027e-01,
7.3451613305e-01,
7.3451761569e-01,
7.3452766078e-01,
7.3456458770e-01,
7.3466302206e-01,
7.3487844706e-01,
7.3529102628e-01,
7.3600855057e-01,
7.3716838271e-01,
7.3893829769e-01,
7.4151614305e-01,
7.4512827284e-01,
7.5002673966e-01,
7.5648526162e-01,
7.6479401404e-01,
7.7525332988e-01,
7.8816642658e-01,
8.0383131226e-01,
8.2253206126e-01,
8.4452968805e-01,
8.7005289180e-01,
8.9928898803e-01,
9.3237538744e-01,
9.6939201715e-01,
1.0103550982e+00,
1.0552126837e+00,
1.1038423174e+00,
1.1560510816e+00,
1.2115781766e+00,
1.2701000091e+00,
1.3312375907e+00,
1.3945658766e+00,
1.4596245350e+00,
1.5259295471e+00,
1.5929850086e+00,
1.6602945409e+00,
1.7273718101e+00,
1.7937497776e+00,
1.8589884565e+00,
1.9226810865e+00,
1.9844587650e+00,
2.0439936597e+00,
2.1010009876e+00,
2.1552399647e+00,
2.2065139253e+00,
2.2546697901e+00,
2.2995970228e+00,
2.3412261832e+00,
2.3795271469e+00,
2.4145070378e+00,
2.4462078965e+00,
2.4747040975e+00,
2.5000995210e+00,
2.5225244866e+00,
2.5421324600e+00,
2.5590965507e+00,
2.5736058283e+00,
2.5858614967e+00,
2.5960729744e+00,
2.6044539423e+00,
2.6112184290e+00,
2.6165770125e+00,
2.6207332241e+00,
2.6238802423e+00,
2.6261979660e+00,
2.6278505494e+00,
2.6289844749e+00,
2.6297272250e+00,
2.6301865986e+00,
2.6304506970e+00,
2.6305885814e+00,
2.6306515822e+00,
2.6306752160e+00,
2.6306816450e+00,
2.6306825939e+00,
2.6306826840e+00,
2.6306845204e+00,
2.6306969627e+00,
2.6307427017e+00,
2.6308646243e+00,
2.6311314450e+00,
2.6316424239e+00,
2.6325309738e+00,
2.6339669821e+00,
2.6361576891e+00,
2.6393469979e+00,
2.6438131215e+00,
2.6498645184e+00,
2.6578341216e+00,
2.6680719363e+00,
2.6809361567e+00,
2.6967830427e+00,
2.7159558880e+00,
2.7387734938e+00,
2.7655186375e+00,
2.7964270652e+00,
2.8316775464e+00,
2.8713834923e+00,
2.9155865553e+00,
2.9642525072e+00,
3.0172695404e+00,
3.0744489835e+00,
3.1355282816e+00,
3.2001759867e+00,
3.2679984551e+00,
3.3385479474e+00,
3.4113318698e+00,
3.4858229474e+00,
3.5614701609e+00,
3.6377102724e+00,
3.7139797011e+00,
3.7897264026e+00,
3.8644212833e+00,
3.9375685935e+00,
4.0087147434e+00,
4.0774550884e+00,
4.1434384342e+00,
4.2063692641e+00,
4.2660079314e+00,
4.3221692312e+00,
4.3747198363e+00,
4.4235750589e+00,
4.4686953071e+00,
4.5100824849e+00,
4.5477764667e+00,
4.5818516852e+00,
4.6124138091e+00,
4.6395964605e+00,
4.6635579108e+00,
4.6844777048e+00,
4.7025531784e+00,
4.7179958566e+00,
4.7310277366e+00,
4.7418774850e+00,
4.7507765922e+00,
4.7579555457e+00,
4.7636400971e+00,
4.7680477049e+00,
4.7713842478e+00,
4.7738410974e+00,
4.7755926448e+00,
4.7767943613e+00,
4.7775814663e+00,
4.7780682526e+00,
4.7783481040e+00,
4.7784942110e+00,
4.7785609683e+00,
4.7785860112e+00,
4.7785928235e+00,
4.7785938290e+00,
4.7785939185e+00,
4.7785956799e+00,
4.7786076139e+00,
4.7786514842e+00,
4.7787684254e+00,
4.7790243429e+00,
4.7795144343e+00,
4.7803666412e+00,
4.7817438567e+00,
4.7838447344e+00,
4.7869029699e+00,
4.7911849558e+00,
4.7969857591e+00,
4.8046234188e+00,
4.8144316382e+00,
4.8267510226e+00,
4.8419191110e+00,
4.8602595413e+00,
4.8820707847e+00,
4.9076149489e+00,
4.9371071969e+00,
4.9707063197e+00,
5.0085069506e+00,
5.0505338051e+00,
5.0967381897e+00,
5.1469968673e+00,
5.2011132155e+00,
5.2588205063e+00,
5.3197870680e+00,
5.3836230783e+00,
5.4498887544e+00,
5.5181037291e+00,
5.5877574012e+00,
5.6583200230e+00,
5.7292542244e+00,
5.8000266051e+00,
5.8701189685e+00,
5.9390387525e+00,
6.0063282364e+00,
6.0715721827e+00,
6.1344036800e+00,
6.1945080876e+00,
6.2516251108e+00,
6.3055491518e+00,
6.3561281629e+00,
6.4032612842e+00,
6.4468955666e+00,
6.4870220693e+00,
6.5236715931e+00,
6.5569102653e+00,
6.5868351417e+00,
6.6135699380e+00,
6.6372609603e+00,
6.6580732605e+00,
6.6761870156e+00,
6.6917941085e+00,
6.7050948774e+00,
6.7162950002e+00,
6.7256024844e+00,
6.7332247466e+00,
6.7393657797e+00,
6.7442234261e+00,
6.7479867892e+00,
6.7508338354e+00,
6.7529292469e+00,
6.7544225972e+00,
6.7554469172e+00,
6.7561177196e+00,
6.7565325346e+00,
6.7567709947e+00,
6.7568954874e+00,
6.7569523680e+00,
6.7569737057e+00,
6.7569795100e+00,
6.7569803667e+00,
6.7569804425e+00,
6.7569819277e+00,
6.7569919905e+00,
6.7570289818e+00,
6.7571275850e+00,
6.7573433646e+00,
6.7577565654e+00,
6.7584749915e+00,
6.7596358000e+00,
6.7614060596e+00,
6.7639819346e+00,
6.7675863807e+00,
6.7724652728e+00,
6.7788819349e+00,
6.7871101080e+00,
6.7974254749e+00,
6.8100959572e+00,
6.8253711073e+00,
6.8434710234e+00,
6.8645753158e+00,
6.8888127251e+00,
6.9162520374e+00,
6.9468949337e+00,
6.9806713517e+00,
7.0174378186e+00,
7.0569790405e+00,
7.0990128155e+00,
7.1431980921e+00,
7.1891457537e+00,
7.2364314885e+00,
7.2846099438e+00,
7.3332292763e+00,
7.3818452092e+00,
7.4300337925e+00,
7.4774022241e+00,
7.5235972928e+00,
7.5683112372e+00,
7.6112850325e+00,
7.6523093039e+00,
7.6912232069e+00,
7.7279116966e+00,
7.7623016392e+00,
7.7943572043e+00,
7.8240749252e+00,
7.8514787494e+00,
7.8766153196e+00,
7.8995496523e+00,
7.9203613095e+00,
7.9391411024e+00,
7.9559883219e+00,
7.9710084579e+00,
7.9843113479e+00,
7.9960096863e+00,
8.0062178182e+00,
8.0150507465e+00,
8.0226232847e+00,
8.0290492969e+00,
8.0344409774e+00,
8.0389081342e+00,
8.0425574531e+00,
8.0454917338e+00,
8.0478090996e+00,
8.0496021975e+00,
8.0509574131e+00,
8.0519541353e+00,
8.0526641090e+00,
8.0531509184e+00,
8.0534696405e+00,
8.0536667032e+00,
8.0537799758e+00,
8.0538391088e+00,
8.0538661260e+00,
8.0538762608e+00,
8.0538790177e+00,
8.0538794246e+00,
8.0538794612e+00,
8.0538801838e+00,
8.0538850798e+00,
8.0539030778e+00,
8.0539510518e+00,
8.0540560313e+00,
8.0542570392e+00,
8.0546064677e+00,
8.0551708993e+00,
8.0560312827e+00,
8.0572823765e+00,
8.0590313847e+00,
8.0613957260e+00,
8.0644999167e+00,
8.0684715898e+00,
8.0734367392e+00,
8.0795143512e+00,
8.0868106654e+00,
8.0954133832e+00,
8.1053862037e+00,
8.1167640995e+00,
8.1295497344e+00,
8.1437113754e+00,
8.1591825451e+00,
8.1758635222e+00,
8.1936246295e+00,
8.2123110841e+00,
8.2317490355e+00,
8.2517523173e+00,
8.2721293931e+00,
8.2926899961e+00,
8.3132510356e+00,
8.3336414629e+00,
8.3537059204e+00,
8.3733071360e+00,
8.3923271407e+00,
8.4106674684e+00,
8.4282485497e+00,
8.4450085249e+00,
8.4609016899e+00,
8.4758967605e+00,
8.4899750984e+00,
8.5031290054e+00,
8.5153601493e+00,
8.5266781599e+00,
8.5370994029e+00,
8.5466459304e+00,
8.5553445889e+00,
8.5632262675e+00,
8.5703252602e+00,
8.5766787211e+00,
8.5823261903e+00,
8.5873091696e+00,
8.5916707308e+00,
8.5954551420e+00,
8.5987074967e+00,
8.6014733387e+00,
8.6037982730e+00,
8.6057275606e+00,
8.6073056969e+00,
8.6085759764e+00,
8.6095800518e+00,
8.6103574985e+00,
8.6109453966e+00,
8.6113779483e+00,
8.6116861466e+00,
8.6118975120e+00,
8.6120359151e+00,
8.6121214958e+00,
8.6121706905e+00,
8.6121963730e+00,
8.6122081072e+00,
8.6122125090e+00,
8.6122137064e+00,
8.6122138831e+00,
8.6122138994e+00,
8.6122142264e+00,
8.6122164422e+00,
8.6122245873e+00,
8.6122462984e+00,
8.6122938089e+00,
8.6123847829e+00,
8.6125429425e+00,
8.6127984497e+00,
8.6131880053e+00,
8.6137546290e+00,
8.6145470909e+00,
8.6156189739e+00,
8.6170273599e+00,
8.6188311512e+00,
8.6210890665e+00,
8.6238573774e+00,
8.6271874829e+00,
8.6311234475e+00,
8.6356996520e+00,
8.6409387128e+00,
8.6468498229e+00,
8.6534276445e+00,
8.6606518444e+00,
8.6684873133e+00,
8.6768850556e+00,
8.6857836815e+00,
8.6951113913e+00,
8.7047883110e+00,
8.7147290276e+00,
8.7248451761e+00,
8.7350479453e+00,
8.7452503943e+00,
8.7553694997e+00,
8.7653278777e+00,
8.7750551511e+00,
8.7844889534e+00,
8.7935755747e+00,
8.8022702734e+00,
8.8105372851e+00,
8.8183495697e+00,
8.8256883445e+00,
8.8325424536e+00,
8.8389076221e+00,
8.8447856456e+00,
8.8501835560e+00,
8.8551128010e+00,
8.8595884660e+00,
8.8636285588e+00,
8.8672533706e+00,
8.8704849183e+00,
8.8733464684e+00,
8.8758621364e+00,
8.8780565539e+00,
8.8799545915e+00,
8.8815811253e+00,
8.8829608364e+00,
8.8841180297e+00,
8.8850764655e+00,
8.8858591946e+00,
8.8864883938e+00,
8.8869852000e+00,
8.8873695440e+00,
8.8876599896e+00,
8.8878735816e+00,
8.8880257132e+00,
8.8881300200e+00,
8.8881983088e+00,
8.8882405301e+00,
8.8882647988e+00,
8.8882774679e+00,
8.8882832563e+00,
8.8882854277e+00,
8.8882860183e+00,
8.8882861055e+00,
8.8882861138e+00,
8.8882862835e+00,
8.8882874334e+00,
8.8882916605e+00,
8.8883029278e+00,
8.8883275830e+00,
8.8883747892e+00,
8.8884568455e+00,
8.8885893742e+00,
8.8887913528e+00,
8.8890849663e+00,
8.8894952610e+00,
8.8900495832e+00,
8.8907767946e+00,
8.8917062706e+00,
8.8928667000e+00,
8.8942847260e+00,
8.8959834894e+00,
8.8979811542e+00,
8.9002895132e+00,
8.9029127810e+00,
8.9058466830e+00,
8.9090779368e+00,
8.9125842007e+00,
8.9163345271e+00,
8.9202903194e+00,
8.9244067428e+00,
8.9286344990e+00,
8.9329218393e+00,
8.9372166687e+00,
8.9414685900e+00,
8.9456307453e+00,
8.9496613403e+00,
8.9535247723e+00,
8.9571923231e+00,
8.9606424212e+00,
8.9638605125e+00,
8.9668386053e+00,
8.9695745711e+00,
8.9720712883e+00,
8.9743357114e+00,
8.9763779361e+00,
8.9782103158e+00,
8.9798466703e+00,
8.9813016078e+00,
8.9825899707e+00,
8.9837264042e+00,
8.9847250372e+00,
8.9855992648e+00,
8.9863616126e+00,
8.9870236707e+00,
8.9875960781e+00,
8.9880885459e+00,
8.9885099067e+00,
8.9888681792e+00,
8.9891706414e+00,
8.9894239049e+00,
8.9896339859e+00,
8.9898063698e+00,
8.9899460665e+00,
8.9900576548e+00,
8.9901453181e+00,
8.9902128674e+00,
8.9902637578e+00,
8.9903010966e+00,
8.9903276470e+00,
8.9903458297e+00,
8.9903577243e+00,
8.9903650747e+00,
8.9903692985e+00,
8.9903715030e+00,
8.9903725102e+00,
8.9903728880e+00,
8.9903729907e+00,
8.9903730059e+00,
8.9903730074e+00,
8.9903730387e+00,
8.9903732504e+00,
8.9903740288e+00,
8.9903761035e+00,
8.9903806425e+00,
8.9903893299e+00,
8.9904044208e+00,
8.9904287674e+00,
8.9904658090e+00,
8.9905195194e+00,
8.9905943033e+00,
8.9906948374e+00,
8.9908258542e+00,
8.9909918697e+00,
8.9911968680e+00,
8.9914439571e+00,
8.9917350270e+00,
8.9920704395e+00,
8.9924487918e+00,
8.9928667871e+00,
8.9933192456e+00,
8.9937992700e+00,
8.9942985651e+00,
8.9948078903e+00,
8.9953176010e+00,
8.9958182273e+00,
8.9963010251e+00,
8.9967584460e+00,
8.9971844789e+00,
8.9975748400e+00,
8.9979270065e+00,
8.9982401117e+00,
8.9985147321e+00,
8.9987526066e+00,
8.9989563277e+00,
8.9991290388e+00,
8.9992741633e+00,
8.9993951801e+00,
8.9994954528e+00,
8.9995781102e+00,
8.9996459754e+00,
8.9997015331e+00,
8.9997469272e+00,
8.9997839775e+00,
8.9998142087e+00,
8.9998388841e+00,
8.9998590409e+00,
8.9998755242e+00,
8.9998890189e+00,
8.9999000781e+00,
8.9999091479e+00,
8.9999165879e+00,
8.9999226884e+00,
8.9999276840e+00,
8.9999317651e+00,
8.9999350868e+00,
8.9999377762e+00,
8.9999399386e+00,
8.9999416614e+00,
8.9999430187e+00,
8.9999440731e+00,
8.9999448784e+00,
8.9999454810e+00,
8.9999459209e+00,
8.9999462326e+00,
8.9999464454e+00,
8.9999465844e+00,
8.9999466702e+00,
8.9999467195e+00,
8.9999467452e+00,
8.9999467570e+00,
8.9999467614e+00,
8.9999467626e+00,
8.9999467627e+00,
8.9999467628e+00,
8.9999467631e+00,
8.9999467658e+00,
8.9999467754e+00,
8.9999468011e+00,
8.9999468573e+00,
8.9999469648e+00,
8.9999471512e+00,
8.9999474511e+00,
8.9999479057e+00,
8.9999485610e+00,
8.9999494658e+00,
8.9999506682e+00,
8.9999522113e+00,
8.9999541278e+00,
8.9999564347e+00,
8.9999591280e+00,
8.9999621790e+00,
8.9999655330e+00,
8.9999691105e+00,
8.9999728125e+00,
8.9999765284e+00,
8.9999801465e+00,
8.9999835634e+00,
8.9999866940e+00,
8.9999894763e+00,
8.9999918755e+00,
8.9999938838e+00,
8.9999955197e+00,
8.9999968251e+00,
8.9999978609e+00,
8.9999986998e+00,
8.9999994376e+00,
8.9999996061e+00,
8.9999992468e+00,
8.9999990674e+00,
8.9999989481e+00,
8.9999988385e+00,
8.9999987301e+00,
8.9999986473e+00,
8.9999986267e+00,
8.9999986941e+00,
8.9999988501e+00,
8.9999990690e+00,
8.9999993075e+00,
8.9999995197e+00,
9.0000000000e+00,
9.0000000000e+00,
9.0000000000e+00,
9.0000000000e+00,
9.0000000000e+00,
9.0000000000e+00,
9.0000000000e+00,
9.0000000000e+00,
9.0000000000e+00,
9.0000000000e+00,
9.0000000000e+00,
9.0000000000e+00,
9.0000000000e+00,
9.0000000000e+00,
9.0000000000e+00,
9.0000000000e+00,
9.0000000000e+00,
9.0000000000e+00,
9.0000000000e+00,
9.0000000000e+00,
9.0000000000e+00,
9.0000000000e+00,
9.0000000000e+00,
9.0000000000e+00,
9.0000000000e+00,
9.0000000000e+00,
9.0000000000e+00,
9.0000000000e+00,
9.0000000000e+00,
