0.0000000000e+00,
7.2139400231e-08,
2.3028309997e-06,
1.7416127299e-05,
7.2974683999e-05,
2.2107708970e-04,
5.4521431470e-04,
1.1660476439e-03,
2.2459065032e-03,
3.9918478316e-03,
6.6571669649e-03,
1.0541300421e-02,
1.5988109939e-02,
2.3382580611e-02,
3.3146000172e-02,
4.5729708523e-02,
6.1607515290e-02,
8.1266880511e-02,
1.0519894438e-01,
1.3388748523e-01,
1.6779689171e-01,
2.0735926665e-01,
2.5296084576e-01,
3.0492801644e-01,
3.6351335407e-01,
4.2888223882e-01,
5.0110074850e-01,
5.8012561203e-01,
6.6579702322e-01,
7.5783503507e-01,
8.5584007561e-01,
9.5929785983e-01,
1.0675886498e+00,
1.1800004791e+00,
1.2957456576e+00,
1.4139796435e+00,
1.5338212486e+00,
1.6543731292e+00,
1.7747416038e+00,
1.8940550089e+00,
2.0114800150e+00,
2.1262355497e+00,
2.2376041825e+00,
2.3449409938e+00,
2.4476800708e+00,
2.5453388481e+00,
2.6375205389e+00,
2.7239148999e+00,
2.8042975536e+00,
2.8785280552e+00,
2.9465468594e+00,
3.0083713106e+00,
3.0640907571e+00,
3.1138608754e+00,
3.1578972850e+00,
3.1964685337e+00,
3.2298885436e+00,
3.2585086176e+00,
3.2827091227e+00,
3.3028909811e+00,
3.3194671193e+00,
3.3328540357e+00,
3.3434636636e+00,
3.3516957078e+00,
3.3579306397e+00,
3.3625235241e+00,
3.3657988428e+00,
3.3680464539e+00,
3.3695188025e+00,
3.3704294579e+00,
3.3709530171e+00,
3.3712263688e+00,
3.3713512669e+00,
3.3713981208e+00,
3.3714108662e+00,
3.3714127474e+00,
3.3714130049e+00,
3.3714190864e+00,
3.3714602894e+00,
3.3716117555e+00,
3.3720155042e+00,
3.3728990772e+00,
3.3745911443e+00,
3.3775334096e+00,
3.3822882123e+00,
3.3895412794e+00,
3.4000991746e+00,
3.4148810941e+00,
3.4349048104e+00,
3.4612667532e+00,
3.4951164577e+00,
3.5376259032e+00,
3.5899545904e+00,
3.6532115597e+00,
3.7284158842e+00,
3.8164574551e+00,
3.9180600375e+00,
4.0337485782e+00,
4.1638225362e+00,
4.3083365902e+00,
4.4670894866e+00,
4.6396211536e+00,
4.8252176523e+00,
5.0229232448e+00,
5.2315588992e+00,
5.4497468979e+00,
5.6759416176e+00,
5.9084666653e+00,
6.1455580109e+00,
6.3854114861e+00,
6.6262313730e+00,
6.8662756174e+00,
7.1038932756e+00,
7.3375514145e+00,
7.5658512198e+00,
7.7875353790e+00,
8.0014899689e+00,
8.2067438845e+00,
8.4024677828e+00,
8.5879732772e+00,
8.7627122092e+00,
8.9262754061e+00,
9.0783903169e+00,
9.2189171248e+00,
9.3478431932e+00,
9.4652759235e+00,
9.5714342349e+00,
9.6666389337e+00,
9.7513022321e+00,
9.8259166411e+00,
9.8910434091e+00,
9.9473006378e+00,
9.9953511741e+00,
1.0035890367e+01,
1.0069633788e+01,
1.0097305019e+01,
1.0119623677e+01,
1.0137293837e+01,
1.0150993076e+01,
1.0161362396e+01,
1.0168997267e+01,
1.0174440070e+01,
1.0178174178e+01,
1.0180619898e+01,
1.0182132434e+01,
1.0183001975e+01,
1.0183455950e+01,
1.0183663374e+01,
1.0183741185e+01,
1.0183762352e+01,
1.0183765476e+01,
1.0183765773e+01,
1.0183771819e+01,
1.0183812784e+01,
1.0183963373e+01,
1.0184364784e+01,
1.0185243233e+01,
1.0186925457e+01,
1.0189850513e+01,
1.0194577252e+01,
1.0201786906e+01,
1.0212280300e+01,
1.0226969291e+01,
1.0246862209e+01,
1.0273043228e+01,
1.0306645866e+01,
1.0348821084e+01,
1.0400700821e+01,
1.0463358122e+01,
1.0537765413e+01,
1.0624752778e+01,
1.0724968339e+01,
1.0838843004e+01,
1.0966561809e+01,
1.1108043931e+01,
1.1262933066e+01,
1.1430599304e+01,
1.1610152889e+01,
1.1800469324e+01,
1.2000224373e+01,
1.2207936538e+01,
1.2422013953e+01,
1.2640802231e+01,
1.2862629930e+01,
1.3085848814e+01,
1.3308867041e+01,
1.3530174474e+01,
1.3748360452e+01,
1.3962125184e+01,
1.4170286434e+01,
1.4371783247e+01,
1.4565678162e+01,
1.4751158861e+01,
1.4927539590e+01,
1.5094262223e+01,
1.5250896492e+01,
1.5397138884e+01,
1.5532809768e+01,
1.5657848603e+01,
1.5772307309e+01,
1.5876342108e+01,
1.5970204229e+01,
1.6054229910e+01,
1.6128830032e+01,
1.6194479651e+01,
1.6251707558e+01,
1.6301085936e+01,
1.6343220118e+01,
1.6378738435e+01,
1.6408282156e+01,
1.6432495548e+01,
1.6452016129e+01,
1.6467465231e+01,
1.6479439041e+01,
1.6488500307e+01,
1.6495170949e+01,
1.6499925787e+01,
1.6503187630e+01,
1.6505323909e+01,
1.6506645024e+01,
1.6507404504e+01,
1.6507801012e+01,
1.6507982177e+01,
1.6508050139e+01,
1.6508068626e+01,
1.6508071354e+01,
1.6508071597e+01,
1.6508076377e+01,
1.6508108763e+01,
1.6508227818e+01,
1.6508545167e+01,
1.6509239654e+01,
1.6510569580e+01,
1.6512882024e+01,
1.6516618721e+01,
1.6522318053e+01,
1.6530612750e+01,
1.6542222989e+01,
1.6557944686e+01,
1.6578632927e+01,
1.6605180707e+01,
1.6638493378e+01,
1.6679459501e+01,
1.6728919115e+01,
1.6787630768e+01,
1.6856238915e+01,
1.6935243548e+01,
1.7024973983e+01,
1.7125568674e+01,
1.7236962626e+01,
1.7358883406e+01,
1.7490855967e+01,
1.7632215553e+01,
1.7782127068e+01,
1.7939608697e+01,
1.8103557468e+01,
1.8272774943e+01,
1.8445992089e+01,
1.8621893301e+01,
1.8799140178e+01,
1.8976395715e+01,
1.9152349196e+01,
1.9325741409e+01,
1.9495389152e+01,
1.9660207655e+01,
1.9819229479e+01,
1.9971618745e+01,
2.0116680036e+01,
2.0253861846e+01,
2.0382754976e+01,
2.0503086627e+01,
2.0614711174e+01,
2.0717598685e+01,
2.0811822142e+01,
2.0897544252e+01,
2.0975004474e+01,
2.1044506744e+01,
2.1106408169e+01,
2.1161108790e+01,
2.1209042422e+01,
2.1250668459e+01,
2.1286464495e+01,
2.1316919591e+01,
2.1342528020e+01,
2.1363783345e+01,
2.1381172719e+01,
2.1395171367e+01,
2.1406237239e+01,
2.1414805881e+01,
2.1421285632e+01,
2.1426053282e+01,
2.1429450341e+01,
2.1431780101e+01,
2.1433305650e+01,
2.1434248966e+01,
2.1434791219e+01,
2.1435074306e+01,
2.1435203647e+01,
2.1435252166e+01,
2.1435265365e+01,
2.1435267313e+01,
2.1435267485e+01,
2.1435270862e+01,
2.1435293744e+01,
2.1435377858e+01,
2.1435602068e+01,
2.1436092711e+01,
2.1437032218e+01,
2.1438665614e+01,
2.1441304500e+01,
2.1445328152e+01,
2.1451181364e+01,
2.1459368761e+01,
2.1470445336e+01,
2.1485003136e+01,
2.1503654164e+01,
2.1527009803e+01,
2.1555657323e+01,
2.1590134318e+01,
2.1630902244e+01,
2.1678320446e+01,
2.1732622301e+01,
2.1793895173e+01,
2.1862065828e+01,
2.1936892740e+01,
2.2017966306e+01,
2.2104717471e+01,
2.2196434548e+01,
2.2292287352e+01,
2.2391357088e+01,
2.2492669900e+01,
2.2595231719e+01,
2.2698061993e+01,
2.2800224133e+01,
2.2900850989e+01,
2.2999164266e+01,
2.3094487476e+01,
2.3186252618e+01,
2.3274001274e+01,
2.3357381111e+01,
2.3436138950e+01,
2.3510111524e+01,
2.3579214970e+01,
2.3643433880e+01,
2.3702810579e+01,
2.3757435055e+01,
2.3807435843e+01,
2.3852971986e+01,
2.3894226122e+01,
2.3931398665e+01,
2.3964702986e+01,
2.3994361500e+01,
2.4020602506e+01,
2.4043657668e+01,
2.4063759980e+01,
2.4081142099e+01,
2.4096034924e+01,
2.4108666312e+01,
2.4119259847e+01,
2.4128033608e+01,
2.4135198865e+01,
2.4140958720e+01,
2.4145506677e+01,
2.4149025166e+01,
2.4151684099e+01,
2.4153639487e+01,
2.4155032233e+01,
2.4155987157e+01,
2.4156612341e+01,
2.4156998877e+01,
2.4157221058e+01,
2.4157337045e+01,
2.4157390038e+01,
2.4157409917e+01,
2.4157415324e+01,
2.4157416122e+01,
2.4157416194e+01,
2.4157417612e+01,
2.4157427215e+01,
2.4157462517e+01,
2.4157556615e+01,
2.4157762524e+01,
2.4158156782e+01,
2.4158842136e+01,
2.4159949150e+01,
2.4161636515e+01,
2.4164089927e+01,
2.4167519348e+01,
2.4172154540e+01,
2.4178238838e+01,
2.4186021195e+01,
2.4195746675e+01,
2.4207645732e+01,
2.4221922749e+01,
2.4238744484e+01,
2.4258229180e+01,
2.4280437167e+01,
2.4305363755e+01,
2.4332935116e+01,
2.4363007651e+01,
2.4395371068e+01,
2.4429755052e+01,
2.4465839134e+01,
2.4503265030e+01,
2.4541650556e+01,
2.4580604101e+01,
2.4619738637e+01,
2.4658684368e+01,
2.4697099318e+01,
2.4734677363e+01,
2.4771153553e+01,
2.4806306747e+01,
2.4839959865e+01,
2.4871978168e+01,
2.4902266080e+01,
2.4930763052e+01,
2.4957438956e+01,
2.4982289382e+01,
2.5005331130e+01,
2.5026598095e+01,
2.5046137650e+01,
2.5064007568e+01,
2.5080273469e+01,
2.5095006766e+01,
2.5108283030e+01,
2.5120180727e+01,
2.5130780246e+01,
2.5140163156e+01,
2.5148411632e+01,
2.5155607995e+01,
2.5161834320e+01,
2.5167172077e+01,
2.5171701771e+01,
2.5175502554e+01,
2.5178651806e+01,
2.5181224671e+01,
2.5183293548e+01,
2.5184927549e+01,
2.5186191946e+01,
2.5187147609e+01,
2.5187850494e+01,
2.5188351176e+01,
2.5188694486e+01,
2.5188919259e+01,
2.5189058235e+01,
2.5189138120e+01,
2.5189179823e+01,
2.5189198877e+01,
2.5189206024e+01,
2.5189207969e+01,
2.5189208256e+01,
2.5189208282e+01,
2.5189208813e+01,
2.5189212411e+01,
2.5189225636e+01,
2.5189260890e+01,
2.5189338032e+01,
2.5189485740e+01,
2.5189742508e+01,
2.5190157257e+01,
2.5190789454e+01,
2.5191708699e+01,
2.5192993707e+01,
2.5194730661e+01,
2.5197010905e+01,
2.5199928012e+01,
2.5203574289e+01,
2.5208036857e+01,
2.5213393495e+01,
2.5219708481e+01,
2.5227028732e+01,
2.5235380541e+01,
2.5244767179e+01,
2.5255167624e+01,
2.5266536526e+01,
2.5278805472e+01,
2.5291885439e+01,
2.5305670257e+01,
2.5320040771e+01,
2.5334869389e+01,
2.5350024649e+01,
2.5365375509e+01,
2.5380795087e+01,
2.5396163709e+01,
2.5411371165e+01,
2.5426318179e+01,
2.5440917172e+01,
2.5455092418e+01,
2.5468779746e+01,
2.5481925922e+01,
2.5494487840e+01,
2.5506431647e+01,
2.5517731858e+01,
2.5528370536e+01,
2.5538336555e+01,
2.5547624955e+01,
2.5556236382e+01,
2.5564176611e+01,
2.5571456119e+01,
2.5578089698e+01,
2.5584096100e+01,
2.5589497681e+01,
2.5594320055e+01,
2.5598591732e+01,
2.5602343748e+01,
2.5605609270e+01,
2.5608423190e+01,
2.5610821688e+01,
2.5612841783e+01,
2.5614520859e+01,
2.5615896191e+01,
2.5617004454e+01,
2.5617881240e+01,
2.5618560600e+01,
2.5619074599e+01,
2.5619452930e+01,
2.5619722574e+01,
2.5619907535e+01,
2.5620028666e+01,
2.5620103572e+01,
2.5620146634e+01,
2.5620169115e+01,
2.5620179386e+01,
2.5620183240e+01,
2.5620184288e+01,
2.5620184443e+01,
2.5620184457e+01,
2.5620184758e+01,
2.5620186799e+01,
2.5620194300e+01,
2.5620214296e+01,
2.5620258053e+01,
2.5620341843e+01,
2.5620487526e+01,
2.5620722908e+01,
2.5621081856e+01,
2.5621604122e+01,
2.5622334870e+01,
2.5623323882e+01,
2.5624624438e+01,
2.5626291884e+01,
2.5628381927e+01,
2.5630948691e+01,
2.5634042631e+01,
2.5637708385e+01,
2.5641982692e+01,
2.5646892483e+01,
2.5652453274e+01,
2.5658667953e+01,
2.5665526048e+01,
2.5673003502e+01,
2.5681062984e+01,
2.5689654697e+01,
2.5698717631e+01,
2.5708181190e+01,
2.5717967125e+01,
2.5727991661e+01,
2.5738167754e+01,
2.5748407382e+01,
2.5758623785e+01,
2.5768733565e+01,
2.5778658578e+01,
2.5788327536e+01,
2.5797677268e+01,
2.5806653607e+01,
2.5815211891e+01,
2.5823317081e+01,
2.5830943549e+01,
2.5838074583e+01,
2.5844701657e+01,
2.5850823570e+01,
2.5856445485e+01,
2.5861577948e+01,
2.5866235938e+01,
2.5870437973e+01,
2.5874205303e+01,
2.5877561209e+01,
2.5880530407e+01,
2.5883138543e+01,
2.5885411792e+01,
2.5887376522e+01,
2.5889059033e+01,
2.5890485327e+01,
2.5891680924e+01,
2.5892670690e+01,
2.5893478675e+01,
2.5894127956e+01,
2.5894640476e+01,
2.5895036890e+01,
2.5895336405e+01,
2.5895556639e+01,
2.5895713487e+01,
2.5895821020e+01,
2.5895891418e+01,
2.5895934942e+01,
2.5895959959e+01,
2.5895973018e+01,
2.5895978985e+01,
2.5895981223e+01,
2.5895981832e+01,
2.5895981922e+01,
2.5895981931e+01,
2.5895982116e+01,
2.5895983371e+01,
2.5895987983e+01,
2.5896000276e+01,
2.5896027175e+01,
2.5896078676e+01,
2.5896168191e+01,
2.5896312750e+01,
2.5896533024e+01,
2.5896853147e+01,
2.5897300317e+01,
2.5897904142e+01,
2.5898695736e+01,
2.5899706565e+01,
2.5900967059e+01,
2.5902505048e+01,
2.5904344083e+01,
2.5906501747e+01,
2.5908988074e+01,
2.5911804203e+01,
2.5914941405e+01,
2.5918380608e+01,
2.5922092491e+01,
2.5926038224e+01,
2.5930170806e+01,
2.5934436966e+01,
2.5938779468e+01,
2.5943139658e+01,
2.5947460050e+01,
2.5951686745e+01,
2.5955771494e+01,
2.5959673284e+01,
2.5963359348e+01,
2.5966805595e+01,
2.5969996495e+01,
2.5972924510e+01,
2.5975589172e+01,
2.5977995958e+01,
2.5980155053e+01,
2.5982080128e+01,
2.5983787202e+01,
2.5985293635e+01,
2.5986617300e+01,
2.5987775918e+01,
2.5988786575e+01,
2.5989665379e+01,
2.5990427251e+01,
2.5991085820e+01,
2.5991653395e+01,
2.5992140997e+01,
2.5992558432e+01,
2.5992914381e+01,
2.5993216514e+01,
2.5993471602e+01,
2.5993685625e+01,
2.5993863878e+01,
2.5994011064e+01,
2.5994131374e+01,
2.5994228560e+01,
2.5994305988e+01,
2.5994366689e+01,
2.5994413385e+01,
2.5994448520e+01,
2.5994474275e+01,
2.5994492576e+01,
2.5994505103e+01,
2.5994513295e+01,
2.5994518357e+01,
2.5994521265e+01,
2.5994522783e+01,
2.5994523476e+01,
2.5994523736e+01,
2.5994523807e+01,
2.5994523817e+01,
2.5994523818e+01,
2.5994523841e+01,
2.5994523996e+01,
2.5994524566e+01,
2.5994526083e+01,
2.5994529403e+01,
2.5994535756e+01,
2.5994546788e+01,
2.5994564576e+01,
2.5994591614e+01,
2.5994630767e+01,
2.5994685176e+01,
2.5994758126e+01,
2.5994852859e+01,
2.5994972346e+01,
2.5995119026e+01,
2.5995294534e+01,
2.5995499433e+01,
2.5995733006e+01,
2.5995993113e+01,
2.5996276172e+01,
2.5996577267e+01,
2.5996890387e+01,
2.5997208794e+01,
2.5997525469e+01,
2.5997833590e+01,
2.5998126992e+01,
2.5998400543e+01,
2.5998650411e+01,
2.5998874184e+01,
2.5999070845e+01,
2.5999240634e+01,
2.5999384810e+01,
2.5999505372e+01,
2.5999604781e+01,
2.5999685717e+01,
2.5999750883e+01,
2.5999802863e+01,
2.5999844021e+01,
2.5999876431e+01,
2.5999901847e+01,
2.5999921719e+01,
2.5999937231e+01,
2.5999949363e+01,
2.5999958926e+01,
2.5999966563e+01,
2.5999972743e+01,
2.5999977753e+01,
2.5999981747e+01,
2.5999984836e+01,
2.5999987183e+01,
2.5999989012e+01,
2.5999990523e+01,
2.5999991833e+01,
2.5999992986e+01,
2.5999993998e+01,
2.5999994885e+01,
2.5999995663e+01,
2.5999996348e+01,
2.5999996951e+01,
2.5999997482e+01,
2.5999997949e+01,
2.5999998357e+01,
2.5999998712e+01,
2.5999999015e+01,
2.5999999270e+01,
2.5999999478e+01,
2.6000000000e+01,
2.6000000000e+01,
2.6000000000e+01,
2.6000000000e+01,
2.6000000000e+01,
2.6000000000e+01,
2.6000000000e+01,
2.6000000000e+01,
