0.0000000000e+00,
6.0887100517e-07,
1.9436358002e-05,
1.4699576300e-04,
6.1592366499e-04,
1.8659596630e-03,
4.6018679600e-03,
9.8423585890e-03,
1.8958417766e-02,
3.3699865697e-02,
5.6209372388e-02,
8.9023493155e-02,
1.3506042399e-01,
1.9759400645e-01,
2.8021295955e-01,
3.8676342710e-01,
5.2127194906e-01,
6.8784539119e-01,
8.9054490063e-01,
1.1332333149e+00,
1.4194000234e+00,
1.7519737071e+00,
2.1331402884e+00,
2.5641885074e+00,
3.0454062184e+00,
3.5760449651e+00,
4.1543587503e+00,
4.7777077236e+00,
5.4427033345e+00,
6.1453633986e+00,
6.8812470661e+00,
7.6455512923e+00,
8.4331688302e+00,
9.2387265672e+00,
1.0056634167e+01,
1.0881169411e+01,
1.1706606743e+01,
1.2527368087e+01,
1.3338157833e+01,
1.4134050943e+01,
1.4910529357e+01,
1.5663486059e+01,
1.6389222376e+01,
1.7084454305e+01,
1.7746330193e+01,
1.8372453773e+01,
1.8960904919e+01,
1.9510252546e+01,
2.0019557157e+01,
2.0488362895e+01,
2.0916680256e+01,
2.1304961125e+01,
2.1654067705e+01,
2.1965236656e+01,
2.2240039459e+01,
2.2480339749e+01,
2.2688248209e+01,
2.2866075571e+01,
2.3016284238e+01,
2.3141439143e+01,
2.3244158531e+01,
2.3327065463e+01,
2.3392740950e+01,
2.3443679698e+01,
2.3482249506e+01,
2.3510655364e+01,
2.3530909238e+01,
2.3544806463e+01,
2.3553909483e+01,
2.3559539483e+01,
2.3562776222e+01,
2.3564466106e+01,
2.3565238231e+01,
2.3565527883e+01,
2.3565606675e+01,
2.3565618304e+01,
2.3565619896e+01,
2.3565657492e+01,
2.3565912209e+01,
2.3566848569e+01,
2.3569344507e+01,
2.3574806535e+01,
2.3585265937e+01,
2.3603451686e+01,
2.3632835997e+01,
2.3677648710e+01,
2.3742857097e+01,
2.3834108329e+01,
2.3957632803e+01,
2.4120107883e+01,
2.4328483444e+01,
2.4589772880e+01,
2.4910815929e+01,
2.5298022475e+01,
2.5757109214e+01,
2.6292843198e+01,
2.6908807304e+01,
2.7607202106e+01,
2.8388696224e+01,
2.9252333348e+01,
3.0195499950e+01,
3.1213955105e+01,
3.2301923697e+01,
3.3452255225e+01,
3.4656647135e+01,
3.5905919292e+01,
3.7190307968e+01,
3.8499738271e+01,
3.9824047507e+01,
4.1153163248e+01,
4.2477263823e+01,
4.3786946646e+01,
4.5073406913e+01,
4.6328606637e+01,
4.7545406866e+01,
4.8717644648e+01,
4.9840152183e+01,
5.0908729395e+01,
5.1920087854e+01,
5.2871783354e+01,
5.3762149108e+01,
5.4590234953e+01,
5.5355752775e+01,
5.6059025695e+01,
5.6700938174e+01,
5.7282885206e+01,
5.7806720058e+01,
5.8274700955e+01,
5.8689437492e+01,
5.9053837456e+01,
5.9371054427e+01,
5.9644436204e+01,
5.9877473896e+01,
6.0073751450e+01,
6.0236895481e+01,
6.0370525467e+01,
6.0478204589e+01,
6.0563391832e+01,
6.0629396154e+01,
6.0679333817e+01,
6.0716090103e+01,
6.0742286710e+01,
6.0760256124e+01,
6.0772024133e+01,
6.0779301417e+01,
6.0783484867e+01,
6.0785668929e+01,
6.0786666827e+01,
6.0787041170e+01,
6.0787143000e+01,
6.0787158030e+01,
6.0787159457e+01,
6.0787188545e+01,
6.0787385621e+01,
6.0788110086e+01,
6.0790041196e+01,
6.0794267141e+01,
6.0802359409e+01,
6.0816429040e+01,
6.0839161545e+01,
6.0873827419e+01,
6.0924265479e+01,
6.0994836727e+01,
6.1090347166e+01,
6.1215939044e+01,
6.1376951460e+01,
6.1578753044e+01,
6.1826551559e+01,
6.2125187512e+01,
6.2478921079e+01,
6.2891223436e+01,
6.3364584662e+01,
6.3900350382e+01,
6.4498597972e+01,
6.5158060612e+01,
6.5876104106e+01,
6.6648758193e+01,
6.7470801861e+01,
6.8335901392e+01,
6.9236799543e+01,
7.0165552631e+01,
7.1113807611e+01,
7.2073103473e+01,
7.3035172815e+01,
7.3992213990e+01,
7.4937105284e+01,
7.5863541129e+01,
7.6766084537e+01,
7.7640145539e+01,
7.8481907908e+01,
7.9288232238e+01,
8.0056561731e+01,
8.0784848998e+01,
8.1471511020e+01,
8.2115408760e+01,
8.2715840916e+01,
8.3272539449e+01,
8.3785657317e+01,
8.4255744197e+01,
8.4683711182e+01,
8.5070788594e+01,
8.5418481772e+01,
8.5728528510e+01,
8.6002860074e+01,
8.6243566080e+01,
8.6452862570e+01,
8.6633062192e+01,
8.6786545457e+01,
8.6915732265e+01,
8.7023053260e+01,
8.7110920857e+01,
8.7181700119e+01,
8.7237679869e+01,
8.7281044677e+01,
8.7313848463e+01,
8.7337990615e+01,
8.7355195521e+01,
8.7366996426e+01,
8.7374724423e+01,
8.7379503260e+01,
8.7382250400e+01,
8.7383684592e+01,
8.7384339872e+01,
8.7384585687e+01,
8.7384652555e+01,
8.7384662425e+01,
8.7384663303e+01,
8.7384680593e+01,
8.7384797733e+01,
8.7385228350e+01,
8.7386376190e+01,
8.7388888068e+01,
8.7393698081e+01,
8.7402061057e+01,
8.7415573357e+01,
8.7436179187e+01,
8.7466160833e+01,
8.7508111456e+01,
8.7564889573e+01,
8.7639554988e+01,
8.7735286799e+01,
8.7855285242e+01,
8.8002660326e+01,
8.8180311587e+01,
8.8390804400e+01,
8.8636249160e+01,
8.8918189912e+01,
8.9237508567e+01,
8.9594349774e+01,
8.9988069946e+01,
9.0417212546e+01,
9.0879510768e+01,
9.1371918737e+01,
9.1890672764e+01,
9.2431384337e+01,
9.2989165338e+01,
9.3558782918e+01,
9.4134836868e+01,
9.4711947488e+01,
9.5284938575e+01,
9.5848999570e+01,
9.6399813490e+01,
9.6933642557e+01,
9.7447369781e+01,
9.7938500713e+01,
9.8405133835e+01,
9.8845909865e+01,
9.9259950032e+01,
9.9646791453e+01,
1.0000632524e+02,
1.0033874039e+02,
1.0064447472e+02,
1.0092417250e+02,
1.0117864835e+02,
1.0140885625e+02,
1.0161586304e+02,
1.0180082566e+02,
1.0196497157e+02,
1.0210958183e+02,
1.0223597641e+02,
1.0234550108e+02,
1.0243951556e+02,
1.0251938231e+02,
1.0258645569e+02,
1.0264207105e+02,
1.0268753373e+02,
1.0272410777e+02,
1.0275300448e+02,
1.0277537114e+02,
1.0279228005e+02,
1.0280471842e+02,
1.0281357961e+02,
1.0281965606e+02,
1.0282363468e+02,
1.0282609472e+02,
1.0282750880e+02,
1.0282824702e+02,
1.0282858430e+02,
1.0282871083e+02,
1.0282874524e+02,
1.0282875032e+02,
1.0282875077e+02,
1.0282875958e+02,
1.0282881925e+02,
1.0282903859e+02,
1.0282962326e+02,
1.0283090269e+02,
1.0283335252e+02,
1.0283761151e+02,
1.0284449168e+02,
1.0285498087e+02,
1.0287023657e+02,
1.0289157023e+02,
1.0292042144e+02,
1.0295832174e+02,
1.0300684836e+02,
1.0306756881e+02,
1.0314197825e+02,
1.0323143212e+02,
1.0333707767e+02,
1.0345978856e+02,
1.0360010703e+02,
1.0375819834e+02,
1.0393382144e+02,
1.0412631893e+02,
1.0433462765e+02,
1.0455730953e+02,
1.0479260024e+02,
1.0503847136e+02,
1.0529270096e+02,
1.0555294703e+02,
1.0581681905e+02,
1.0608194435e+02,
1.0634602728e+02,
1.0660690039e+02,
1.0686256749e+02,
1.0711123825e+02,
1.0735135396e+02,
1.0758160394e+02,
1.0780093232e+02,
1.0800853551e+02,
1.0820385105e+02,
1.0838653961e+02,
1.0855646196e+02,
1.0871365294e+02,
1.0885829446e+02,
1.0899068921e+02,
1.0911123610e+02,
1.0922040851e+02,
1.0931873543e+02,
1.0940678583e+02,
1.0948515581e+02,
1.0955445851e+02,
1.0961531611e+02,
1.0966835357e+02,
1.0971419378e+02,
1.0975345351e+02,
1.0978673999e+02,
1.0981464772e+02,
1.0983775536e+02,
1.0985662252e+02,
1.0987178631e+02,
1.0988375784e+02,
1.0989301845e+02,
1.0990001611e+02,
1.0990516186e+02,
1.0990882681e+02,
1.0991133955e+02,
1.0991298460e+02,
1.0991400168e+02,
1.0991458629e+02,
1.0991489148e+02,
1.0991503091e+02,
1.0991508322e+02,
1.0991509745e+02,
1.0991509955e+02,
1.0991509974e+02,
1.0991510347e+02,
1.0991512873e+02,
1.0991522162e+02,
1.0991546921e+02,
1.0991601100e+02,
1.0991704836e+02,
1.0991885162e+02,
1.0992176424e+02,
1.0992620363e+02,
1.0993265806e+02,
1.0994167939e+02,
1.0995387113e+02,
1.0996987183e+02,
1.0999033388e+02,
1.1001589813e+02,
1.1004716537e+02,
1.1008466576e+02,
1.1012882818e+02,
1.1017995138e+02,
1.1023817930e+02,
1.1030348261e+02,
1.1037564852e+02,
1.1045427997e+02,
1.1053880476e+02,
1.1062849436e+02,
1.1072249081e+02,
1.1081983997e+02,
1.1091952831e+02,
1.1102052074e+02,
1.1112179674e+02,
1.1122238286e+02,
1.1132137981e+02,
1.1141798338e+02,
1.1151149877e+02,
1.1160134841e+02,
1.1168707386e+02,
1.1176833261e+02,
1.1184489058e+02,
1.1191661167e+02,
1.1198344531e+02,
1.1204541313e+02,
1.1210259567e+02,
1.1215511993e+02,
1.1220314809e+02,
1.1224686794e+02,
1.1228648486e+02,
1.1232221543e+02,
1.1235428256e+02,
1.1238291178e+02,
1.1240832859e+02,
1.1243075662e+02,
1.1245041639e+02,
1.1246752441e+02,
1.1248229266e+02,
1.1249492809e+02,
1.1250563220e+02,
1.1251460061e+02,
1.1252202243e+02,
1.1252807964e+02,
1.1253294624e+02,
1.1253678729e+02,
1.1253975793e+02,
1.1254200231e+02,
1.1254365253e+02,
1.1254482776e+02,
1.1254563348e+02,
1.1254616094e+02,
1.1254648705e+02,
1.1254667449e+02,
1.1254677234e+02,
1.1254681705e+02,
1.1254683382e+02,
1.1254683838e+02,
1.1254683905e+02,
1.1254683911e+02,
1.1254684036e+02,
1.1254684880e+02,
1.1254687983e+02,
1.1254696255e+02,
1.1254714354e+02,
1.1254749008e+02,
1.1254809245e+02,
1.1254906531e+02,
1.1255054794e+02,
1.1255270313e+02,
1.1255571463e+02,
1.1255978300e+02,
1.1256511987e+02,
1.1257194061e+02,
1.1258045564e+02,
1.1259086074e+02,
1.1260332670e+02,
1.1261798920e+02,
1.1263493949e+02,
1.1265421668e+02,
1.1267580242e+02,
1.1269961853e+02,
1.1272552788e+02,
1.1275333852e+02,
1.1278281089e+02,
1.1281366735e+02,
1.1284560340e+02,
1.1287829958e+02,
1.1291143321e+02,
1.1294468927e+02,
1.1297776965e+02,
1.1301040056e+02,
1.1304233785e+02,
1.1307337021e+02,
1.1310332060e+02,
1.1313204592e+02,
1.1315943547e+02,
1.1318540850e+02,
1.1320991107e+02,
1.1323291279e+02,
1.1325440332e+02,
1.1327438919e+02,
1.1329289082e+02,
1.1330993987e+02,
1.1332557703e+02,
1.1333985014e+02,
1.1335281267e+02,
1.1336452248e+02,
1.1337504087e+02,
1.1338443176e+02,
1.1339276115e+02,
1.1340009652e+02,
1.1340650644e+02,
1.1341206016e+02,
1.1341682717e+02,
1.1342087684e+02,
1.1342427793e+02,
1.1342709817e+02,
1.1342940370e+02,
1.1343125857e+02,
1.1343272415e+02,
1.1343385860e+02,
1.1343471625e+02,
1.1343534718e+02,
1.1343579666e+02,
1.1343610489e+02,
1.1343630671e+02,
1.1343643150e+02,
1.1343650323e+02,
1.1343654068e+02,
1.1343655779e+02,
1.1343656421e+02,
1.1343656595e+02,
1.1343656621e+02,
1.1343656623e+02,
1.1343656674e+02,
1.1343657013e+02,
1.1343658263e+02,
1.1343661593e+02,
1.1343668881e+02,
1.1343682836e+02,
1.1343707095e+02,
1.1343746281e+02,
1.1343806015e+02,
1.1343892878e+02,
1.1344014319e+02,
1.1344178500e+02,
1.1344394081e+02,
1.1344669955e+02,
1.1345014919e+02,
1.1345437310e+02,
1.1345944624e+02,
1.1346543129e+02,
1.1347237502e+02,
1.1348030528e+02,
1.1348922862e+02,
1.1349912907e+02,
1.1350996787e+02,
1.1352168441e+02,
1.1353419820e+02,
1.1354741170e+02,
1.1356121379e+02,
1.1357548363e+02,
1.1359009455e+02,
1.1360491786e+02,
1.1361982629e+02,
1.1363469703e+02,
1.1364941422e+02,
1.1366387095e+02,
1.1367797076e+02,
1.1369162868e+02,
1.1370477181e+02,
1.1371733961e+02,
1.1372928374e+02,
1.1374056771e+02,
1.1375116628e+02,
1.1376106456e+02,
1.1377025714e+02,
1.1377874699e+02,
1.1378654437e+02,
1.1379366575e+02,
1.1380013274e+02,
1.1380597116e+02,
1.1381121010e+02,
1.1381588117e+02,
1.1382001782e+02,
1.1382365475e+02,
1.1382682746e+02,
1.1382957180e+02,
1.1383192368e+02,
1.1383391873e+02,
1.1383559207e+02,
1.1383697803e+02,
1.1383810992e+02,
1.1383901980e+02,
1.1383973824e+02,
1.1384029404e+02,
1.1384071406e+02,
1.1384102295e+02,
1.1384124295e+02,
1.1384139379e+02,
1.1384149255e+02,
1.1384155360e+02,
1.1384158870e+02,
1.1384160702e+02,
1.1384161539e+02,
1.1384161853e+02,
1.1384161939e+02,
1.1384161951e+02,
1.1384161952e+02,
1.1384161978e+02,
1.1384162154e+02,
1.1384162801e+02,
1.1384164526e+02,
1.1384168300e+02,
1.1384175525e+02,
1.1384188084e+02,
1.1384208367e+02,
1.1384239276e+02,
1.1384284203e+02,
1.1384346973e+02,
1.1384431756e+02,
1.1384542945e+02,
1.1384684999e+02,
1.1384862254e+02,
1.1385078707e+02,
1.1385337793e+02,
1.1385642151e+02,
1.1385993410e+02,
1.1386392001e+02,
1.1386837019e+02,
1.1387326153e+02,
1.1387855682e+02,
1.1388420558e+02,
1.1389014572e+02,
1.1389630587e+02,
1.1390260827e+02,
1.1390897210e+02,
1.1391531685e+02,
1.1392156559e+02,
1.1392764786e+02,
1.1393350199e+02,
1.1393907680e+02,
1.1394433243e+02,
1.1394924061e+02,
1.1395378420e+02,
1.1395795621e+02,
1.1396175852e+02,
1.1396520034e+02,
1.1396829662e+02,
1.1397106653e+02,
1.1397353199e+02,
1.1397571649e+02,
1.1397764405e+02,
1.1397933845e+02,
1.1398082260e+02,
1.1398211816e+02,
1.1398324528e+02,
1.1398422248e+02,
1.1398506660e+02,
1.1398579286e+02,
1.1398641495e+02,
1.1398694511e+02,
1.1398739431e+02,
1.1398777238e+02,
1.1398808811e+02,
1.1398834941e+02,
1.1398856342e+02,
1.1398873657e+02,
1.1398887470e+02,
1.1398898310e+02,
1.1398906656e+02,
1.1398912940e+02,
1.1398917549e+02,
1.1398920824e+02,
1.1398923067e+02,
1.1398924534e+02,
1.1398925441e+02,
1.1398925961e+02,
1.1398926233e+02,
1.1398926357e+02,
1.1398926404e+02,
1.1398926417e+02,
1.1398926419e+02,
1.1398926419e+02,
1.1398926423e+02,
1.1398926451e+02,
1.1398926553e+02,
1.1398926824e+02,
1.1398927419e+02,
1.1398928557e+02,
1.1398930534e+02,
1.1398933721e+02,
1.1398938568e+02,
1.1398945591e+02,
1.1398955357e+02,
1.1398968464e+02,
1.1398985510e+02,
1.1399007048e+02,
1.1399033548e+02,
1.1399065348e+02,
1.1399102604e+02,
1.1399145253e+02,
1.1399192988e+02,
1.1399245241e+02,
1.1399301203e+02,
1.1399359856e+02,
1.1399420026e+02,
1.1399480462e+02,
1.1399539912e+02,
1.1399597208e+02,
1.1399651336e+02,
1.1399701489e+02,
1.1399747095e+02,
1.1399787832e+02,
1.1399823605e+02,
1.1399854523e+02,
1.1399880853e+02,
1.1399902975e+02,
1.1399921339e+02,
1.1399936422e+02,
1.1399948697e+02,
1.1399958610e+02,
1.1399966564e+02,
1.1399972916e+02,
1.1399977973e+02,
1.1399981992e+02,
1.1399985185e+02,
1.1399987726e+02,
1.1399989753e+02,
1.1399991377e+02,
1.1399992687e+02,
1.1399993754e+02,
1.1399994634e+02,
1.1399995368e+02,
1.1399995990e+02,
1.1399996523e+02,
1.1399996987e+02,
1.1399997394e+02,
1.1399997756e+02,
1.1399998079e+02,
1.1399998370e+02,
1.1399998630e+02,
1.1399998863e+02,
1.1399999069e+02,
1.1399999249e+02,
1.1399999405e+02,
1.1399999539e+02,
1.1399999651e+02,
1.1399999743e+02,
1.1399999817e+02,
1.1399999876e+02,
1.1399999920e+02,
1.1399999952e+02,
1.1400000000e+02,
1.1400000000e+02,
1.1400000000e+02,
1.1400000000e+02,
1.1400000000e+02,
