0.0000000000e+00,
5.0678660557e-07,
1.6177633995e-05,
1.2235025180e-04,
5.1265683130e-04,
1.5531077700e-03,
3.8302962771e-03,
8.1921002838e-03,
1.5779545990e-02,
2.8048834373e-02,
4.6782879005e-02,
7.4091999646e-02,
1.1240358066e-01,
1.6444045055e-01,
2.3318740832e-01,
3.2184472867e-01,
4.3376676498e-01,
5.7238325186e-01,
7.4110105507e-01,
9.4318544200e-01,
1.1816228070e+00,
1.4589711082e+00,
1.7772093391e+00,
2.1376017723e+00,
2.5405947279e+00,
2.9857616917e+00,
3.4718062194e+00,
3.9966221530e+00,
4.5573997375e+00,
5.1507575250e+00,
5.7728764670e+00,
6.4196157688e+00,
7.0865991944e+00,
7.7692727810e+00,
8.4629462481e+00,
9.1628365350e+00,
9.8641298897e+00,
1.0562068668e+01,
1.1252054589e+01,
1.1929749281e+01,
1.2591152363e+01,
1.3232647372e+01,
1.3851019310e+01,
1.4443455884e+01,
1.5007544370e+01,
1.5541270723e+01,
1.6043021768e+01,
1.6511588050e+01,
1.6946164129e+01,
1.7346343969e+01,
1.7712110228e+01,
1.8043817306e+01,
1.8342168611e+01,
1.8608188806e+01,
1.8843191863e+01,
1.9048745664e+01,
1.9226633885e+01,
1.9378815776e+01,
1.9507384470e+01,
1.9614524457e+01,
1.9702468916e+01,
1.9773457644e+01,
1.9829696407e+01,
1.9873318575e+01,
1.9906349960e+01,
1.9930677735e+01,
1.9948024304e+01,
1.9959926889e+01,
1.9967723465e+01,
1.9972545497e+01,
1.9975317741e+01,
1.9976765118e+01,
1.9977426440e+01,
1.9977674525e+01,
1.9977742011e+01,
1.9977751971e+01,
1.9977753335e+01,
1.9977785535e+01,
1.9978003700e+01,
1.9978805689e+01,
1.9980943458e+01,
1.9985621699e+01,
1.9994580278e+01,
2.0010156778e+01,
2.0035325717e+01,
2.0073711228e+01,
2.0129570361e+01,
2.0207744730e+01,
2.0313579001e+01,
2.0452805852e+01,
2.0631398527e+01,
2.0855393939e+01,
2.1130691407e+01,
2.1462834451e+01,
2.1856785330e+01,
2.2316704038e+01,
2.2845744871e+01,
2.3445883996e+01,
2.4117790255e+01,
2.4860748263e+01,
2.5672637825e+01,
2.6549967664e+01,
2.7487956460e+01,
2.8480652571e+01,
2.9521086859e+01,
3.0601458612e+01,
3.1713356721e+01,
3.2848010711e+01,
3.3996549939e+01,
3.5150236436e+01,
3.6300642511e+01,
3.7439768842e+01,
3.8560123865e+01,
3.9654792023e+01,
4.0717505678e+01,
4.1742717397e+01,
4.2725659016e+01,
4.3662374668e+01,
4.4549722307e+01,
4.5385346409e+01,
4.6167629735e+01,
4.6895633559e+01,
4.7569034391e+01,
4.8188062583e+01,
4.8753445383e+01,
4.9266354933e+01,
4.9728360446e+01,
5.0141383300e+01,
5.0507653800e+01,
5.0829668609e+01,
5.1110148141e+01,
5.1351993492e+01,
5.1558242698e+01,
5.1732026316e+01,
5.1876522465e+01,
5.1994911667e+01,
5.2090331993e+01,
5.2165835226e+01,
5.2224344906e+01,
5.2268617317e+01,
5.2301206524e+01,
5.2324434657e+01,
5.2340368562e+01,
5.2350803843e+01,
5.2357257095e+01,
5.2360966882e+01,
5.2362903669e+01,
5.2363788590e+01,
5.2364120553e+01,
5.2364210854e+01,
5.2364224183e+01,
5.2364225448e+01,
5.2364251243e+01,
5.2364426007e+01,
5.2365068454e+01,
5.2366780944e+01,
5.2370528495e+01,
5.2377704772e+01,
5.2390182089e+01,
5.2410342612e+01,
5.2441088110e+01,
5.2485825924e+01,
5.2548429185e+01,
5.2633170015e+01,
5.2744625313e+01,
5.2887555972e+01,
5.3066761873e+01,
5.3286916721e+01,
5.3552388661e+01,
5.3867054344e+01,
5.4234115592e+01,
5.4655928863e+01,
5.5133858048e+01,
5.5668160905e+01,
5.6257918275e+01,
5.6901013149e+01,
5.7594163179e+01,
5.8333005104e+01,
5.9112223249e+01,
5.9925708596e+01,
6.0766732745e+01,
6.1628124598e+01,
6.2502445461e+01,
6.3382165833e+01,
6.4259849166e+01,
6.5128342814e+01,
6.5980967325e+01,
6.6811687599e+01,
6.7615247406e+01,
6.8387252984e+01,
6.9124200002e+01,
6.9823447717e+01,
7.0483151663e+01,
7.1102170247e+01,
7.1679960769e+01,
7.2216477736e+01,
7.2712082176e+01,
7.3167466224e+01,
7.3583593647e+01,
7.3961654511e+01,
7.4303030911e+01,
7.4609270445e+01,
7.4882064463e+01,
7.5123228747e+01,
7.5334684991e+01,
7.5518442048e+01,
7.5676576349e+01,
7.5811211220e+01,
7.5924495036e+01,
7.6018578297e+01,
7.6095589865e+01,
7.6157612696e+01,
7.6206659553e+01,
7.6244649297e+01,
7.6273384450e+01,
7.6294530829e+01,
7.6309600053e+01,
7.6319935727e+01,
7.6326704039e+01,
7.6330889362e+01,
7.6333295296e+01,
7.6334551349e+01,
7.6335125237e+01,
7.6335340519e+01,
7.6335399081e+01,
7.6335407725e+01,
7.6335408494e+01,
7.6335423636e+01,
7.6335526226e+01,
7.6335903355e+01,
7.6336908616e+01,
7.6339108474e+01,
7.6343320958e+01,
7.6350644921e+01,
7.6362478146e+01,
7.6380522700e+01,
7.6406776071e+01,
7.6443506868e+01,
7.6493214264e+01,
7.6558570952e+01,
7.6642350126e+01,
7.6747338021e+01,
7.6876234642e+01,
7.7031546477e+01,
7.7215476098e+01,
7.7429814411e+01,
7.7675841814e+01,
7.7954244642e+01,
7.8265052955e+01,
7.8607605090e+01,
7.8980543440e+01,
7.9381844417e+01,
7.9808883091e+01,
8.0258529024e+01,
8.0727264459e+01,
8.1211310766e+01,
8.1706746777e+01,
8.2209605883e+01,
8.2715947315e+01,
8.3221907096e+01,
8.3723740369e+01,
8.4217866437e+01,
8.4700922067e+01,
8.5169821324e+01,
8.5621815011e+01,
8.6054541164e+01,
8.6466059615e+01,
8.6854866917e+01,
8.7219891499e+01,
8.7560471670e+01,
8.7876320800e+01,
8.8167484482e+01,
8.8434294167e+01,
8.8677320900e+01,
8.8897331767e+01,
8.9095250635e+01,
8.9272123893e+01,
8.9429091284e+01,
8.9567361437e+01,
8.9688191452e+01,
8.9792869780e+01,
8.9882701585e+01,
8.9958995871e+01,
9.0023053711e+01,
9.0076157089e+01,
9.0119558004e+01,
9.0154467636e+01,
9.0182045551e+01,
9.0203389082e+01,
9.0219523122e+01,
9.0231390716e+01,
9.0239844860e+01,
9.0245641997e+01,
9.0249437636e+01,
9.0251784504e+01,
9.0253133518e+01,
9.0253837766e+01,
9.0254159529e+01,
9.0254280232e+01,
9.0254313065e+01,
9.0254317912e+01,
9.0254318340e+01,
9.0254326742e+01,
9.0254383664e+01,
9.0254592913e+01,
9.0255150673e+01,
9.0256371209e+01,
9.0258708265e+01,
9.0262771121e+01,
9.0269334279e+01,
9.0279339758e+01,
9.0293891041e+01,
9.0314237834e+01,
9.0341751009e+01,
9.0377887477e+01,
9.0424145216e+01,
9.0482009350e+01,
9.0552890952e+01,
9.0638061101e+01,
9.0738583555e+01,
9.0855250119e+01,
9.0988523215e+01,
9.1138490252e+01,
9.1304833928e+01,
9.1486821704e+01,
9.1683316238e+01,
9.1892806855e+01,
9.2113460239e+01,
9.2343186867e+01,
9.2579718374e+01,
9.2820690316e+01,
9.3063724733e+01,
9.3306507375e+01,
9.3546855381e+01,
9.3782772355e+01,
9.4012489067e+01,
9.4234489230e+01,
9.4447520997e+01,
9.4650595787e+01,
9.4842976746e+01,
9.5024159567e+01,
9.5193848371e+01,
9.5351929134e+01,
9.5498442622e+01,
9.5633558328e+01,
9.5757550350e+01,
9.5870775761e+01,
9.5973655710e+01,
9.6066659275e+01,
9.6150289938e+01,
9.6225074495e+01,
9.6291554122e+01,
9.6350277302e+01,
9.6401794307e+01,
9.6446652911e+01,
9.6485395020e+01,
9.6518553942e+01,
9.6546652031e+01,
9.6570198487e+01,
9.6589687143e+01,
9.6605594119e+01,
9.6618375295e+01,
9.6628463581e+01,
9.6636266066e+01,
9.6642161124e+01,
9.6646495655e+01,
9.6649582599e+01,
9.6651698954e+01,
9.6653084443e+01,
9.6653941028e+01,
9.6654433381e+01,
9.6654690405e+01,
9.6654807835e+01,
9.6654851886e+01,
9.6654863869e+01,
9.6654865637e+01,
9.6654865796e+01,
9.6654868937e+01,
9.6654890217e+01,
9.6654968445e+01,
9.6655176960e+01,
9.6655633237e+01,
9.6656506858e+01,
9.6658025453e+01,
9.6660478190e+01,
9.6664216396e+01,
9.6669650893e+01,
9.6677245694e+01,
9.6687507765e+01,
9.6700972760e+01,
9.6718186803e+01,
9.6739684753e+01,
9.6765965692e+01,
9.6797466792e+01,
9.6834537071e+01,
9.6877412823e+01,
9.6926196674e+01,
9.6980842160e+01,
9.7041145455e+01,
9.7106745409e+01,
9.7177132351e+01,
9.7251665387e+01,
9.7329597076e+01,
9.7410103699e+01,
9.7492318831e+01,
9.7575367635e+01,
9.7658399375e+01,
9.7740615929e+01,
9.7821294631e+01,
9.7899804473e+01,
9.7975615383e+01,
9.8048301030e+01,
9.8117536055e+01,
9.8183089031e+01,
9.8244812532e+01,
9.8302631672e+01,
9.8356532244e+01,
9.8406549354e+01,
9.8452757135e+01,
9.8495259836e+01,
9.8534184401e+01,
9.8569674453e+01,
9.8601885549e+01,
9.8630981477e+01,
9.8657131415e+01,
9.8680507749e+01,
9.8701284404e+01,
9.8719635543e+01,
9.8735734553e+01,
9.8749753220e+01,
9.8761861036e+01,
9.8772224579e+01,
9.8781006915e+01,
9.8788366993e+01,
9.8794458987e+01,
9.8799431578e+01,
9.8803427162e+01,
9.8806580993e+01,
9.8809020279e+01,
9.8810863277e+01,
9.8812218416e+01,
9.8813183520e+01,
9.8813845182e+01,
9.8814278347e+01,
9.8814546153e+01,
9.8814700085e+01,
9.8814780442e+01,
9.8814817156e+01,
9.8814830928e+01,
9.8814834675e+01,
9.8814835228e+01,
9.8814835279e+01,
9.8814836302e+01,
9.8814843234e+01,
9.8814868718e+01,
9.8814936645e+01,
9.8815085283e+01,
9.8815369874e+01,
9.8815864561e+01,
9.8816663520e+01,
9.8817881146e+01,
9.8819651156e+01,
9.8822124498e+01,
9.8825465953e+01,
9.8829849413e+01,
9.8835451839e+01,
9.8842446064e+01,
9.8850992658e+01,
9.8861231246e+01,
9.8873271756e+01,
9.8887186159e+01,
9.8903001319e+01,
9.8920693513e+01,
9.8940185136e+01,
9.8961343930e+01,
9.8983984937e+01,
9.9007875185e+01,
9.9032740966e+01,
9.9058277453e+01,
9.9084160271e+01,
9.9110058562e+01,
9.9135648898e+01,
9.9160629217e+01,
9.9184731758e+01,
9.9207733774e+01,
9.9229464899e+01,
9.9249810283e+01,
9.9268709218e+01,
9.9286149659e+01,
9.9302159696e+01,
9.9316797421e+01,
9.9330140655e+01,
9.9342277735e+01,
9.9353300102e+01,
9.9363296962e+01,
9.9372351931e+01,
9.9380541332e+01,
9.9387933734e+01,
9.9394590334e+01,
9.9400565813e+01,
9.9405909423e+01,
9.9410666105e+01,
9.9414877527e+01,
9.9418582971e+01,
9.9421820041e+01,
9.9424625189e+01,
9.9427034063e+01,
9.9429081694e+01,
9.9430802552e+01,
9.9432230482e+01,
9.9433398552e+01,
9.9434338834e+01,
9.9435082141e+01,
9.9435657734e+01,
9.9436093030e+01,
9.9436413327e+01,
9.9436641555e+01,
9.9436798082e+01,
9.9436900580e+01,
9.9436963960e+01,
9.9437000394e+01,
9.9437019415e+01,
9.9437028105e+01,
9.9437031365e+01,
9.9437032252e+01,
9.9437032383e+01,
9.9437032395e+01,
9.9437032650e+01,
9.9437034376e+01,
9.9437040723e+01,
9.9437057640e+01,
9.9437094659e+01,
9.9437165544e+01,
9.9437288780e+01,
9.9437487867e+01,
9.9437791406e+01,
9.9438232922e+01,
9.9438850433e+01,
9.9439685734e+01,
9.9440783401e+01,
9.9442189546e+01,
9.9443950357e+01,
9.9446110502e+01,
9.9448711486e+01,
9.9451790090e+01,
9.9455376977e+01,
9.9459495598e+01,
9.9464161440e+01,
9.9469381653e+01,
9.9475155022e+01,
9.9481472209e+01,
9.9488316180e+01,
9.9495662711e+01,
9.9503480901e+01,
9.9511733664e+01,
9.9520378177e+01,
9.9529366339e+01,
9.9538645268e+01,
9.9548157888e+01,
9.9557843629e+01,
9.9567639277e+01,
9.9577479931e+01,
9.9587300083e+01,
9.9597034760e+01,
9.9606620690e+01,
9.9615997453e+01,
9.9625108552e+01,
9.9633902378e+01,
9.9642333010e+01,
9.9650360844e+01,
9.9657953022e+01,
9.9665083663e+01,
9.9671733906e+01,
9.9677891785e+01,
9.9683551953e+01,
9.9688715294e+01,
9.9693388447e+01,
9.9697583261e+01,
9.9701316211e+01,
9.9704607797e+01,
9.9707481929e+01,
9.9709965306e+01,
9.9712086810e+01,
9.9713876902e+01,
9.9715367034e+01,
9.9716589078e+01,
9.9717574765e+01,
9.9718355169e+01,
9.9718960202e+01,
9.9719418170e+01,
9.9719755370e+01,
9.9719995755e+01,
9.9720160675e+01,
9.9720268691e+01,
9.9720335494e+01,
9.9720373898e+01,
9.9720393948e+01,
9.9720403109e+01,
9.9720406545e+01,
9.9720407480e+01,
9.9720407618e+01,
9.9720407632e+01,
9.9720407916e+01,
9.9720409842e+01,
9.9720416924e+01,
9.9720435799e+01,
9.9720477107e+01,
9.9720556210e+01,
9.9720693752e+01,
9.9720916007e+01,
9.9721254995e+01,
9.9721748347e+01,
9.9722438889e+01,
9.9723373941e+01,
9.9724604320e+01,
9.9726183052e+01,
9.9728163817e+01,
9.9730599146e+01,
9.9733538438e+01,
9.9737025836e+01,
9.9741098071e+01,
9.9745782351e+01,
9.9751094408e+01,
9.9757036835e+01,
9.9763597806e+01,
9.9770750319e+01,
9.9778452056e+01,
9.9786645917e+01,
9.9795261293e+01,
9.9804216033e+01,
9.9813419053e+01,
9.9822773445e+01,
9.9832179899e+01,
9.9841540221e+01,
9.9850760701e+01,
9.9859755112e+01,
9.9868447152e+01,
9.9876772205e+01,
9.9884678357e+01,
9.9892126692e+01,
9.9899090942e+01,
9.9905556596e+01,
9.9911519633e+01,
9.9916985001e+01,
9.9921965007e+01,
9.9926477712e+01,
9.9930545423e+01,
9.9934193356e+01,
9.9937448487e+01,
9.9940338610e+01,
9.9942891601e+01,
9.9945134867e+01,
9.9947094957e+01,
9.9948797307e+01,
9.9950266096e+01,
9.9951524184e+01,
9.9952593102e+01,
9.9953493083e+01,
9.9954243111e+01,
9.9954860972e+01,
9.9955363302e+01,
9.9955765621e+01,
9.9956082349e+01,
9.9956326811e+01,
9.9956511219e+01,
9.9956646651e+01,
9.9956743018e+01,
9.9956809046e+01,
9.9956852254e+01,
9.9956878960e+01,
9.9956894308e+01,
9.9956902320e+01,
9.9956905980e+01,
9.9956907353e+01,
9.9956907726e+01,
9.9956907781e+01,
9.9956907787e+01,
9.9956907908e+01,
9.9956908725e+01,
9.9956911732e+01,
9.9956919744e+01,
9.9956937275e+01,
9.9956970833e+01,
9.9957029137e+01,
9.9957123232e+01,
9.9957266465e+01,
9.9957474312e+01,
9.9957764023e+01,
9.9958154073e+01,
9.9958663400e+01,
9.9959310451e+01,
9.9960112052e+01,
9.9961082161e+01,
9.9962230591e+01,
9.9963561797e+01,
9.9965073867e+01,
9.9966757843e+01,
9.9968597477e+01,
9.9970569523e+01,
9.9972644582e+01,
9.9974788475e+01,
9.9976964043e+01,
9.9979133205e+01,
9.9981259084e+01,
9.9983307980e+01,
9.9985251008e+01,
9.9987065260e+01,
9.9988734408e+01,
9.9990248767e+01,
9.9991604877e+01,
9.9992804710e+01,
9.9993854658e+01,
9.9994764409e+01,
9.9995545846e+01,
9.9996212048e+01,
9.9996776453e+01,
9.9997252222e+01,
9.9997651793e+01,
9.9997986607e+01,
9.9998266960e+01,
9.9998501952e+01,
9.9998699487e+01,
9.9998866330e+01,
9.9999008181e+01,
9.9999129783e+01,
9.9999235022e+01,
9.9999327040e+01,
9.9999408327e+01,
9.9999480815e+01,
9.9999545963e+01,
9.9999604845e+01,
9.9999658230e+01,
9.9999706653e+01,
9.9999750486e+01,
9.9999789992e+01,
9.9999825366e+01,
9.9999856773e+01,
9.9999884369e+01,
9.9999908320e+01,
9.9999928811e+01,
9.9999946052e+01,
9.9999960278e+01,
9.9999971749e+01,
9.9999980743e+01,
9.9999987560e+01,
9.9999992505e+01,
9.9999995894e+01,
9.9999998039e+01,
9.9999999245e+01,
1.0000000000e+02,
1.0000000000e+02,
