0.0000000000e+00,
4.1575040655e-07,
1.3271577501e-05,
1.0037194940e-04,
4.2056589990e-04,
1.2741143603e-03,
3.1422310755e-03,
6.7204597226e-03,
1.2944782169e-02,
2.3009626334e-02,
3.8377228854e-02,
6.0778064347e-02,
9.2202222487e-02,
1.3488163416e-01,
1.9126287143e-01,
2.6396987108e-01,
3.5575543937e-01,
4.6943997749e-01,
6.0783582438e-01,
7.7365629939e-01,
9.6941022780e-01,
1.1972855010e+00,
1.4590287231e+00,
1.7558314425e+00,
2.0882357440e+00,
2.4560719608e+00,
2.8584382709e+00,
3.2937261206e+00,
3.7596879267e+00,
4.2535362525e+00,
4.7720587217e+00,
5.3117318491e+00,
5.8688201107e+00,
6.4394530135e+00,
7.0196806829e+00,
7.6055151848e+00,
8.1929683332e+00,
8.7780959759e+00,
9.3570539359e+00,
9.9261637971e+00,
1.0481980583e+01,
1.1021352002e+01,
1.1541461334e+01,
1.2039851577e+01,
1.2514433825e+01,
1.2963485571e+01,
1.3385644274e+01,
1.3779899394e+01,
1.4145583854e+01,
1.4482364446e+01,
1.4790230150e+01,
1.5069477472e+01,
1.5320692258e+01,
1.5544727853e+01,
1.5742679774e+01,
1.5915857250e+01,
1.6065752098e+01,
1.6194005483e+01,
1.6302373104e+01,
1.6392689438e+01,
1.6466831691e+01,
1.6526684141e+01,
1.6574103627e+01,
1.6610886949e+01,
1.6638740974e+01,
1.6659256219e+01,
1.6673884641e+01,
1.6683922288e+01,
1.6690497339e+01,
1.6694563908e+01,
1.6696901837e+01,
1.6698122463e+01,
1.6698680180e+01,
1.6698889400e+01,
1.6698946313e+01,
1.6698954713e+01,
1.6698955863e+01,
1.6698983019e+01,
1.6699167005e+01,
1.6699843354e+01,
1.6701646219e+01,
1.6705591581e+01,
1.6713146789e+01,
1.6726283387e+01,
1.6747510329e+01,
1.6779884948e+01,
1.6826999345e+01,
1.6892940336e+01,
1.6982221787e+01,
1.7099689069e+01,
1.7250396623e+01,
1.7439461065e+01,
1.7671893939e+01,
1.7952419974e+01,
1.8285288357e+01,
1.8674086019e+01,
1.9121563044e+01,
1.9629481026e+01,
2.0198495184e+01,
2.0828080026e+01,
2.1516505706e+01,
2.2260867738e+01,
2.3057166553e+01,
2.3900427010e+01,
2.4784843660e+01,
2.5703937688e+01,
2.6650716767e+01,
2.7617837386e+01,
2.8597775255e+01,
2.9583007481e+01,
3.0566199524e+01,
3.1540377005e+01,
3.2499058834e+01,
3.3436338992e+01,
3.4346922934e+01,
3.5226137250e+01,
3.6069931008e+01,
3.6874877900e+01,
3.7638178574e+01,
3.8357657780e+01,
3.9031751422e+01,
3.9659481642e+01,
4.0240421168e+01,
4.0774650065e+01,
4.1262708457e+01,
4.1705548269e+01,
4.2104486015e+01,
4.2461157673e+01,
4.2777475832e+01,
4.3055588791e+01,
4.3297841051e+01,
4.3506734553e+01,
4.3684890168e+01,
4.3835009069e+01,
4.3959833894e+01,
4.4062109799e+01,
4.4144545765e+01,
4.4209776737e+01,
4.4260327337e+01,
4.4298578089e+01,
4.4326735124e+01,
4.4346804420e+01,
4.4360571550e+01,
4.4369587835e+01,
4.4375163589e+01,
4.4378368934e+01,
4.4380042366e+01,
4.4380806961e+01,
4.4381093785e+01,
4.4381171808e+01,
4.4381183324e+01,
4.4381184417e+01,
4.4381206705e+01,
4.4381357706e+01,
4.4381912796e+01,
4.4383392433e+01,
4.4386630419e+01,
4.4392830933e+01,
4.4403611745e+01,
4.4421031215e+01,
4.4447596797e+01,
4.4486253033e+01,
4.4540347398e+01,
4.4613572920e+01,
4.4709887303e+01,
4.4833409374e+01,
4.4988295021e+01,
4.5178596327e+01,
4.5408109273e+01,
4.5680216915e+01,
4.5997736158e+01,
4.6362776855e+01,
4.6776621758e+01,
4.7239634654e+01,
4.7751201976e+01,
4.8309710650e+01,
4.8912562476e+01,
4.9556223842e+01,
5.0236309296e+01,
5.0947698177e+01,
5.1684683391e+01,
5.2441148404e+01,
5.3210761588e+01,
5.3987168823e+01,
5.4764161779e+01,
5.5535805599e+01,
5.6296524304e+01,
5.7041156490e+01,
5.7764999136e+01,
5.8463851962e+01,
5.9134064338e+01,
5.9772578174e+01,
6.0376957192e+01,
6.0945395101e+01,
6.1476699791e+01,
6.1970255502e+01,
6.2425968163e+01,
6.2844200595e+01,
6.3225704085e+01,
6.3571551608e+01,
6.3883076376e+01,
6.4161817653e+01,
6.4409474477e+01,
6.4627866861e+01,
6.4818903452e+01,
6.4984554353e+01,
6.5126827714e+01,
6.5247748856e+01,
6.5349340887e+01,
6.5433606023e+01,
6.5502507116e+01,
6.5557949188e+01,
6.5601760997e+01,
6.5635676917e+01,
6.5661319621e+01,
6.5680184156e+01,
6.5693624145e+01,
6.5702840838e+01,
6.5708875714e+01,
6.5712607236e+01,
6.5714752211e+01,
6.5715871999e+01,
6.5716383622e+01,
6.5716575546e+01,
6.5716627753e+01,
6.5716635459e+01,
6.5716636145e+01,
6.5716649644e+01,
6.5716741103e+01,
6.5717077310e+01,
6.5717973486e+01,
6.5719934584e+01,
6.5723689714e+01,
6.5730218015e+01,
6.5740764380e+01,
6.5756843453e+01,
6.5780230420e+01,
6.5812937329e+01,
6.5857174032e+01,
6.5915293398e+01,
6.5989721278e+01,
6.6082872687e+01,
6.6197056954e+01,
6.6334375902e+01,
6.6496620431e+01,
6.6685171958e+01,
6.6900915806e+01,
6.7144173552e+01,
6.7414660458e+01,
6.7711472263e+01,
6.8033102955e+01,
6.8377491962e+01,
6.8742096074e+01,
6.9123978949e+01,
6.9519909906e+01,
6.9926464322e+01,
7.0340120018e+01,
7.0757347102e+01,
7.1174691309e+01,
7.1588852040e+01,
7.1996755069e+01,
7.2395617018e+01,
7.2782995886e+01,
7.3156821279e+01,
7.3515400747e+01,
7.3857403680e+01,
7.4181829098e+01,
7.4487965983e+01,
7.4775353924e+01,
7.5043748887e+01,
7.5293095650e+01,
7.5523506146e+01,
7.5735241907e+01,
7.5928698847e+01,
7.6104393086e+01,
7.6262947162e+01,
7.6405076399e+01,
7.6531575493e+01,
7.6643305445e+01,
7.6741180956e+01,
7.6826158326e+01,
7.6899223806e+01,
7.6961382317e+01,
7.7013646405e+01,
7.7057025325e+01,
7.7092514195e+01,
7.7121083217e+01,
7.7143667059e+01,
7.7161154559e+01,
7.7174379008e+01,
7.7184109316e+01,
7.7191042422e+01,
7.7195797283e+01,
7.7198910818e+01,
7.7200836063e+01,
7.7201942766e+01,
7.7202520529e+01,
7.7202784505e+01,
7.7202883531e+01,
7.7202910468e+01,
7.7202914444e+01,
7.7202914795e+01,
7.7202921688e+01,
7.7202968388e+01,
7.7203140059e+01,
7.7203597657e+01,
7.7204599030e+01,
7.7206516510e+01,
7.7209850183e+01,
7.7215236028e+01,
7.7223448165e+01,
7.7235394485e+01,
7.7252105082e+01,
7.7274713031e+01,
7.7304427343e+01,
7.7342498312e+01,
7.7390175876e+01,
7.7448662214e+01,
7.7519060356e+01,
7.7602321171e+01,
7.7699191598e+01,
7.7810167319e+01,
7.7935453211e+01,
7.8074934718e+01,
7.8228162853e+01,
7.8394354727e+01,
7.8572410455e+01,
7.8760945990e+01,
7.8958340087e+01,
7.9162792256e+01,
7.9372387518e+01,
7.9585163147e+01,
7.9799172611e+01,
8.0012542504e+01,
8.0223519464e+01,
8.0430505506e+01,
8.0632081709e+01,
8.0827021340e+01,
8.1014294261e+01,
8.1193064635e+01,
8.1362683777e+01,
8.1522679549e+01,
8.1672743279e+01,
8.1812714840e+01,
8.1942566429e+01,
8.2062385572e+01,
8.2172357944e+01,
8.2272750672e+01,
8.2363896699e+01,
8.2446180709e+01,
8.2520026887e+01,
8.2585888615e+01,
8.2644240000e+01,
8.2695569037e+01,
8.2740372089e+01,
8.2779149367e+01,
8.2812401106e+01,
8.2840624138e+01,
8.2864308654e+01,
8.2883934983e+01,
8.2899970277e+01,
8.2912865068e+01,
8.2923049714e+01,
8.2930930801e+01,
8.2936887620e+01,
8.2941268871e+01,
8.2944389768e+01,
8.2946529727e+01,
8.2947930813e+01,
8.2948797098e+01,
8.2949295046e+01,
8.2949554997e+01,
8.2949673765e+01,
8.2949718318e+01,
8.2949730438e+01,
8.2949732227e+01,
8.2949732387e+01,
8.2949735564e+01,
8.2949757087e+01,
8.2949836207e+01,
8.2950047103e+01,
8.2950508599e+01,
8.2951392246e+01,
8.2952928378e+01,
8.2955409732e+01,
8.2959192248e+01,
8.2964692661e+01,
8.2972382573e+01,
8.2982778736e+01,
8.2996429486e+01,
8.3013897417e+01,
8.3035738699e+01,
8.3062479757e+01,
8.3094592370e+01,
8.3132468591e+01,
8.3176397140e+01,
8.3226543063e+01,
8.3282932368e+01,
8.3345443089e+01,
8.3413803747e+01,
8.3487599468e+01,
8.3566285318e+01,
8.3649205698e+01,
8.3735618114e+01,
8.3824719434e+01,
8.3915672746e+01,
8.4007633276e+01,
8.4099772212e+01,
8.4191297680e+01,
8.4281472447e+01,
8.4369628093e+01,
8.4455175503e+01,
8.4537611632e+01,
8.4616522591e+01,
8.4691583287e+01,
8.4762553995e+01,
8.4829274468e+01,
8.4891656227e+01,
8.4949673764e+01,
8.5003355346e+01,
8.5052773957e+01,
8.5098038849e+01,
8.5139287964e+01,
8.5176681376e+01,
8.5210395799e+01,
8.5240620085e+01,
8.5267551623e+01,
8.5291393491e+01,
8.5312352209e+01,
8.5330635955e+01,
8.5346453090e+01,
8.5360010900e+01,
8.5371514428e+01,
8.5381165333e+01,
8.5389160725e+01,
8.5395691927e+01,
8.5400943168e+01,
8.5405090216e+01,
8.5408298970e+01,
8.5410724082e+01,
8.5412507656e+01,
8.5413778097e+01,
8.5414649197e+01,
8.5415219518e+01,
8.5415572141e+01,
8.5415774829e+01,
8.5415880641e+01,
8.5415928985e+01,
8.5415947121e+01,
8.5415952054e+01,
8.5415952782e+01,
8.5415952849e+01,
8.5415954196e+01,
8.5415963325e+01,
8.5415996882e+01,
8.5416086328e+01,
8.5416282058e+01,
8.5416656825e+01,
8.5417308296e+01,
8.5418360576e+01,
8.5419964503e+01,
8.5422296579e+01,
8.5425556357e+01,
8.5429962199e+01,
8.5435745356e+01,
8.5443142405e+01,
8.5452386249e+01,
8.5463695966e+01,
8.5477266001e+01,
8.5493255315e+01,
8.5511777210e+01,
8.5532890611e+01,
8.5556593524e+01,
8.5582819295e+01,
8.5611436034e+01,
8.5642249309e+01,
8.5675007915e+01,
8.5709412205e+01,
8.5745124317e+01,
8.5781779484e+01,
8.5818997691e+01,
8.5856395062e+01,
8.5893594533e+01,
8.5930235620e+01,
8.5965983177e+01,
8.6000535131e+01,
8.6033629106e+01,
8.6065047762e+01,
8.6094622534e+01,
8.6122235409e+01,
8.6147818453e+01,
8.6171350976e+01,
8.6192854520e+01,
8.6212386134e+01,
8.6230030648e+01,
8.6245892701e+01,
8.6260089255e+01,
8.6272743123e+01,
8.6283977798e+01,
8.6293913691e+01,
8.6302665645e+01,
8.6310341556e+01,
8.6317041819e+01,
8.6322859374e+01,
8.6327880119e+01,
8.6332183515e+01,
8.6335843258e+01,
8.6338927921e+01,
8.6341501512e+01,
8.6343623915e+01,
8.6345351205e+01,
8.6346735843e+01,
8.6347826744e+01,
8.6348669272e+01,
8.6349305146e+01,
8.6349772319e+01,
8.6350104836e+01,
8.6350332711e+01,
8.6350481851e+01,
8.6350574042e+01,
8.6350627027e+01,
8.6350654684e+01,
8.6350667321e+01,
8.6350672061e+01,
8.6350673350e+01,
8.6350673540e+01,
8.6350673558e+01,
8.6350673929e+01,
8.6350676439e+01,
8.6350685667e+01,
8.6350710262e+01,
8.6350764077e+01,
8.6350867102e+01,
8.6351046142e+01,
8.6351335194e+01,
8.6351775448e+01,
8.6352414857e+01,
8.6353307220e+01,
8.6354510740e+01,
8.6356086044e+01,
8.6358093715e+01,
8.6360591424e+01,
8.6363630842e+01,
8.6367254570e+01,
8.6371493388e+01,
8.6376364141e+01,
8.6381868570e+01,
8.6387993281e+01,
8.6394710938e+01,
8.6401982553e+01,
8.6409760573e+01,
8.6417992317e+01,
8.6426623254e+01,
8.6435599667e+01,
8.6444870371e+01,
8.6454387407e+01,
8.6464105789e+01,
8.6473982581e+01,
8.6483975652e+01,
8.6494042437e+01,
8.6504138963e+01,
8.6514219314e+01,
8.6524235560e+01,
8.6534138150e+01,
8.6543876653e+01,
8.6553400755e+01,
8.6562661380e+01,
8.6571611847e+01,
8.6580208953e+01,
8.6588413944e+01,
8.6596193297e+01,
8.6603519323e+01,
8.6610370553e+01,
8.6616731930e+01,
8.6622594817e+01,
8.6627956847e+01,
8.6632821628e+01,
8.6637198347e+01,
8.6641101280e+01,
8.6644549246e+01,
8.6647565008e+01,
8.6650174646e+01,
8.6652406908e+01,
8.6654292558e+01,
8.6655863719e+01,
8.6657153226e+01,
8.6658194001e+01,
8.6659018445e+01,
8.6659657883e+01,
8.6660142045e+01,
8.6660498615e+01,
8.6660752853e+01,
8.6660927297e+01,
8.6661041562e+01,
8.6661112231e+01,
8.6661152860e+01,
8.6661174072e+01,
8.6661183764e+01,
8.6661187399e+01,
8.6661188388e+01,
8.6661188534e+01,
8.6661188549e+01,
8.6661188850e+01,
8.6661190888e+01,
8.6661198379e+01,
8.6661218349e+01,
8.6661262052e+01,
8.6661345746e+01,
8.6661491279e+01,
8.6661726471e+01,
8.6662085252e+01,
8.6662607540e+01,
8.6663338842e+01,
8.6664329570e+01,
8.6665634062e+01,
8.6667309318e+01,
8.6669413474e+01,
8.6672004039e+01,
8.6675135932e+01,
8.6678859392e+01,
8.6683217817e+01,
8.6688245611e+01,
8.6693966148e+01,
8.6700389934e+01,
8.6707513080e+01,
8.6715316205e+01,
8.6723763851e+01,
8.6732804527e+01,
8.6742371435e+01,
8.6752383920e+01,
8.6762749625e+01,
8.6773367286e+01,
8.6784130023e+01,
8.6794928948e+01,
8.6805656845e+01,
8.6816211689e+01,
8.6826499767e+01,
8.6836438207e+01,
8.6845956786e+01,
8.6854998968e+01,
8.6863522186e+01,
8.6871497449e+01,
8.6878908401e+01,
8.6885749978e+01,
8.6892026824e+01,
8.6897751600e+01,
8.6902943306e+01,
8.6907625710e+01,
8.6911825943e+01,
8.6915573294e+01,
8.6918898217e+01,
8.6921831548e+01,
8.6924403909e+01,
8.6926645280e+01,
8.6928584708e+01,
8.6930250122e+01,
8.6931668230e+01,
8.6932864472e+01,
8.6933863001e+01,
8.6934686683e+01,
8.6935357095e+01,
8.6935894520e+01,
8.6936317919e+01,
8.6936644900e+01,
8.6936891663e+01,
8.6937072948e+01,
8.6937201974e+01,
8.6937290393e+01,
8.6937348259e+01,
8.6937384029e+01,
8.6937404587e+01,
8.6937415318e+01,
8.6937420220e+01,
8.6937422059e+01,
8.6937422560e+01,
8.6937422634e+01,
8.6937422641e+01,
8.6937422803e+01,
8.6937423898e+01,
8.6937427925e+01,
8.6937438658e+01,
8.6937462142e+01,
8.6937507095e+01,
8.6937585208e+01,
8.6937711290e+01,
8.6937903263e+01,
8.6938181937e+01,
8.6938570573e+01,
8.6939094183e+01,
8.6939778561e+01,
8.6940649070e+01,
8.6941729189e+01,
8.6943038904e+01,
8.6944593037e+01,
8.6946399627e+01,
8.6948458543e+01,
8.6950760464e+01,
8.6953286397e+01,
8.6956007841e+01,
8.6958887669e+01,
8.6961881702e+01,
8.6964940878e+01,
8.6968013844e+01,
8.6971049722e+01,
8.6974000795e+01,
8.6976824841e+01,
8.6979486939e+01,
8.6981960579e+01,
8.6984228081e+01,
8.6986280328e+01,
8.6988115974e+01,
8.6989740246e+01,
8.6991163560e+01,
8.6992400073e+01,
8.6993466332e+01,
8.6994380079e+01,
8.6995159275e+01,
8.6995821356e+01,
8.6996382711e+01,
8.6996858359e+01,
8.6997261793e+01,
8.6997604928e+01,
8.6997898135e+01,
8.6998150296e+01,
8.6998368896e+01,
8.6998560126e+01,
8.6998729005e+01,
8.6998879513e+01,
8.6999014737e+01,
8.6999137010e+01,
8.6999248048e+01,
8.6999349081e+01,
8.6999440970e+01,
8.6999524311e+01,
8.6999599524e+01,
8.6999666931e+01,
8.6999726811e+01,
8.6999779442e+01,
8.6999825127e+01,
8.6999864215e+01,
8.6999897103e+01,
8.6999924238e+01,
8.6999946116e+01,
8.6999963272e+01,
8.6999976273e+01,
8.6999985706e+01,
8.6999992169e+01,
8.6999996260e+01,
8.6999998561e+01,
8.7000000000e+01,
8.7000000000e+01,
