0.0000000000e+00,
9.4154099628e-08,
3.0055862013e-06,
2.2731010301e-05,
9.5244404601e-05,
2.8854347410e-04,
7.1159904430e-04,
1.5218979320e-03,
2.9313174355e-03,
5.2101266533e-03,
8.6889733443e-03,
1.3758780759e-02,
2.0868541570e-02,
3.0521049862e-02,
4.3266651636e-02,
5.9695115256e-02,
8.0425725084e-02,
1.0609568771e-01,
1.3734692043e-01,
1.7481128102e-01,
2.1909431489e-01,
2.7075765954e-01,
3.3030036854e-01,
3.9813959985e-01,
4.7459133971e-01,
5.5985207006e-01,
6.5398248716e-01,
7.5689448769e-01,
8.6834261068e-01,
9.8792093337e-01,
1.1150660704e+00,
1.2490664563e+00,
1.3890775665e+00,
1.5341422288e+00,
1.6832147764e+00,
1.8351875459e+00,
1.9889181634e+00,
2.1432561703e+00,
2.2970677947e+00,
2.4492580040e+00,
2.5987893318e+00,
2.7446972990e+00,
2.8861025084e+00,
3.0222196689e+00,
3.1523639013e+00,
3.2759546969e+00,
3.3925178793e+00,
3.5016858594e+00,
3.6031964127e+00,
3.6968901463e+00,
3.7827067738e+00,
3.8606802854e+00,
3.9309330816e+00,
3.9936691361e+00,
4.0491662577e+00,
4.0977675391e+00,
4.1398720916e+00,
4.1759251940e+00,
4.2064080007e+00,
4.2318269789e+00,
4.2527032656e+00,
4.2695621533e+00,
4.2829229266e+00,
4.2932892810e+00,
4.3011405550e+00,
4.3069239995e+00,
4.3110482903e+00,
4.3138784646e+00,
4.3157324238e+00,
4.3168791031e+00,
4.3175383571e+00,
4.3178825550e+00,
4.3180398236e+00,
4.3180988208e+00,
4.3181148695e+00,
4.3181172383e+00,
4.3181175625e+00,
4.3181252202e+00,
4.3181771020e+00,
4.3183678241e+00,
4.3188762137e+00,
4.3199887830e+00,
4.3221193758e+00,
4.3258241490e+00,
4.3318111208e+00,
4.3409435964e+00,
4.3542368895e+00,
4.3728478945e+00,
4.3980572540e+00,
4.4312441147e+00,
4.4738537746e+00,
4.5273589017e+00,
4.5932154210e+00,
4.6728145986e+00,
4.7674332464e+00,
4.8781842641e+00,
5.0059698751e+00,
5.1514398396e+00,
5.3149566482e+00,
5.4965692705e+00,
5.6959965621e+00,
5.9126211064e+00,
6.1454941692e+00,
6.3933525576e+00,
6.6546482037e+00,
6.9275907410e+00,
7.2102017716e+00,
7.5003770069e+00,
7.7959499347e+00,
8.0947496617e+00,
8.3946471724e+00,
8.6935880651e+00,
8.9896139624e+00,
9.2808772434e+00,
9.5656536669e+00,
9.8423555894e+00,
1.0109546200e+01,
1.0365953574e+01,
1.0610482758e+01,
1.0842224339e+01,
1.1060458606e+01,
1.1264655160e+01,
1.1454468358e+01,
1.1629729345e+01,
1.1790435520e+01,
1.1936738226e+01,
1.2068929323e+01,
1.2187427118e+01,
1.2292761966e+01,
1.2385561691e+01,
1.2466536919e+01,
1.2536466328e+01,
1.2596181814e+01,
1.2646553594e+01,
1.2688475299e+01,
1.2722849143e+01,
1.2750571350e+01,
1.2772518034e+01,
1.2789531812e+01,
1.2802409455e+01,
1.2811890895e+01,
1.2818649943e+01,
1.2823287006e+01,
1.2826324100e+01,
1.2828202354e+01,
1.2829282139e+01,
1.2829845878e+01,
1.2830103453e+01,
1.2830200078e+01,
1.2830226362e+01,
1.2830230241e+01,
1.2830230610e+01,
1.2830238118e+01,
1.2830288987e+01,
1.2830475986e+01,
1.2830974450e+01,
1.2832065288e+01,
1.2834154226e+01,
1.2837786450e+01,
1.2843655860e+01,
1.2852608245e+01,
1.2865637740e+01,
1.2883876102e+01,
1.2908574480e+01,
1.2941077629e+01,
1.2982790823e+01,
1.3035140103e+01,
1.3099526959e+01,
1.3177279012e+01,
1.3269598744e+01,
1.3377512737e+01,
1.3501824193e+01,
1.3643071596e+01,
1.3801496277e+01,
1.3977021191e+01,
1.4169242522e+01,
1.4377434750e+01,
1.4600568650e+01,
1.4837340582e+01,
1.5086210408e+01,
1.5345444841e+01,
1.5613162927e+01,
1.5887380901e+01,
1.6166054589e+01,
1.6447118700e+01,
1.6728523329e+01,
1.7008268529e+01,
1.7284437683e+01,
1.7555229636e+01,
1.7818988520e+01,
1.8074229350e+01,
1.8319657203e+01,
1.8554178426e+01,
1.8776903460e+01,
1.8987142236e+01,
1.9184394062e+01,
1.9368334241e+01,
1.9538799429e+01,
1.9695773088e+01,
1.9839371763e+01,
1.9969832324e+01,
2.0087500044e+01,
2.0192817205e+01,
2.0286311959e+01,
2.0368587201e+01,
2.0440309289e+01,
2.0502196544e+01,
2.0555007488e+01,
2.0599528852e+01,
2.0636563412e+01,
2.0666917783e+01,
2.0691390314e+01,
2.0710759289e+01,
2.0725771674e+01,
2.0737132692e+01,
2.0745496503e+01,
2.0751458318e+01,
2.0755548194e+01,
2.0758226794e+01,
2.0759883299e+01,
2.0760835589e+01,
2.0761332759e+01,
2.0761559918e+01,
2.0761645133e+01,
2.0761668313e+01,
2.0761671735e+01,
2.0761672039e+01,
2.0761678033e+01,
2.0761718641e+01,
2.0761867920e+01,
2.0762265837e+01,
2.0763136638e+01,
2.0764804207e+01,
2.0767703749e+01,
2.0772389178e+01,
2.0779535633e+01,
2.0789936632e+01,
2.0804495477e+01,
2.0824210659e+01,
2.0850155200e+01,
2.0883450155e+01,
2.0925232742e+01,
2.0976619963e+01,
2.1038668910e+01,
2.1112335280e+01,
2.1198431921e+01,
2.1297589373e+01,
2.1410220415e+01,
2.1536490532e+01,
2.1676295932e+01,
2.1829250468e+01,
2.1994682397e+01,
2.2171641547e+01,
2.2358917077e+01,
2.2555065601e+01,
2.2758448962e+01,
2.2967280388e+01,
2.3179677062e+01,
2.3393716536e+01,
2.3607493875e+01,
2.3819176209e+01,
2.4027051488e+01,
2.4229568788e+01,
2.4425368317e+01,
2.4613300317e+01,
2.4792433040e+01,
2.4962050892e+01,
2.5121644430e+01,
2.5270894266e+01,
2.5409650993e+01,
2.5537913078e+01,
2.5655804376e+01,
2.5763552525e+01,
2.5861469090e+01,
2.5949931963e+01,
2.6029370213e+01,
2.6100251364e+01,
2.6163070905e+01,
2.6218343731e+01,
2.6266597176e+01,
2.6308365280e+01,
2.6344183942e+01,
2.6374586660e+01,
2.6400100602e+01,
2.6421242815e+01,
2.6438516426e+01,
2.6452406796e+01,
2.6463377600e+01,
2.6471866904e+01,
2.6478283353e+01,
2.6483002613e+01,
2.6486364257e+01,
2.6488669279e+01,
2.6490178431e+01,
2.6491111530e+01,
2.6491647882e+01,
2.6491927881e+01,
2.6492055809e+01,
2.6492103798e+01,
2.6492116853e+01,
2.6492118779e+01,
2.6492118950e+01,
2.6492122290e+01,
2.6492144921e+01,
2.6492228115e+01,
2.6492449871e+01,
2.6492935131e+01,
2.6493864287e+01,
2.6495479543e+01,
2.6498088747e+01,
2.6502066239e+01,
2.6507850367e+01,
2.6515937289e+01,
2.6526870827e+01,
2.6541228265e+01,
2.6559602185e+01,
2.6582578741e+01,
2.6610713059e+01,
2.6644502849e+01,
2.6684361629e+01,
2.6730593265e+01,
2.6783369678e+01,
2.6842713592e+01,
2.6908487944e+01,
2.6980393204e+01,
2.7057973168e+01,
2.7140629111e+01,
2.7227641341e+01,
2.7318196550e+01,
2.7411418798e+01,
2.7506401785e+01,
2.7602240047e+01,
2.7698057112e+01,
2.7793029141e+01,
2.7886403219e+01,
2.7977510076e+01,
2.8065771537e+01,
2.8150703332e+01,
2.8231914118e+01,
2.8309101589e+01,
2.8382046482e+01,
2.8450605228e+01,
2.8514701795e+01,
2.8574319226e+01,
2.8629491226e+01,
2.8680294086e+01,
2.8726839175e+01,
2.8769266135e+01,
2.8807736880e+01,
2.8842430442e+01,
2.8873538624e+01,
2.8901262431e+01,
2.8925809160e+01,
2.8947390059e+01,
2.8966218428e+01,
2.8982508040e+01,
2.8996471780e+01,
2.9008320389e+01,
2.9018261257e+01,
2.9026497181e+01,
2.9033225072e+01,
2.9038634590e+01,
2.9042906716e+01,
2.9046212299e+01,
2.9048710622e+01,
2.9050548056e+01,
2.9051856870e+01,
2.9052754285e+01,
2.9053341836e+01,
2.9053705112e+01,
2.9053913925e+01,
2.9054022935e+01,
2.9054072739e+01,
2.9054091423e+01,
2.9054096505e+01,
2.9054097255e+01,
2.9054097322e+01,
2.9054098654e+01,
2.9054107680e+01,
2.9054140858e+01,
2.9054229296e+01,
2.9054422821e+01,
2.9054793369e+01,
2.9055437523e+01,
2.9056478022e+01,
2.9058064087e+01,
2.9060370393e+01,
2.9063594552e+01,
2.9067952998e+01,
2.9073675242e+01,
2.9080996540e+01,
2.9090149139e+01,
2.9101352410e+01,
2.9114802317e+01,
2.9130660824e+01,
2.9149045927e+01,
2.9170023092e+01,
2.9193598818e+01,
2.9219716963e+01,
2.9248258273e+01,
2.9279043257e+01,
2.9311838280e+01,
2.9346364401e+01,
2.9382308240e+01,
2.9419333986e+01,
2.9457095597e+01,
2.9495248322e+01,
2.9533458846e+01,
2.9571413594e+01,
2.9608824976e+01,
2.9645435613e+01,
2.9681020715e+01,
2.9715388898e+01,
2.9748381779e+01,
2.9779872652e+01,
2.9809764527e+01,
2.9837987762e+01,
2.9864497469e+01,
2.9889270841e+01,
2.9912304499e+01,
2.9933611946e+01,
2.9953221189e+01,
2.9971172547e+01,
2.9987516694e+01,
3.0002312913e+01,
3.0015627578e+01,
3.0027532828e+01,
3.0038105428e+01,
3.0047425764e+01,
3.0055576961e+01,
3.0062644083e+01,
3.0068713385e+01,
3.0073871586e+01,
3.0078205157e+01,
3.0081799586e+01,
3.0084738637e+01,
3.0087103583e+01,
3.0088972433e+01,
3.0090419166e+01,
3.0091512998e+01,
3.0092317698e+01,
3.0092891005e+01,
3.0093284161e+01,
3.0093541591e+01,
3.0093700767e+01,
3.0093792265e+01,
3.0093840032e+01,
3.0093861856e+01,
3.0093870043e+01,
3.0093872270e+01,
3.0093872599e+01,
3.0093872629e+01,
3.0093873237e+01,
3.0093877358e+01,
3.0093892507e+01,
3.0093932887e+01,
3.0094021250e+01,
3.0094190447e+01,
3.0094484588e+01,
3.0094959751e+01,
3.0095684146e+01,
3.0096737683e+01,
3.0098210884e+01,
3.0100203078e+01,
3.0102819889e+01,
3.0106170019e+01,
3.0110361403e+01,
3.0115496868e+01,
3.0121669473e+01,
3.0128957789e+01,
3.0137421399e+01,
3.0147096945e+01,
3.0157995015e+01,
3.0170098157e+01,
3.0183360207e+01,
3.0197707020e+01,
3.0213038594e+01,
3.0229232438e+01,
3.0246147941e+01,
3.0263631416e+01,
3.0281521478e+01,
3.0299654372e+01,
3.0317868958e+01,
3.0336011080e+01,
3.0353937152e+01,
3.0371516876e+01,
3.0388635077e+01,
3.0405192708e+01,
3.0421107131e+01,
3.0436311791e+01,
3.0450755424e+01,
3.0464400940e+01,
3.0477224090e+01,
3.0489212038e+01,
3.0500361914e+01,
3.0510679425e+01,
3.0520177552e+01,
3.0528875386e+01,
3.0536797089e+01,
3.0543971003e+01,
3.0550428892e+01,
3.0556205297e+01,
3.0561336987e+01,
3.0565862497e+01,
3.0569821715e+01,
3.0573255510e+01,
3.0576205387e+01,
3.0578713139e+01,
3.0580820505e+01,
3.0582568814e+01,
3.0583998615e+01,
3.0585149301e+01,
3.0586058722e+01,
3.0586762803e+01,
3.0587295179e+01,
3.0587686855e+01,
3.0587965917e+01,
3.0588157295e+01,
3.0588282607e+01,
3.0588360092e+01,
3.0588404633e+01,
3.0588427885e+01,
3.0588438509e+01,
3.0588442495e+01,
3.0588443579e+01,
3.0588443739e+01,
3.0588443754e+01,
3.0588444065e+01,
3.0588446176e+01,
3.0588453935e+01,
3.0588474615e+01,
3.0588519870e+01,
3.0588606524e+01,
3.0588757166e+01,
3.0589000514e+01,
3.0589371496e+01,
3.0589911025e+01,
3.0590665439e+01,
3.0591685572e+01,
3.0593025461e+01,
3.0594740694e+01,
3.0596886443e+01,
3.0599515246e+01,
3.0602674644e+01,
3.0606404796e+01,
3.0610736250e+01,
3.0615687995e+01,
3.0621265996e+01,
3.0627462313e+01,
3.0634254906e+01,
3.0641608155e+01,
3.0649474051e+01,
3.0657793964e+01,
3.0666500841e+01,
3.0675521635e+01,
3.0684779787e+01,
3.0694197588e+01,
3.0703698280e+01,
3.0713207806e+01,
3.0722656192e+01,
3.0731978549e+01,
3.0741115752e+01,
3.0750014854e+01,
3.0758629291e+01,
3.0766918941e+01,
3.0774850065e+01,
3.0782395180e+01,
3.0789532845e+01,
3.0796247405e+01,
3.0802528672e+01,
3.0808371556e+01,
3.0813775667e+01,
3.0818744872e+01,
3.0823286849e+01,
3.0827412630e+01,
3.0831136151e+01,
3.0834473827e+01,
3.0837444138e+01,
3.0840067260e+01,
3.0842364709e+01,
3.0844359023e+01,
3.0846073457e+01,
3.0847531705e+01,
3.0848757624e+01,
3.0849774980e+01,
3.0850607185e+01,
3.0851277048e+01,
3.0851806528e+01,
3.0852216494e+01,
3.0852526502e+01,
3.0852754590e+01,
3.0852917104e+01,
3.0853028557e+01,
3.0853101536e+01,
3.0853146663e+01,
3.0853172603e+01,
3.0853186145e+01,
3.0853192332e+01,
3.0853194653e+01,
3.0853195285e+01,
3.0853195378e+01,
3.0853195387e+01,
3.0853195579e+01,
3.0853196880e+01,
3.0853201663e+01,
3.0853214410e+01,
3.0853242307e+01,
3.0853295721e+01,
3.0853388577e+01,
3.0853538575e+01,
3.0853767234e+01,
3.0854099761e+01,
3.0854564685e+01,
3.0855193282e+01,
3.0856018759e+01,
3.0857075203e+01,
3.0858396331e+01,
3.0860014057e+01,
3.0861956954e+01,
3.0864248661e+01,
3.0866906353e+01,
3.0869939357e+01,
3.0873348030e+01,
3.0877122988e+01,
3.0881244774e+01,
3.0885684018e+01,
3.0890402114e+01,
3.0895352388e+01,
3.0900481706e+01,
3.0905732438e+01,
3.0911044627e+01,
3.0916358246e+01,
3.0921615380e+01,
3.0926762192e+01,
3.0931750554e+01,
3.0936539269e+01,
3.0941094829e+01,
3.0945391717e+01,
3.0949412288e+01,
3.0953146297e+01,
3.0956590158e+01,
3.0959746029e+01,
3.0962620803e+01,
3.0965225091e+01,
3.0967572251e+01,
3.0969677510e+01,
3.0971557206e+01,
3.0973228159e+01,
3.0974707171e+01,
3.0976010655e+01,
3.0977154369e+01,
3.0978153243e+01,
3.0979021283e+01,
3.0979771533e+01,
3.0980416082e+01,
3.0980966104e+01,
3.0981431906e+01,
3.0981822998e+01,
3.0982148157e+01,
3.0982415488e+01,
3.0982632476e+01,
3.0982806031e+01,
3.0982942519e+01,
3.0983047777e+01,
3.0983127126e+01,
3.0983185374e+01,
3.0983226806e+01,
3.0983255187e+01,
3.0983273756e+01,
3.0983285232e+01,
3.0983291827e+01,
3.0983295269e+01,
3.0983296842e+01,
3.0983297432e+01,
3.0983297592e+01,
3.0983297616e+01,
3.0983297618e+01,
3.0983297670e+01,
3.0983298022e+01,
3.0983299313e+01,
3.0983302756e+01,
3.0983310288e+01,
3.0983324704e+01,
3.0983349748e+01,
3.0983390157e+01,
3.0983451645e+01,
3.0983540825e+01,
3.0983665035e+01,
3.0983832090e+01,
3.0984049930e+01,
3.0984326179e+01,
3.0984667635e+01,
3.0985079711e+01,
3.0985565866e+01,
3.0986127095e+01,
3.0986761521e+01,
3.0987464154e+01,
3.0988226874e+01,
3.0989038659e+01,
3.0989886066e+01,
3.0990753932e+01,
3.0991626238e+01,
3.0992487047e+01,
3.0993321423e+01,
3.0994116234e+01,
3.0994860767e+01,
3.0995547098e+01,
3.0996170206e+01,
3.0996727858e+01,
3.0997220296e+01,
3.0997649812e+01,
3.0998020257e+01,
3.0998336553e+01,
3.0998604241e+01,
3.0998829095e+01,
3.0999016808e+01,
3.0999172762e+01,
3.0999301881e+01,
3.0999408557e+01,
3.0999496634e+01,
3.0999569426e+01,
3.0999629758e+01,
3.0999680003e+01,
3.0999722134e+01,
3.0999757767e+01,
3.0999788209e+01,
3.0999814507e+01,
3.0999837486e+01,
3.0999857782e+01,
3.0999875881e+01,
3.0999892138e+01,
3.0999906809e+01,
3.0999920073e+01,
3.0999932051e+01,
3.0999942831e+01,
3.0999952473e+01,
3.0999961028e+01,
3.0999968541e+01,
3.0999975060e+01,
3.0999980635e+01,
3.0999985326e+01,
3.0999989196e+01,
3.0999992316e+01,
3.0999994762e+01,
3.0999996616e+01,
3.0999997962e+01,
3.0999998883e+01,
3.0999999467e+01,
3.1000000000e+01,
3.1000000000e+01,
3.1000000000e+01,
