0.0000000000e+00,
2.6725769686e-07,
8.5313958991e-06,
6.4522295901e-05,
2.7035298120e-04,
8.1903902090e-04,
2.0199112403e-03,
4.3200553628e-03,
8.3210566455e-03,
1.4790499186e-02,
2.4667854505e-02,
3.9064571495e-02,
5.9258322640e-02,
8.6681439532e-02,
1.2290355811e-01,
1.6960838084e-01,
2.2856426944e-01,
3.0158817081e-01,
3.9050226113e-01,
4.9708281225e-01,
6.2300128540e-01,
7.6975862609e-01,
9.3861514015e-01,
1.1305199772e+00,
1.3460457730e+00,
1.5853349442e+00,
1.8480640582e+00,
2.1334313620e+00,
2.4401700283e+00,
2.7665863746e+00,
3.1106189389e+00,
3.4699116282e+00,
3.8418928203e+00,
4.2238525729e+00,
4.6130118149e+00,
5.0065800499e+00,
5.4018009552e+00,
5.7959876311e+00,
6.1865506413e+00,
6.5710222325e+00,
6.9470793654e+00,
7.3125668391e+00,
7.6655203322e+00,
8.0041880777e+00,
8.3270494125e+00,
8.6328286144e+00,
8.9205030790e+00,
9.1893056754e+00,
9.4387217769e+00,
9.6684818320e+00,
9.8785504076e+00,
1.0069112503e+01,
1.0240557710e+01,
1.0393462579e+01,
1.0528571423e+01,
1.0646775690e+01,
1.0749092064e+01,
1.0836639460e+01,
1.0910615157e+01,
1.0972270378e+01,
1.1022885698e+01,
1.1063746718e+01,
1.1096120505e+01,
1.1121233315e+01,
1.1140250160e+01,
1.1154256733e+01,
1.1164244219e+01,
1.1171097415e+01,
1.1175586542e+01,
1.1178363007e+01,
1.1179959238e+01,
1.1180792627e+01,
1.1181173412e+01,
1.1181316258e+01,
1.1181355115e+01,
1.1181360851e+01,
1.1181361636e+01,
1.1181380177e+01,
1.1181505794e+01,
1.1181967575e+01,
1.1183198493e+01,
1.1185892216e+01,
1.1191050603e+01,
1.1200019778e+01,
1.1214512858e+01,
1.1236617512e+01,
1.1268786808e+01,
1.1313812105e+01,
1.1374777242e+01,
1.1454993956e+01,
1.1557919338e+01,
1.1687057214e+01,
1.1845846568e+01,
1.2037541351e+01,
1.2265087062e+01,
1.2531000159e+01,
1.2837256334e+01,
1.3185193072e+01,
1.3575430694e+01,
1.4007814891e+01,
1.4481383124e+01,
1.4994357362e+01,
1.5544166249e+01,
1.6127499658e+01,
1.6740396745e+01,
1.7378364659e+01,
1.8036519868e+01,
1.8709739565e+01,
1.9392808720e+01,
2.0080550121e+01,
2.0767929713e+01,
2.1450136137e+01,
2.2122639041e+01,
2.2781233740e+01,
2.3422079227e+01,
2.4041733115e+01,
2.4637182779e+01,
2.5205868917e+01,
2.5745697294e+01,
2.6255036451e+01,
2.6732702222e+01,
2.7177932339e+01,
2.7590355325e+01,
2.7969957308e+01,
2.8317049125e+01,
2.8632234741e+01,
2.8916381121e+01,
2.9170589218e+01,
2.9396165642e+01,
2.9594594591e+01,
2.9767509769e+01,
2.9916666118e+01,
3.0043911267e+01,
3.0151156709e+01,
3.0240348808e+01,
3.0313439830e+01,
3.0372359299e+01,
3.0418986126e+01,
3.0455122029e+01,
3.0482466881e+01,
3.0502596681e+01,
3.0516944861e+01,
3.0526787613e+01,
3.0533233853e+01,
3.0537220300e+01,
3.0539512008e+01,
3.0540708457e+01,
3.0541255117e+01,
3.0541460187e+01,
3.0541515971e+01,
3.0541524205e+01,
3.0541524986e+01,
3.0541540921e+01,
3.0541648882e+01,
3.0542045755e+01,
3.0543103649e+01,
3.0545418717e+01,
3.0549851931e+01,
3.0557560017e+01,
3.0570014822e+01,
3.0589009501e+01,
3.0616650118e+01,
3.0655331498e+01,
3.0707696540e+01,
3.0776578800e+01,
3.0864928819e+01,
3.0975725596e+01,
3.1111875643e+01,
3.1276103122e+01,
3.1470835647e+01,
3.1698091220e+01,
3.1959372397e+01,
3.2255574042e+01,
3.2586910869e+01,
3.2952870382e+01,
3.3352195836e+01,
3.3782902368e+01,
3.4242327513e+01,
3.4727214759e+01,
3.5233825773e+01,
3.5758073610e+01,
3.6295666293e+01,
3.6842248378e+01,
3.7393528216e+01,
3.7945381077e+01,
3.8493922625e+01,
3.9035552709e+01,
3.9566974568e+01,
4.0085198060e+01,
4.0587536505e+01,
4.1071605092e+01,
4.1535325085e+01,
4.1976933706e+01,
4.2394995921e+01,
4.2788412749e+01,
4.3156421362e+01,
4.3498584686e+01,
4.3814771134e+01,
4.4105127292e+01,
4.4370047178e+01,
4.4610141300e+01,
4.4826207574e+01,
4.5019204957e+01,
4.5190229729e+01,
4.5340493863e+01,
4.5471304733e+01,
4.5584045513e+01,
4.5680155763e+01,
4.5761111895e+01,
4.5828407395e+01,
4.5883532867e+01,
4.5927956073e+01,
4.5963102295e+01,
4.5990335433e+01,
4.6010940328e+01,
4.6026106878e+01,
4.6036916484e+01,
4.6044331389e+01,
4.6049187396e+01,
4.6052190349e+01,
4.6053916647e+01,
4.6054817900e+01,
4.6055229684e+01,
4.6055384157e+01,
4.6055426177e+01,
4.6055432379e+01,
4.6055432931e+01,
4.6055443796e+01,
4.6055517409e+01,
4.6055788014e+01,
4.6056509332e+01,
4.6058087848e+01,
4.6061110614e+01,
4.6066366358e+01,
4.6074858695e+01,
4.6087810387e+01,
4.6106657674e+01,
4.6133033902e+01,
4.6168741954e+01,
4.6215715353e+01,
4.6275968431e+01,
4.6351536575e+01,
4.6444408273e+01,
4.6556451417e+01,
4.6689336997e+01,
4.6844463833e+01,
4.7022888207e+01,
4.7225262138e+01,
4.7451783565e+01,
4.7702160965e+01,
4.7975594100e+01,
4.8270771935e+01,
4.8585888331e+01,
4.8918675971e+01,
4.9266458794e+01,
4.9626222668e+01,
4.9994702855e+01,
5.0368485044e+01,
5.0744114617e+01,
5.1118207090e+01,
5.1487551766e+01,
5.1849201066e+01,
5.2200539640e+01,
5.2539329895e+01,
5.2863733491e+01,
5.3172310893e+01,
5.3464003038e+01,
5.3738100091e+01,
5.3994202427e+01,
5.4232178361e+01,
5.4452122184e+01,
5.4654314990e+01,
5.4839189680e+01,
5.5007300774e+01,
5.5159298993e+01,
5.5295910243e+01,
5.5417918398e+01,
5.5526151235e+01,
5.5621468864e+01,
5.5704754028e+01,
5.5776903756e+01,
5.5838821873e+01,
5.5891412015e+01,
5.5935570808e+01,
5.5972181036e+01,
5.6002104637e+01,
5.6026175520e+01,
5.6045192253e+01,
5.6059910765e+01,
5.6071037285e+01,
5.6079221806e+01,
5.6085052374e+01,
5.6089050556e+01,
5.6091668371e+01,
5.6093286996e+01,
5.6094217409e+01,
5.6094703129e+01,
5.6094925050e+01,
5.6095008299e+01,
5.6095030944e+01,
5.6095034287e+01,
5.6095034582e+01,
5.6095040377e+01,
5.6095079636e+01,
5.6095223956e+01,
5.6095608645e+01,
5.6096450454e+01,
5.6098062339e+01,
5.6100864545e+01,
5.6105391305e+01,
5.6112292463e+01,
5.6122329361e+01,
5.6136364442e+01,
5.6155344135e+01,
5.6180274877e+01,
5.6212192471e+01,
5.6252125406e+01,
5.6301053340e+01,
5.6359862506e+01,
5.6429300323e+01,
5.6509931989e+01,
5.6602101998e+01,
5.6705903568e+01,
5.6821158564e+01,
5.6947409910e+01,
5.7083927555e+01,
5.7229728060e+01,
5.7383606771e+01,
5.7544180615e+01,
5.7709938680e+01,
5.7879297201e+01,
5.8050655188e+01,
5.8222446912e+01,
5.8393187838e+01,
5.8561511357e+01,
5.8726194844e+01,
5.8886174885e+01,
5.9040552784e+01,
5.9188592279e+01,
5.9329711762e+01,
5.9463473119e+01,
5.9589568876e+01,
5.9707808774e+01,
5.9818106442e+01,
5.9920466505e+01,
6.0014972320e+01,
6.0101774444e+01,
6.0181079929e+01,
6.0253142553e+01,
6.0318254040e+01,
6.0376736317e+01,
6.0428934791e+01,
6.0475212589e+01,
6.0515945655e+01,
6.0551518563e+01,
6.0582320898e+01,
6.0608744045e+01,
6.0631178218e+01,
6.0650009631e+01,
6.0665617674e+01,
6.0678372054e+01,
6.0688629864e+01,
6.0696732600e+01,
6.0703003166e+01,
6.0707742980e+01,
6.0711229279e+01,
6.0713712755e+01,
6.0715415681e+01,
6.0716530647e+01,
6.0717220033e+01,
6.0717616299e+01,
6.0717823168e+01,
6.0717917685e+01,
6.0717953140e+01,
6.0717962785e+01,
6.0717964209e+01,
6.0717964336e+01,
6.0717966864e+01,
6.0717983993e+01,
6.0718046957e+01,
6.0718214789e+01,
6.0718582051e+01,
6.0719285268e+01,
6.0720507753e+01,
6.0722482499e+01,
6.0725492831e+01,
6.0729870529e+01,
6.0735991149e+01,
6.0744266357e+01,
6.0755133204e+01,
6.0769040419e+01,
6.0786432006e+01,
6.0807728697e+01,
6.0833308057e+01,
6.0863484306e+01,
6.0898489133e+01,
6.0938454892e+01,
6.0983401555e+01,
6.1033228657e+01,
6.1087713143e+01,
6.1146513570e+01,
6.1209180601e+01,
6.1275173116e+01,
6.1343878772e+01,
6.1414637408e+01,
6.1486765489e+01,
6.1559579771e+01,
6.1632418580e+01,
6.1704659515e+01,
6.1775732890e+01,
6.1845130755e+01,
6.1912411834e+01,
6.1977203021e+01,
6.2039198265e+01,
6.2098155681e+01,
6.2153893580e+01,
6.2206285962e+01,
6.2255257757e+01,
6.2300779992e+01,
6.2342864894e+01,
6.2381560950e+01,
6.2416947918e+01,
6.2449131845e+01,
6.2478240188e+01,
6.2504417166e+01,
6.2527819470e+01,
6.2548612435e+01,
6.2566966749e+01,
6.2583055723e+01,
6.2597053087e+01,
6.2609131256e+01,
6.2619459979e+01,
6.2628205281e+01,
6.2635528582e+01,
6.2641585938e+01,
6.2646527306e+01,
6.2650495812e+01,
6.2653626982e+01,
6.2656047948e+01,
6.2657876638e+01,
6.2659220996e+01,
6.2660178288e+01,
6.2660834529e+01,
6.2661264115e+01,
6.2661529698e+01,
6.2661682348e+01,
6.2661762034e+01,
6.2661798442e+01,
6.2661812099e+01,
6.2661815814e+01,
6.2661816362e+01,
6.2661816413e+01,
6.2661817428e+01,
6.2661824302e+01,
6.2661849573e+01,
6.2661916932e+01,
6.2662064325e+01,
6.2662346524e+01,
6.2662837030e+01,
6.2663629174e+01,
6.2664836260e+01,
6.2666590619e+01,
6.2669041428e+01,
6.2672351200e+01,
6.2676690890e+01,
6.2682233653e+01,
6.2689147369e+01,
6.2697586220e+01,
6.2707681704e+01,
6.2719533651e+01,
6.2733201902e+01,
6.2748699418e+01,
6.2765987583e+01,
6.2784974421e+01,
6.2805516226e+01,
6.2827422860e+01,
6.2850466541e+01,
6.2874393494e+01,
6.2898937380e+01,
6.2923833082e+01,
6.2948829288e+01,
6.2973698495e+01,
6.2998243507e+01,
6.3022300161e+01,
6.3045736645e+01,
6.3068450297e+01,
6.3090362987e+01,
6.3111416104e+01,
6.3131565960e+01,
6.3150780057e+01,
6.3169034379e+01,
6.3186311627e+01,
6.3202600211e+01,
6.3217893768e+01,
6.3232191003e+01,
6.3245495678e+01,
6.3257816647e+01,
6.3269167870e+01,
6.3279568365e+01,
6.3289042090e+01,
6.3297617755e+01,
6.3305328572e+01,
6.3312211928e+01,
6.3318309017e+01,
6.3323664409e+01,
6.3328325564e+01,
6.3332342310e+01,
6.3335766261e+01,
6.3338650204e+01,
6.3341047443e+01,
6.3343011131e+01,
6.3344593577e+01,
6.3345845559e+01,
6.3346815664e+01,
6.3347549660e+01,
6.3348089931e+01,
6.3348474998e+01,
6.3348739137e+01,
6.3348912122e+01,
6.3349019096e+01,
6.3349080592e+01,
6.3349112697e+01,
6.3349127366e+01,
6.3349132869e+01,
6.3349134366e+01,
6.3349134587e+01,
6.3349134608e+01,
6.3349135038e+01,
6.3349137952e+01,
6.3349148665e+01,
6.3349177220e+01,
6.3349239710e+01,
6.3349359372e+01,
6.3349567424e+01,
6.3349903581e+01,
6.3350416213e+01,
6.3351162107e+01,
6.3352205786e+01,
6.3353618394e+01,
6.3355476101e+01,
6.3357858087e+01,
6.3360844125e+01,
6.3364511854e+01,
6.3368933842e+01,
6.3374174600e+01,
6.3380287696e+01,
6.3387313148e+01,
6.3395275266e+01,
6.3404181081e+01,
6.3414019475e+01,
6.3424761043e+01,
6.3436358687e+01,
6.3448748875e+01,
6.3461853440e+01,
6.3475581797e+01,
6.3489833393e+01,
6.3504500276e+01,
6.3519469654e+01,
6.3534626357e+01,
6.3549855155e+01,
6.3565042919e+01,
6.3580080595e+01,
6.3594865002e+01,
6.3609300434e+01,
6.3623300026e+01,
6.3636786877e+01,
6.3649694870e+01,
6.3661969187e+01,
6.3673566487e+01,
6.3684454777e+01,
6.3694612994e+01,
6.3704030348e+01,
6.3712705482e+01,
6.3720645511e+01,
6.3727864993e+01,
6.3734384899e+01,
6.3740231601e+01,
6.3745435923e+01,
6.3750032273e+01,
6.3754057847e+01,
6.3757551920e+01,
6.3760555213e+01,
6.3763109308e+01,
6.3765256122e+01,
6.3767037413e+01,
6.3768494305e+01,
6.3769666842e+01,
6.3770593546e+01,
6.3771311011e+01,
6.3771853503e+01,
6.3772252621e+01,
6.3772536982e+01,
6.3772731992e+01,
6.3772859683e+01,
6.3772938638e+01,
6.3772984024e+01,
6.3773007718e+01,
6.3773018543e+01,
6.3773022604e+01,
6.3773023709e+01,
6.3773023872e+01,
6.3773023888e+01,
6.3773024224e+01,
6.3773026500e+01,
6.3773034868e+01,
6.3773057172e+01,
6.3773105979e+01,
6.3773199433e+01,
6.3773361893e+01,
6.3773624317e+01,
6.3774024346e+01,
6.3774606048e+01,
6.3775419284e+01,
6.3776518670e+01,
6.3777962125e+01,
6.3779808998e+01,
6.3782117817e+01,
6.3784943713e+01,
6.3788335624e+01,
6.3792333397e+01,
6.3796964968e+01,
6.3802243801e+01,
6.3808166781e+01,
6.3814712779e+01,
6.3821842039e+01,
6.3829496538e+01,
6.3837601367e+01,
6.3846067130e+01,
6.3854793237e+01,
6.3863671906e+01,
6.3872592586e+01,
6.3881446487e+01,
6.3890130873e+01,
6.3898552801e+01,
6.3906632068e+01,
6.3914303197e+01,
6.3921516417e+01,
6.3928237673e+01,
6.3934447807e+01,
6.3940141091e+01,
6.3945323312e+01,
6.3950009647e+01,
6.3954222482e+01,
6.3957989341e+01,
6.3961341030e+01,
6.3964310047e+01,
6.3966929296e+01,
6.3969231090e+01,
6.3971246436e+01,
6.3973004547e+01,
6.3974532560e+01,
6.3975855407e+01,
6.3976995803e+01,
6.3977974325e+01,
6.3978809539e+01,
6.3979518168e+01,
6.3980115269e+01,
6.3980614414e+01,
6.3981027861e+01,
6.3981366708e+01,
6.3981641026e+01,
6.3981859968e+01,
6.3982031853e+01,
6.3982164231e+01,
6.3982263921e+01,
6.3982337043e+01,
6.3982389026e+01,
6.3982424620e+01,
6.3982447903e+01,
6.3982462290e+01,
6.3982470556e+01,
6.3982474871e+01,
6.3982476842e+01,
6.3982477582e+01,
6.3982477783e+01,
6.3982477812e+01,
6.3982477815e+01,
6.3982477880e+01,
6.3982478321e+01,
6.3982479940e+01,
6.3982484254e+01,
6.3982493694e+01,
6.3982511758e+01,
6.3982543133e+01,
6.3982593738e+01,
6.3982670696e+01,
6.3982782215e+01,
6.3982937347e+01,
6.3983145636e+01,
6.3983416626e+01,
6.3983759261e+01,
6.3984181177e+01,
6.3984687959e+01,
6.3985282402e+01,
6.3985963874e+01,
6.3986727861e+01,
6.3987565786e+01,
6.3988465155e+01,
6.3989410069e+01,
6.3990382071e+01,
6.3991361265e+01,
6.3992327592e+01,
6.3993262118e+01,
6.3994148189e+01,
6.3994972326e+01,
6.3995724777e+01,
6.3996399693e+01,
6.3996994957e+01,
6.3997511725e+01,
6.3997953798e+01,
6.3998326906e+01,
6.3998638001e+01,
6.3998894622e+01,
6.3999104365e+01,
6.3999274478e+01,
6.3999411593e+01,
6.3999521573e+01,
6.3999609478e+01,
6.3999679595e+01,
6.3999735500e+01,
6.3999780140e+01,
6.3999815901e+01,
6.3999844690e+01,
6.3999868014e+01,
6.3999887066e+01,
6.3999902791e+01,
6.3999915939e+01,
6.3999927101e+01,
6.3999936721e+01,
6.3999945128e+01,
6.3999952555e+01,
6.3999959164e+01,
6.3999965067e+01,
6.3999970348e+01,
6.3999975067e+01,
6.3999979270e+01,
6.3999982990e+01,
6.3999986257e+01,
6.3999989094e+01,
6.3999991524e+01,
6.3999993572e+01,
6.3999995264e+01,
6.3999996630e+01,
6.3999997702e+01,
6.3999998515e+01,
6.3999999105e+01,
6.3999999510e+01,
6.4000000000e+01,
6.4000000000e+01,
6.4000000000e+01,
6.4000000000e+01,
