0.0000000000e+00,
9.8641798729e-08,
3.1488431986e-06,
2.3814452099e-05,
9.9784100598e-05,
3.0229654850e-04,
7.4551675910e-04,
1.5944386583e-03,
3.0710405089e-03,
5.4584787571e-03,
9.1031728325e-03,
1.4414702201e-02,
2.1863502380e-02,
3.1976402360e-02,
4.5330086071e-02,
6.2542580813e-02,
8.4262875288e-02,
1.1115875321e-01,
1.4390290611e-01,
1.8315737773e-01,
2.2955641250e-01,
2.8368785265e-01,
3.4607336580e-01,
4.1714798669e-01,
4.9723970638e-01,
5.8655009953e-01,
6.8513719413e-01,
7.9290189803e-01,
9.0957925466e-01,
1.0347355791e+00,
1.1677721342e+00,
1.3079354882e+00,
1.4543341238e+00,
1.6059603322e+00,
1.7617160073e+00,
1.9204407153e+00,
2.0809403700e+00,
2.2420149990e+00,
2.4024843698e+00,
2.5612106213e+00,
2.7171174296e+00,
2.8692055798e+00,
3.0165650854e+00,
3.1583841626e+00,
3.2939554550e+00,
3.4226799075e+00,
3.5440686495e+00,
3.6577431808e+00,
3.7634340809e+00,
3.8609783960e+00,
3.9503158122e+00,
4.0314836914e+00,
4.1046110300e+00,
4.1699114037e+00,
4.2276749689e+00,
4.2782596078e+00,
4.3220813249e+00,
4.3596040262e+00,
4.3913288350e+00,
4.4177831210e+00,
4.4395094433e+00,
4.4570546246e+00,
4.4709591873e+00,
4.4817473949e+00,
4.4899181364e+00,
4.4959368888e+00,
4.5002289723e+00,
4.5031742845e+00,
4.5051036648e+00,
4.5062969914e+00,
4.5069830637e+00,
4.5073412635e+00,
4.5075049298e+00,
4.5075663270e+00,
4.5075830285e+00,
4.5075854936e+00,
4.5075858311e+00,
4.5075938002e+00,
4.5076477925e+00,
4.5078462732e+00,
4.5083753436e+00,
4.5095331708e+00,
4.5117504319e+00,
4.5156059025e+00,
4.5218363892e+00,
4.5313402862e+00,
4.5451741492e+00,
4.5645418223e+00,
4.5907758493e+00,
4.6253111623e+00,
4.6696513621e+00,
4.7253282972e+00,
4.7938560834e+00,
4.8766811493e+00,
4.9751303008e+00,
5.0903590954e+00,
5.2233029552e+00,
5.3746333794e+00,
5.5447213476e+00,
5.7336096109e+00,
5.9409951761e+00,
6.1662230396e+00,
6.4082922037e+00,
6.6658750635e+00,
6.9373510017e+00,
7.2208539481e+00,
7.5143314495e+00,
7.8156099344e+00,
8.1224586896e+00,
8.4326451929e+00,
8.7439773946e+00,
9.0543330528e+00,
9.3616799741e+00,
9.6640922828e+00,
9.9597666128e+00,
1.0247039675e+01,
1.0524406442e+01,
1.0790537029e+01,
1.1044290232e+01,
1.1284722342e+01,
1.1511090639e+01,
1.1722851797e+01,
1.1919655914e+01,
1.2101337124e+01,
1.2267901793e+01,
1.2419515140e+01,
1.2556486958e+01,
1.2679256865e+01,
1.2788379366e+01,
1.2884508835e+01,
1.2968384451e+01,
1.3040815077e+01,
1.3102664047e+01,
1.3154833881e+01,
1.3198250960e+01,
1.3233850271e+01,
1.3262560390e+01,
1.3285288917e+01,
1.3302908657e+01,
1.3316244866e+01,
1.3326063890e+01,
1.3333063568e+01,
1.3337865706e+01,
1.3341010914e+01,
1.3342956027e+01,
1.3344074248e+01,
1.3344658053e+01,
1.3344924796e+01,
1.3345024861e+01,
1.3345052081e+01,
1.3345056098e+01,
1.3345056480e+01,
1.3345064255e+01,
1.3345116935e+01,
1.3345310590e+01,
1.3345826797e+01,
1.3346956463e+01,
1.3349119755e+01,
1.3352881261e+01,
1.3358959570e+01,
1.3368230554e+01,
1.3381723691e+01,
1.3400610942e+01,
1.3426187856e+01,
1.3459846848e+01,
1.3503042922e+01,
1.3557252508e+01,
1.3623926562e+01,
1.3704439579e+01,
1.3800036643e+01,
1.3911781096e+01,
1.4040505676e+01,
1.4186770085e+01,
1.4350827764e+01,
1.4532604192e+01,
1.4731688222e+01,
1.4947336973e+01,
1.5178493577e+01,
1.5423816029e+01,
1.5681714440e+01,
1.5950393625e+01,
1.6227898071e+01,
1.6512156980e+01,
1.6801028141e+01,
1.7092340375e+01,
1.7383935003e+01,
1.7673706773e+01,
1.7959644015e+01,
1.8239866639e+01,
1.8512659577e+01,
1.8776498916e+01,
1.9030068618e+01,
1.9272267179e+01,
1.9502205281e+01,
1.9719196735e+01,
1.9922745467e+01,
2.0112530965e+01,
2.0288393803e+01,
2.0450322033e+01,
2.0598438574e+01,
2.0732989386e+01,
2.0854332073e+01,
2.0962924618e+01,
2.1059314027e+01,
2.1144124753e+01,
2.1218046860e+01,
2.1281823920e+01,
2.1336240678e+01,
2.1382110535e+01,
2.1420262930e+01,
2.1451530740e+01,
2.1476737824e+01,
2.1496686936e+01,
2.1512148204e+01,
2.1523848472e+01,
2.1532461782e+01,
2.1538601310e+01,
2.1542813034e+01,
2.1545571409e+01,
2.1547277237e+01,
2.1548257878e+01,
2.1548769849e+01,
2.1549003770e+01,
2.1549091521e+01,
2.1549115392e+01,
2.1549118915e+01,
2.1549119228e+01,
2.1549125401e+01,
2.1549167218e+01,
2.1549320940e+01,
2.1549730702e+01,
2.1550627421e+01,
2.1552344616e+01,
2.1555330427e+01,
2.1560155204e+01,
2.1567514063e+01,
2.1578223902e+01,
2.1593214453e+01,
2.1613513116e+01,
2.1640223485e+01,
2.1674497784e+01,
2.1717503678e+01,
2.1770386330e+01,
2.1834226911e+01,
2.1909999144e+01,
2.1998525746e+01,
2.2100436838e+01,
2.2216132491e+01,
2.2345751467e+01,
2.2489148095e+01,
2.2645878846e+01,
2.2815199868e+01,
2.2996076227e+01,
2.3187203147e+01,
2.3387038885e+01,
2.3593848223e+01,
2.3805754748e+01,
2.4020799319e+01,
2.4237001445e+01,
2.4452419909e+01,
2.4665208926e+01,
2.4873666537e+01,
2.5076272723e+01,
2.5271715789e+01,
2.5458906712e+01,
2.5636982193e+01,
2.5805298020e+01,
2.5963414837e+01,
2.6111078659e+01,
2.6248198341e+01,
2.6374821996e+01,
2.6491113875e+01,
2.6597332854e+01,
2.6693813182e+01,
2.6780947844e+01,
2.6859174551e+01,
2.6928964215e+01,
2.6990811607e+01,
2.7045227838e+01,
2.7092734294e+01,
2.7133857632e+01,
2.7169125517e+01,
2.7199062807e+01,
2.7224187944e+01,
2.7245009391e+01,
2.7262021990e+01,
2.7275703221e+01,
2.7286509344e+01,
2.7294871536e+01,
2.7301192100e+01,
2.7305840945e+01,
2.7309152486e+01,
2.7311423182e+01,
2.7312909872e+01,
2.7313829088e+01,
2.7314357461e+01,
2.7314633296e+01,
2.7314759321e+01,
2.7314806597e+01,
2.7314819457e+01,
2.7314821355e+01,
2.7314821523e+01,
2.7314824813e+01,
2.7314847108e+01,
2.7314929065e+01,
2.7315147522e+01,
2.7315625567e+01,
2.7316540909e+01,
2.7318132161e+01,
2.7320702612e+01,
2.7324621088e+01,
2.7330319521e+01,
2.7338286887e+01,
2.7349059275e+01,
2.7363205986e+01,
2.7381311772e+01,
2.7403955610e+01,
2.7431686709e+01,
2.7464998824e+01,
2.7504304253e+01,
2.7549909194e+01,
2.7601992252e+01,
2.7660587883e+01,
2.7725576325e+01,
2.7796681089e+01,
2.7873474527e+01,
2.7955391198e+01,
2.8041748074e+01,
2.8131769964e+01,
2.8224618151e+01,
2.8319420040e+01,
2.8415297783e+01,
2.8511394201e+01,
2.8606894822e+01,
2.8701045440e+01,
2.8793165064e+01,
2.8882654527e+01,
2.8969001215e+01,
2.9051780464e+01,
2.9130654191e+01,
2.9205367241e+01,
2.9275741942e+01,
2.9341671288e+01,
2.9403111228e+01,
2.9460072484e+01,
2.9512612333e+01,
2.9560826722e+01,
2.9604843008e+01,
2.9644813513e+01,
2.9680909996e+01,
2.9713319030e+01,
2.9742238233e+01,
2.9767873232e+01,
2.9790435213e+01,
2.9810138932e+01,
2.9827201033e+01,
2.9841838559e+01,
2.9854267543e+01,
2.9864701625e+01,
2.9873350613e+01,
2.9880418974e+01,
2.9886104256e+01,
2.9890595449e+01,
2.9894071320e+01,
2.9896698803e+01,
2.9898631481e+01,
2.9900008270e+01,
2.9900952357e+01,
2.9901570492e+01,
2.9901952690e+01,
2.9902172383e+01,
2.9902287073e+01,
2.9902339473e+01,
2.9902359130e+01,
2.9902364477e+01,
2.9902365266e+01,
2.9902365337e+01,
2.9902366739e+01,
2.9902376235e+01,
2.9902411143e+01,
2.9902504191e+01,
2.9902707805e+01,
2.9903097679e+01,
2.9903775449e+01,
2.9904870305e+01,
2.9906539363e+01,
2.9908966640e+01,
2.9912360495e+01,
2.9916949421e+01,
2.9922976178e+01,
2.9930690288e+01,
2.9940339099e+01,
2.9952157699e+01,
2.9966358161e+01,
2.9983118707e+01,
3.0002573499e+01,
3.0024803803e+01,
3.0049831268e+01,
3.0077613907e+01,
3.0108045202e+01,
3.0140956441e+01,
3.0176122136e+01,
3.0213268045e+01,
3.0252081119e+01,
3.0292220570e+01,
3.0333329245e+01,
3.0375044579e+01,
3.0417008585e+01,
3.0458876515e+01,
3.0500324012e+01,
3.0541052716e+01,
3.0580794368e+01,
3.0619313521e+01,
3.0656408985e+01,
3.0691914148e+01,
3.0725696323e+01,
3.0757655292e+01,
3.0787721215e+01,
3.0815852081e+01,
3.0842030877e+01,
3.0866262634e+01,
3.0888571480e+01,
3.0908997816e+01,
3.0927595700e+01,
3.0944430467e+01,
3.0959576636e+01,
3.0973116074e+01,
3.0985136427e+01,
3.0995729757e+01,
3.1004991377e+01,
3.1013018818e+01,
3.1019910896e+01,
3.1025766846e+01,
3.1030685483e+01,
3.1034764368e+01,
3.1038098973e+01,
3.1040781822e+01,
3.1042901642e+01,
3.1044542506e+01,
3.1045783025e+01,
3.1046695589e+01,
3.1047345719e+01,
3.1047791544e+01,
3.1048083455e+01,
3.1048263949e+01,
3.1048367701e+01,
3.1048421865e+01,
3.1048446612e+01,
3.1048455895e+01,
3.1048458420e+01,
3.1048458793e+01,
3.1048458827e+01,
3.1048459517e+01,
3.1048464190e+01,
3.1048481368e+01,
3.1048527155e+01,
3.1048627351e+01,
3.1048819202e+01,
3.1049152724e+01,
3.1049691492e+01,
3.1050512823e+01,
3.1051707280e+01,
3.1053377406e+01,
3.1055635665e+01,
3.1058601540e+01,
3.1062397843e+01,
3.1067146287e+01,
3.1072962488e+01,
3.1079950594e+01,
3.1088197840e+01,
3.1097769370e+01,
3.1108703676e+01,
3.1121009051e+01,
3.1134661359e+01,
3.1149603372e+01,
3.1165745786e+01,
3.1182969915e+01,
3.1201131863e+01,
3.1220067902e+01,
3.1239600634e+01,
3.1259545485e+01,
3.1279717076e+01,
3.1299935059e+01,
3.1320029092e+01,
3.1339842747e+01,
3.1359236273e+01,
3.1378088215e+01,
3.1396296014e+01,
3.1413775758e+01,
3.1430461274e+01,
3.1446302780e+01,
3.1461265262e+01,
3.1475326766e+01,
3.1488476689e+01,
3.1500714178e+01,
3.1512046685e+01,
3.1522488689e+01,
3.1532060603e+01,
3.1540787848e+01,
3.1548700071e+01,
3.1555830490e+01,
3.1562215344e+01,
3.1567893405e+01,
3.1572905550e+01,
3.1577294367e+01,
3.1581103775e+01,
3.1584378638e+01,
3.1587164385e+01,
3.1589506606e+01,
3.1591450630e+01,
3.1593041088e+01,
3.1594321463e+01,
3.1595333631e+01,
3.1596117412e+01,
3.1596710141e+01,
3.1597146269e+01,
3.1597457027e+01,
3.1597670153e+01,
3.1597809712e+01,
3.1597896008e+01,
3.1597945615e+01,
3.1597971512e+01,
3.1597983345e+01,
3.1597987783e+01,
3.1597988991e+01,
3.1597989169e+01,
3.1597989186e+01,
3.1597989533e+01,
3.1597991884e+01,
3.1598000525e+01,
3.1598023558e+01,
3.1598073961e+01,
3.1598170474e+01,
3.1598338262e+01,
3.1598609320e+01,
3.1599022575e+01,
3.1599623653e+01,
3.1600464262e+01,
3.1601601200e+01,
3.1603094946e+01,
3.1605007869e+01,
3.1607402097e+01,
3.1610337104e+01,
3.1613867142e+01,
3.1618038635e+01,
3.1622887715e+01,
3.1628438048e+01,
3.1634699128e+01,
3.1641665169e+01,
3.1649314671e+01,
3.1657610715e+01,
3.1666501943e+01,
3.1675924139e+01,
3.1685802299e+01,
3.1696053024e+01,
3.1706587086e+01,
3.1717312025e+01,
3.1728134664e+01,
3.1738963428e+01,
3.1749710429e+01,
3.1760293256e+01,
3.1770636449e+01,
3.1780672640e+01,
3.1790343360e+01,
3.1799599514e+01,
3.1808401531e+01,
3.1816719235e+01,
3.1824531447e+01,
3.1831825387e+01,
3.1838595915e+01,
3.1844844665e+01,
3.1850579134e+01,
3.1855811762e+01,
3.1860559042e+01,
3.1864840705e+01,
3.1868678979e+01,
3.1872097939e+01,
3.1875122967e+01,
3.1877780282e+01,
3.1880096575e+01,
3.1882098690e+01,
3.1883813382e+01,
3.1885267096e+01,
3.1886485789e+01,
3.1887494759e+01,
3.1888318481e+01,
3.1888980448e+01,
3.1889503010e+01,
3.1889907208e+01,
3.1890212615e+01,
3.1890437186e+01,
3.1890597125e+01,
3.1890706779e+01,
3.1890778567e+01,
3.1890822950e+01,
3.1890848461e+01,
3.1890861778e+01,
3.1890867863e+01,
3.1890870146e+01,
3.1890870766e+01,
3.1890870858e+01,
3.1890870867e+01,
3.1890871056e+01,
3.1890872335e+01,
3.1890877038e+01,
3.1890889574e+01,
3.1890917005e+01,
3.1890969523e+01,
3.1891060807e+01,
3.1891208225e+01,
3.1891432858e+01,
3.1891759327e+01,
3.1892215379e+01,
3.1892831232e+01,
3.1893638656e+01,
3.1894669808e+01,
3.1895955821e+01,
3.1897525229e+01,
3.1899402268e+01,
3.1901605177e+01,
3.1904144595e+01,
3.1907022215e+01,
3.1910229797e+01,
3.1913748677e+01,
3.1917549859e+01,
3.1921594725e+01,
3.1925836351e+01,
3.1930221371e+01,
3.1934692250e+01,
3.1939189794e+01,
3.1943655716e+01,
3.1948035044e+01,
3.1952278200e+01,
3.1956342624e+01,
3.1960193835e+01,
3.1963805939e+01,
3.1967161590e+01,
3.1970251499e+01,
3.1973073589e+01,
3.1975631920e+01,
3.1977935495e+01,
3.1979997061e+01,
3.1981831966e+01,
3.1983457154e+01,
3.1984890303e+01,
3.1986149138e+01,
3.1987250911e+01,
3.1988212026e+01,
3.1989047795e+01,
3.1989772309e+01,
3.1990398379e+01,
3.1990937556e+01,
3.1991400178e+01,
3.1991795460e+01,
3.1992131589e+01,
3.1992415837e+01,
3.1992654664e+01,
3.1992853819e+01,
3.1993018436e+01,
3.1993153114e+01,
3.1993261986e+01,
3.1993348776e+01,
3.1993416849e+01,
3.1993469236e+01,
3.1993508665e+01,
3.1993537573e+01,
3.1993558118e+01,
3.1993572182e+01,
3.1993581381e+01,
3.1993587064e+01,
3.1993590330e+01,
3.1993592034e+01,
3.1993592812e+01,
3.1993593105e+01,
3.1993593184e+01,
3.1993593196e+01,
3.1993593197e+01,
3.1993593223e+01,
3.1993593397e+01,
3.1993594036e+01,
3.1993595740e+01,
3.1993599468e+01,
3.1993606603e+01,
3.1993618993e+01,
3.1993638972e+01,
3.1993669346e+01,
3.1993713340e+01,
3.1993774498e+01,
3.1993856536e+01,
3.1993963139e+01,
3.1994097707e+01,
3.1994263076e+01,
3.1994461204e+01,
3.1994692885e+01,
3.1994957501e+01,
3.1995252861e+01,
3.1995575157e+01,
3.1995919070e+01,
3.1996278011e+01,
3.1996644510e+01,
3.1997010697e+01,
3.1997368822e+01,
3.1997711773e+01,
3.1998033508e+01,
3.1998329364e+01,
3.1998596229e+01,
3.1998832551e+01,
3.1999038210e+01,
3.1999214293e+01,
3.1999362801e+01,
3.1999486345e+01,
3.1999587862e+01,
3.1999670373e+01,
3.1999736808e+01,
3.1999789885e+01,
3.1999832028e+01,
3.1999865337e+01,
3.1999891583e+01,
3.1999912228e+01,
3.1999928462e+01,
3.1999941244e+01,
3.1999951340e+01,
3.1999959356e+01,
3.1999965768e+01,
3.1999970943e+01,
3.1999975163e+01,
3.1999978650e+01,
3.1999981572e+01,
3.1999984060e+01,
3.1999986211e+01,
3.1999988097e+01,
3.1999989766e+01,
3.1999991254e+01,
3.1999992582e+01,
3.1999993769e+01,
3.1999994825e+01,
3.1999995758e+01,
3.1999996576e+01,
3.1999997285e+01,
3.1999997892e+01,
3.1999998402e+01,
3.1999998824e+01,
3.1999999163e+01,
3.1999999430e+01,
3.2000000000e+01,
3.2000000000e+01,
3.2000000000e+01,
3.2000000000e+01,
3.2000000000e+01,
3.2000000000e+01,
3.2000000000e+01,
