0.0000000000e+00,
2.0946000490e-10,
6.6863680148e-09,
5.0568447985e-08,
2.1188468802e-07,
6.4190280702e-07,
1.5830288120e-06,
3.3855581481e-06,
6.5206739560e-06,
1.1589203187e-05,
1.9325772023e-05,
3.0598143465e-05,
4.6401666878e-05,
6.7848916292e-05,
9.6154735738e-05,
1.3261704104e-04,
1.7859384376e-04,
2.3547706145e-04,
3.0466375636e-04,
3.8752550236e-04,
4.8537661627e-04,
5.9944200794e-04,
7.3082540375e-04,
8.8047868550e-04,
1.0491730612e-03,
1.2374727510e-03,
1.4457118292e-03,
1.6739748158e-03,
1.9220815556e-03,
2.1895768609e-03,
2.4757253185e-03,
2.7795115831e-03,
3.0996463754e-03,
3.4345782969e-03,
3.7825114437e-03,
4.1414286624e-03,
4.5091201422e-03,
4.8832168772e-03,
5.2612283802e-03,
5.6405838735e-03,
6.0186760510e-03,
6.3929063844e-03,
6.7607308667e-03,
7.1197050268e-03,
7.4675270419e-03,
7.8020777979e-03,
8.1214568211e-03,
8.4240131120e-03,
8.7083700596e-03,
8.9734437920e-03,
9.2184545171e-03,
9.4429306277e-03,
9.6467055640e-03,
9.8299076522e-03,
9.9929433464e-03,
1.0136474496e-02,
1.0261390428e-02,
1.0368775777e-02,
1.0459875090e-02,
1.0536055312e-02,
1.0598767294e-02,
1.0649507428e-02,
1.0689780529e-02,
1.0721064955e-02,
1.0744780899e-02,
1.0762262645e-02,
1.0774735445e-02,
1.0783297535e-02,
1.0788907616e-02,
1.0792377991e-02,
1.0794373376e-02,
1.0795415224e-02,
1.0795891270e-02,
1.0796069854e-02,
1.0796118433e-02,
1.0796125604e-02,
1.0796126585e-02,
1.0796149765e-02,
1.0796306812e-02,
1.0796884139e-02,
1.0798423116e-02,
1.0801791318e-02,
1.0808242546e-02,
1.0819463532e-02,
1.0837605660e-02,
1.0865300553e-02,
1.0905658899e-02,
1.0962252446e-02,
1.1039079626e-02,
1.1140515718e-02,
1.1271248890e-02,
1.1436203776e-02,
1.1640454435e-02,
1.1889128704e-02,
1.2187305953e-02,
1.2539910257e-02,
1.2951600924e-02,
1.3426662230e-02,
1.3968894214e-02,
1.4581506329e-02,
1.5267015855e-02,
1.6027153088e-02,
1.6862775475e-02,
1.7773793096e-02,
1.8759108003e-02,
1.9816570086e-02,
2.0942952049e-02,
2.2133945939e-02,
2.3384183282e-02,
2.4687280304e-02,
2.6035908977e-02,
2.7421893712e-02,
2.8836332515e-02,
3.0269740400e-02,
3.1712211811e-02,
3.3153597928e-02,
3.4583693986e-02,
3.5992431207e-02,
3.7370067660e-02,
3.8707372344e-02,
3.9995797006e-02,
4.1227630664e-02,
4.2396132438e-02,
4.3495639119e-02,
4.4521644785e-02,
4.5470850764e-02,
4.6341185234e-02,
4.7131792722e-02,
4.7842994681e-02,
4.8476223169e-02,
4.9033930400e-02,
4.9519477542e-02,
4.9937006651e-02,
5.0291299962e-02,
5.0587631001e-02,
5.0831612030e-02,
5.1029042299e-02,
5.1185761384e-02,
5.1307511588e-02,
5.1399812995e-02,
5.1467854250e-02,
5.1516401617e-02,
5.1549728249e-02,
5.1571564969e-02,
5.1585073216e-02,
5.1592840189e-02,
5.1596895561e-02,
5.1598748564e-02,
5.1599443701e-02,
5.1599632797e-02,
5.1599660707e-02,
5.1599663356e-02,
5.1599717372e-02,
5.1600083337e-02,
5.1601428676e-02,
5.1605014933e-02,
5.1612863772e-02,
5.1627896774e-02,
5.1654044107e-02,
5.1696318076e-02,
5.1760848776e-02,
5.1854880217e-02,
5.1986726588e-02,
5.2165689503e-02,
5.2401938178e-02,
5.2706355476e-02,
5.3090353487e-02,
5.3565662923e-02,
5.4144100938e-02,
5.4837322202e-02,
5.5656558107e-02,
5.6612349012e-02,
5.7714274475e-02,
5.8970686516e-02,
6.0388451207e-02,
6.1972704267e-02,
6.3726626791e-02,
6.5651247769e-02,
6.7745280414e-02,
7.0004999518e-02,
7.2424166841e-02,
7.4994010852e-02,
7.7703265939e-02,
8.0538274396e-02,
8.3483152257e-02,
8.6520017442e-02,
8.9629275927e-02,
9.2789958927e-02,
9.5980101707e-02,
9.9177152647e-02,
1.0235839988e-01,
1.0550140221e-01,
1.0858441096e-01,
1.1158677042e-01,
1.1448928538e-01,
1.1727454650e-01,
1.1992720563e-01,
1.2243419578e-01,
1.2478489226e-01,
1.2697121342e-01,
1.2898766135e-01,
1.3083130440e-01,
1.3250170458e-01,
1.3400079434e-01,
1.3533270754e-01,
1.3650357088e-01,
1.3752126198e-01,
1.3839514119e-01,
1.3913576435e-01,
1.3975458400e-01,
1.4026364669e-01,
1.4067529381e-01,
1.4100187362e-01,
1.4125547133e-01,
1.4144766384e-01,
1.4158930516e-01,
1.4169034740e-01,
1.4175970152e-01,
1.4180514067e-01,
1.4183324786e-01,
1.4184940839e-01,
1.4185784613e-01,
1.4186170152e-01,
1.4186314782e-01,
1.4186354126e-01,
1.4186359933e-01,
1.4186360449e-01,
1.4186370622e-01,
1.4186439545e-01,
1.4186692914e-01,
1.4187368312e-01,
1.4188846454e-01,
1.4191677461e-01,
1.4196601198e-01,
1.4204560851e-01,
1.4216709144e-01,
1.4234406760e-01,
1.4259212784e-01,
1.4292867194e-01,
1.4337265647e-01,
1.4394427030e-01,
1.4466454454e-01,
1.4555490535e-01,
1.4663667995e-01,
1.4793056743e-01,
1.4945608733e-01,
1.5123101987e-01,
1.5327085277e-01,
1.5558825030e-01,
1.5819256072e-01,
1.6108937861e-01,
1.6428017857e-01,
1.6776203587e-01,
1.7152744837e-01,
1.7556427155e-01,
1.7985577511e-01,
1.8438082532e-01,
1.8911419209e-01,
1.9402697418e-01,
1.9908713049e-01,
2.0426009984e-01,
2.0950948787e-01,
2.1479779624e-01,
2.2008716844e-01,
2.2534012613e-01,
2.3052027247e-01,
2.3559294123e-01,
2.4052577514e-01,
2.4528922097e-01,
2.4985693384e-01,
2.5420608729e-01,
2.5831758973e-01,
2.6217621079e-01,
2.6577062334e-01,
2.6909336850e-01,
2.7214075166e-01,
2.7491267773e-01,
2.7741243361e-01,
2.7964642557e-01,
2.8162387848e-01,
2.8335650359e-01,
2.8485814113e-01,
2.8614438383e-01,
2.8723218764e-01,
2.8813947598e-01,
2.8888474438e-01,
2.8948667270e-01,
2.8996375251e-01,
2.9033393743e-01,
2.9061432433e-01,
2.9082087303e-01,
2.9096817152e-01,
2.9106925294e-01,
2.9113546917e-01,
2.9117642447e-01,
2.9119997080e-01,
2.9121226442e-01,
2.9121788156e-01,
2.9121998875e-01,
2.9122056196e-01,
2.9122064656e-01,
2.9122065404e-01,
2.9122080072e-01,
2.9122179446e-01,
2.9122544759e-01,
2.9123518550e-01,
2.9125649681e-01,
2.9129731098e-01,
2.9136828861e-01,
2.9148301119e-01,
2.9165805946e-01,
2.9191297175e-01,
2.9227007689e-01,
2.9275419912e-01,
2.9339223640e-01,
2.9421261762e-01,
2.9524464852e-01,
2.9651776116e-01,
2.9806068649e-01,
2.9990057428e-01,
3.0206208928e-01,
3.0456651575e-01,
3.0743090547e-01,
3.1066730524e-01,
3.1428209956e-01,
3.1827550168e-01,
3.2264122149e-01,
3.2736633198e-01,
3.3243134745e-01,
3.3781051602e-01,
3.4347231808e-01,
3.4938015130e-01,
3.5549317203e-01,
3.6176725537e-01,
3.6815602992e-01,
3.7461194131e-01,
3.8108729942e-01,
3.8753526856e-01,
3.9391076660e-01,
4.0017124769e-01,
4.0627735243e-01,
4.1219341860e-01,
4.1788785381e-01,
4.2333337783e-01,
4.2850714759e-01,
4.3339078011e-01,
4.3797029032e-01,
4.4223595994e-01,
4.4618215233e-01,
4.4980708595e-01,
4.5311257695e-01,
4.5610375839e-01,
4.5878878205e-01,
4.6117850631e-01,
4.6328617279e-01,
4.6512707314e-01,
4.6671820731e-01,
4.6807793472e-01,
4.6922562007e-01,
4.7018127650e-01,
4.7096520981e-01,
4.7159766842e-01,
4.7209850484e-01,
4.7248685552e-01,
4.7278084619e-01,
4.7299733067e-01,
4.7315167054e-01,
4.7325756270e-01,
4.7332692095e-01,
4.7336981590e-01,
4.7339447611e-01,
4.7340735092e-01,
4.7341323351e-01,
4.7341544028e-01,
4.7341604057e-01,
4.7341612917e-01,
4.7341613713e-01,
4.7341629448e-01,
4.7341736055e-01,
4.7342127953e-01,
4.7343172599e-01,
4.7345458735e-01,
4.7349836777e-01,
4.7357449657e-01,
4.7369752565e-01,
4.7388520202e-01,
4.7415840398e-01,
4.7454093221e-01,
4.7505915064e-01,
4.7574147688e-01,
4.7661772760e-01,
4.7771833150e-01,
4.7907343004e-01,
4.8071189470e-01,
4.8266029741e-01,
4.8494187803e-01,
4.8757555827e-01,
4.9057505321e-01,
4.9394813121e-01,
4.9769606694e-01,
5.0181332333e-01,
5.0628748487e-01,
5.1109944878e-01,
5.1622386359e-01,
5.2162978808e-01,
5.2728152927e-01,
5.3313960808e-01,
5.3916179606e-01,
5.4530416677e-01,
5.5152211099e-01,
5.5777127402e-01,
5.6400838528e-01,
5.7019196305e-01,
5.7628288896e-01,
5.8224485646e-01,
5.8804470470e-01,
5.9365265298e-01,
5.9904245255e-01,
6.0419147147e-01,
6.0908072615e-01,
6.1369487036e-01,
6.1802214917e-01,
6.2205432303e-01,
6.2578656464e-01,
6.2921732995e-01,
6.3234820369e-01,
6.3518371947e-01,
6.3773115436e-01,
6.4000029826e-01,
6.4200319891e-01,
6.4375388379e-01,
6.4526806120e-01,
6.4656280325e-01,
6.4765621472e-01,
6.4856709236e-01,
6.4931458018e-01,
6.4991782712e-01,
6.5039565427e-01,
6.5076623912e-01,
6.5104682493e-01,
6.5125346310e-01,
6.5140079594e-01,
6.5150188676e-01,
6.5156810291e-01,
6.5160905570e-01,
6.5163259973e-01,
6.5164489191e-01,
6.5165050832e-01,
6.5165261524e-01,
6.5165318837e-01,
6.5165327296e-01,
6.5165328076e-01,
6.5165343730e-01,
6.5165449785e-01,
6.5165839654e-01,
6.5166878895e-01,
6.5169153214e-01,
6.5173508676e-01,
6.5181082451e-01,
6.5193322588e-01,
6.5211995483e-01,
6.5239179963e-01,
6.5277247178e-01,
6.5328825884e-01,
6.5396753161e-01,
6.5484011196e-01,
6.5593651446e-01,
6.5728708204e-01,
6.5892104424e-01,
6.6086553323e-01,
6.6314459892e-01,
6.6577826816e-01,
6.6878169334e-01,
6.7216443275e-01,
6.7592989861e-01,
6.8007499900e-01,
6.8458998822e-01,
6.8945852816e-01,
6.9465795169e-01,
7.0015970990e-01,
7.0592997844e-01,
7.1193039479e-01,
7.1811889663e-01,
7.2445063221e-01,
7.3087891441e-01,
7.3735619083e-01,
7.4383500329e-01,
7.5026891019e-01,
7.5661334622e-01,
7.6282639559e-01,
7.6886945806e-01,
7.7470779198e-01,
7.8031092398e-01,
7.8565292233e-01,
7.9071253725e-01,
7.9547321801e-01,
7.9992302109e-01,
8.0405442752e-01,
8.0786408843e-01,
8.1135251799e-01,
8.1452375143e-01,
8.1738498295e-01,
8.1994619569e-01,
8.2221979219e-01,
8.2422023107e-01,
8.2596367291e-01,
8.2746763615e-01,
8.2875066289e-01,
8.2983199378e-01,
8.3073125122e-01,
8.3146813106e-01,
8.3206210397e-01,
8.3253212894e-01,
8.3289638294e-01,
8.3317201190e-01,
8.3337490910e-01,
8.3351952761e-01,
8.3361873334e-01,
8.3368370469e-01,
8.3372388363e-01,
8.3374698140e-01,
8.3375904019e-01,
8.3376454987e-01,
8.3376661673e-01,
8.3376717897e-01,
8.3376726195e-01,
8.3376726986e-01,
8.3376743142e-01,
8.3376852599e-01,
8.3377254972e-01,
8.3378327529e-01,
8.3380674675e-01,
8.3385169291e-01,
8.3392984059e-01,
8.3405611024e-01,
8.3424867738e-01,
8.3452888507e-01,
8.3492099502e-01,
8.3545176879e-01,
8.3614987562e-01,
8.3704513039e-01,
8.3816757385e-01,
8.3954641740e-01,
8.4120888567e-01,
8.4317900136e-01,
8.4547636745e-01,
8.4811500990e-01,
8.5110234935e-01,
8.5443837107e-01,
8.5811505770e-01,
8.6211613931e-01,
8.6641719900e-01,
8.7098615115e-01,
8.7578408457e-01,
8.8076643589e-01,
8.8588443295e-01,
8.9108672573e-01,
8.9632110700e-01,
9.0153621802e-01,
9.0668313776e-01,
9.1171676689e-01,
9.1659693849e-01,
9.2128921333e-01,
9.2576534562e-01,
9.3000343117e-01,
9.3398777192e-01,
9.3770850658e-01,
9.4116106556e-01,
9.4434551054e-01,
9.4726581553e-01,
9.4992913848e-01,
9.5234512283e-01,
9.5452525741e-01,
9.5648231299e-01,
9.5822986442e-01,
9.5978190005e-01,
9.6115251423e-01,
9.6235567502e-01,
9.6340505670e-01,
9.6431392557e-01,
9.6509506736e-01,
9.6576074519e-01,
9.6632267781e-01,
9.6679202958e-01,
9.6717940501e-01,
9.6749484243e-01,
9.6774780318e-01,
9.6794715456e-01,
9.6810114623e-01,
9.6821738146e-01,
9.6830278587e-01,
9.6836357699e-01,
9.6840523900e-01,
9.6843250663e-01,
9.6844936228e-01,
9.6845904974e-01,
9.6846410664e-01,
9.6846641699e-01,
9.6846728365e-01,
9.6846751940e-01,
9.6846755419e-01,
9.6846755764e-01,
9.6846762934e-01,
9.6846811511e-01,
9.6846990082e-01,
9.6847466047e-01,
9.6848507479e-01,
9.6850501163e-01,
9.6853965745e-01,
9.6859558857e-01,
9.6868076968e-01,
9.6880446697e-01,
9.6897706403e-01,
9.6920977095e-01,
9.6951422195e-01,
9.6990196447e-01,
9.7038385232e-01,
9.7096936825e-01,
9.7166591404e-01,
9.7247811912e-01,
9.7340722810e-01,
9.7445063153e-01,
9.7560160117e-01,
9.7684927866e-01,
9.7817894576e-01,
9.7957257666e-01,
9.8100964184e-01,
9.8246810277e-01,
9.8392551329e-01,
9.8536013000e-01,
9.8675193353e-01,
9.8808347580e-01,
9.8934049181e-01,
9.9051224485e-01,
9.9159160594e-01,
9.9257489553e-01,
9.9346153644e-01,
9.9425357718e-01,
9.9495514742e-01,
9.9557190064e-01,
9.9611048888e-01,
9.9657810022e-01,
9.9698207650e-01,
9.9732961649e-01,
9.9762756113e-01,
9.9788225190e-01,
9.9809945054e-01,
9.9828430745e-01,
9.9844136635e-01,
9.9857459387e-01,
9.9868742436e-01,
9.9878281241e-01,
9.9886328799e-01,
9.9893101077e-01,
9.9898782154e-01,
9.9903528965e-01,
9.9907475548e-01,
9.9910736786e-01,
9.9913411604e-01,
9.9915585677e-01,
9.9917333649e-01,
9.9918720941e-01,
9.9919805171e-01,
9.9920637243e-01,
9.9921262157e-01,
9.9921719592e-01,
9.9922044307e-01,
9.9922266418e-01,
9.9922411601e-01,
9.9922501273e-01,
9.9922552784e-01,
9.9922579666e-01,
9.9922591946e-01,
9.9922596552e-01,
9.9922597805e-01,
9.9922597990e-01,
9.9922598009e-01,
9.9922598414e-01,
9.9922601157e-01,
9.9922611242e-01,
9.9922638117e-01,
9.9922696904e-01,
9.9922809371e-01,
9.9923004591e-01,
9.9923319150e-01,
9.9923796795e-01,
9.9924487371e-01,
9.9925444926e-01,
9.9926724889e-01,
9.9928380317e-01,
9.9930457315e-01,
9.9932989938e-01,
9.9935995014e-01,
9.9939467533e-01,
9.9943377342e-01,
9.9947667857e-01,
9.9952257358e-01,
9.9957043094e-01,
9.9961907998e-01,
9.9966729345e-01,
9.9971388258e-01,
9.9975778815e-01,
9.9979815500e-01,
9.9983438076e-01,
9.9986613394e-01,
9.9989334235e-01,
9.9991615706e-01,
9.9993490050e-01,
9.9995000847e-01,
9.9996197456e-01,
9.9997130323e-01,
9.9997847467e-01,
9.9998392169e-01,
9.9998801755e-01,
9.9999107253e-01,
9.9999333702e-01,
9.9999500857e-01,
9.9999624063e-01,
9.9999715099e-01,
9.9999782937e-01,
9.9999834386e-01,
9.9999874585e-01,
9.9999907316e-01,
9.9999935169e-01,
9.9999959749e-01,
1.0000000000e+00,
1.0000000000e+00,
1.0000000000e+00,
1.0000000000e+00,
1.0000000000e+00,
1.0000000000e+00,
1.0000000000e+00,
1.0000000000e+00,
1.0000000000e+00,
1.0000000000e+00,
1.0000000000e+00,
1.0000000000e+00,
1.0000000000e+00,
1.0000000000e+00,
1.0000000000e+00,
1.0000000000e+00,
1.0000000000e+00,
1.0000000000e+00,
1.0000000000e+00,
1.0000000000e+00,
1.0000000000e+00,
1.0000000000e+00,
1.0000000000e+00,
1.0000000000e+00,
1.0000000000e+00,
1.0000000000e+00,
