0.0000000000e+00,
1.3887000438e-09,
4.4329999893e-08,
3.3526411003e-07,
1.4047754400e-06,
4.2557518900e-06,
1.0495307700e-05,
2.2445813530e-05,
4.3231004540e-05,
7.6833888130e-05,
1.2812402633e-04,
2.0285269231e-04,
3.0761536639e-04,
4.4978200867e-04,
6.3739649055e-04,
8.7904745288e-04,
1.1837136585e-03,
1.5605875962e-03,
2.0188816600e-03,
2.5676216592e-03,
3.2154327131e-03,
3.9703227562e-03,
4.8394689274e-03,
5.8290120628e-03,
6.9438643644e-03,
8.1875350852e-03,
9.5619787706e-03,
1.1067470221e-02,
1.2702509895e-02,
1.4463762960e-02,
1.6346034569e-02,
1.8342283277e-02,
2.0443673683e-02,
2.2639668525e-02,
2.4918159479e-02,
2.7265634882e-02,
2.9667381553e-02,
3.2107716837e-02,
3.4570246001e-02,
3.7038139239e-02,
3.9494421774e-02,
4.1922270022e-02,
4.4305306445e-02,
4.6627885608e-02,
4.8875364165e-02,
5.1034347860e-02,
5.3092909307e-02,
5.5040771134e-02,
5.6869450126e-02,
5.8572359108e-02,
6.0144864580e-02,
6.1584299384e-02,
6.2889930960e-02,
6.4062886985e-02,
6.5106041361e-02,
6.6023864549e-02,
6.6822243179e-02,
6.7508274595e-02,
6.8090042569e-02,
6.8576380817e-02,
6.8976631088e-02,
6.9300402637e-02,
6.9557339657e-02,
6.9756902857e-02,
6.9908170854e-02,
7.0019666329e-02,
7.0099211088e-02,
7.0153813263e-02,
7.0189588909e-02,
7.0211719209e-02,
7.0224443482e-02,
7.0231087149e-02,
7.0234122798e-02,
7.0235261592e-02,
7.0235571373e-02,
7.0235617096e-02,
7.0235623355e-02,
7.0235771167e-02,
7.0236772623e-02,
7.0240454103e-02,
7.0250267774e-02,
7.0271745747e-02,
7.0312882438e-02,
7.0384431396e-02,
7.0500105508e-02,
7.0676672525e-02,
7.0933941091e-02,
7.1294635790e-02,
7.1784163044e-02,
7.2430272789e-02,
7.3262623681e-02,
7.4312261947e-02,
7.5611025941e-02,
7.7190889880e-02,
7.9083261229e-02,
8.1318246846e-02,
8.3923903385e-02,
8.6925487784e-02,
9.0344723986e-02,
9.4199102490e-02,
9.8501229895e-02,
1.0325824617e-01,
1.0847132786e-01,
1.1413529552e-01,
1.2023834300e-01,
1.2676190487e-01,
1.3368067540e-01,
1.4096278878e-01,
1.4857016530e-01,
1.5645902197e-01,
1.6458053965e-01,
1.7288167212e-01,
1.8130607590e-01,
1.8979513452e-01,
1.9828904654e-01,
2.0672794431e-01,
2.1505300944e-01,
2.2320755211e-01,
2.3113802357e-01,
2.3879493510e-01,
2.4613366112e-01,
2.5311510932e-01,
2.5970624607e-01,
2.6588047018e-01,
2.7161783311e-01,
2.7690510780e-01,
2.8173571187e-01,
2.8610949401e-01,
2.9003239479e-01,
2.9351599509e-01,
2.9657696705e-01,
2.9923644351e-01,
3.0151932317e-01,
3.0345352938e-01,
3.0506924104e-01,
3.0639811451e-01,
3.0747251532e-01,
3.0832477846e-01,
3.0898651492e-01,
3.0948798147e-01,
3.0985752862e-01,
3.1012114006e-01,
3.1030207420e-01,
3.1042061550e-01,
3.1049394037e-01,
3.1053609895e-01,
3.1055811071e-01,
3.1056816834e-01,
3.1057194135e-01,
3.1057296770e-01,
3.1057311919e-01,
3.1057313357e-01,
3.1057342675e-01,
3.1057541310e-01,
3.1058271517e-01,
3.1060218003e-01,
3.1064477965e-01,
3.1072636772e-01,
3.1086826476e-01,
3.1109764760e-01,
3.1144772465e-01,
3.1195768432e-01,
3.1267240987e-01,
3.1364196065e-01,
3.1492082601e-01,
3.1656696486e-01,
3.1864064997e-01,
3.2120314216e-01,
3.2431522492e-01,
3.2803563501e-01,
3.3241942896e-01,
3.3751632925e-01,
3.4336909712e-01,
3.5001198180e-01,
3.5746929734e-01,
3.6575417910e-01,
3.7486757069e-01,
3.8479748882e-01,
3.9551860798e-01,
4.0699219734e-01,
4.1916643068e-01,
4.3197707510e-01,
4.4534854742e-01,
4.5919530955e-01,
4.7342355707e-01,
4.8793314033e-01,
5.0261964602e-01,
5.1737656057e-01,
5.3209743514e-01,
5.4667797567e-01,
5.6101798994e-01,
5.7502313516e-01,
5.8860642415e-01,
6.0168946321e-01,
6.1420340922e-01,
6.2608964695e-01,
6.3730019821e-01,
6.4779788274e-01,
6.5755625577e-01,
6.6655935008e-01,
6.7480125065e-01,
6.8228552870e-01,
6.8902455952e-01,
6.9503874579e-01,
7.0035566456e-01,
7.0500915415e-01,
7.0903835474e-01,
7.1248671562e-01,
7.1540098170e-01,
7.1783017232e-01,
7.1982456675e-01,
7.2143471204e-01,
7.2271047046e-01,
7.2370012534e-01,
7.2444956454e-01,
7.2500156119e-01,
7.2539517039e-01,
7.2566525835e-01,
7.2584217798e-01,
7.2595160069e-01,
7.2601450958e-01,
7.2604735418e-01,
7.2606236127e-01,
7.2606799096e-01,
7.2606952237e-01,
7.2606974841e-01,
7.2606976852e-01,
7.2607016450e-01,
7.2607284728e-01,
7.2608270945e-01,
7.2610899835e-01,
7.2616653071e-01,
7.2627671112e-01,
7.2646831280e-01,
7.2677798409e-01,
7.2725044893e-01,
7.2793837629e-01,
7.2890190042e-01,
7.3020778293e-01,
7.3192821797e-01,
7.3413929378e-01,
7.3691913785e-01,
7.4034578741e-01,
7.4449484264e-01,
7.4943697568e-01,
7.5523538209e-01,
7.6194327379e-01,
7.6960152058e-01,
7.7823655060e-01,
7.8785861772e-01,
7.9846053447e-01,
8.1001695233e-01,
8.2248424806e-01,
8.3580104468e-01,
8.4988936232e-01,
8.6465635788e-01,
8.7999657848e-01,
8.9579462290e-01,
9.1192808280e-01,
9.2827062202e-01,
9.4469504997e-01,
9.6107625356e-01,
9.7729387032e-01,
9.9323461051e-01,
1.0087941662e+00,
1.0238786755e+00,
1.0384057406e+00,
1.0523050213e+00,
1.0655184471e+00,
1.0780001023e+00,
1.0897158461e+00,
1.1006427294e+00,
1.1107682675e+00,
1.1200896196e+00,
1.1286127190e+00,
1.1363513850e+00,
1.1433264416e+00,
1.1495648557e+00,
1.1550989034e+00,
1.1599653651e+00,
1.1642047463e+00,
1.1678605213e+00,
1.1709783918e+00,
1.1736055588e+00,
1.1757900036e+00,
1.1775797787e+00,
1.1790223139e+00,
1.1801637432e+00,
1.1810482655e+00,
1.1817175518e+00,
1.1822102154e+00,
1.1825613627e+00,
1.1828022401e+00,
1.1829599930e+00,
1.1830575483e+00,
1.1831136300e+00,
1.1831429089e+00,
1.1831562864e+00,
1.1831613048e+00,
1.1831626699e+00,
1.1831628714e+00,
1.1831628892e+00,
1.1831632385e+00,
1.1831656051e+00,
1.1831743050e+00,
1.1831974954e+00,
1.1832482448e+00,
1.1833454277e+00,
1.1835144040e+00,
1.1837874457e+00,
1.1842038775e+00,
1.1848099008e+00,
1.1856580755e+00,
1.1868064457e+00,
1.1883173022e+00,
1.1902555944e+00,
1.1926870186e+00,
1.1956758354e+00,
1.1992824878e+00,
1.2035611185e+00,
1.2085571027e+00,
1.2143047281e+00,
1.2208251621e+00,
1.2281248389e+00,
1.2361943863e+00,
1.2450081829e+00,
1.2545245953e+00,
1.2646869032e+00,
1.2754248660e+00,
1.2866568407e+00,
1.2982923204e+00,
1.3102347340e+00,
1.3223843385e+00,
1.3346410366e+00,
1.3469069732e+00,
1.3590887942e+00,
1.3710994911e+00,
1.3828597910e+00,
1.3942990955e+00,
1.4053559973e+00,
1.4159784317e+00,
1.4261235289e+00,
1.4357572421e+00,
1.4448538207e+00,
1.4533951909e+00,
1.4613702951e+00,
1.4687744284e+00,
1.4756085985e+00,
1.4818789253e+00,
1.4875960852e+00,
1.4927748021e+00,
1.4974333782e+00,
1.5015932581e+00,
1.5052786167e+00,
1.5085159624e+00,
1.5113337461e+00,
1.5137619694e+00,
1.5158317879e+00,
1.5175751053e+00,
1.5190241587e+00,
1.5202110981e+00,
1.5211675628e+00,
1.5219242642e+00,
1.5225105827e+00,
1.5229541903e+00,
1.5232807104e+00,
1.5235134279e+00,
1.5236730607e+00,
1.5237776035e+00,
1.5238422526e+00,
1.5238794171e+00,
1.5238988197e+00,
1.5239076848e+00,
1.5239110103e+00,
1.5239119150e+00,
1.5239120485e+00,
1.5239120605e+00,
1.5239122976e+00,
1.5239139042e+00,
1.5239198100e+00,
1.5239355523e+00,
1.5239700024e+00,
1.5240359722e+00,
1.5241506744e+00,
1.5243360103e+00,
1.5246186618e+00,
1.5250299654e+00,
1.5256055518e+00,
1.5263847407e+00,
1.5274096865e+00,
1.5287242860e+00,
1.5303728700e+00,
1.5323987194e+00,
1.5348424630e+00,
1.5377404302e+00,
1.5411230459e+00,
1.5450133633e+00,
1.5494258257e+00,
1.5543653454e+00,
1.5598267616e+00,
1.5657947168e+00,
1.5722439567e+00,
1.5791400242e+00,
1.5864402917e+00,
1.5940952482e+00,
1.6020499506e+00,
1.6102455441e+00,
1.6186207679e+00,
1.6271133776e+00,
1.6356614366e+00,
1.6442044508e+00,
1.6526843350e+00,
1.6610462160e+00,
1.6692390824e+00,
1.6772162961e+00,
1.6849359783e+00,
1.6923612829e+00,
1.6994605671e+00,
1.7062074673e+00,
1.7125808882e+00,
1.7185649125e+00,
1.7241486407e+00,
1.7293259705e+00,
1.7340953251e+00,
1.7384593435e+00,
1.7424245402e+00,
1.7460009453e+00,
1.7492017321e+00,
1.7520428368e+00,
1.7545425767e+00,
1.7567212654e+00,
1.7586008303e+00,
1.7602044299e+00,
1.7615560722e+00,
1.7626802357e+00,
1.7636014938e+00,
1.7643441471e+00,
1.7649318666e+00,
1.7653873557e+00,
1.7657320371e+00,
1.7659857743e+00,
1.7661666344e+00,
1.7662907035e+00,
1.7663719593e+00,
1.7664222091e+00,
1.7664510964e+00,
1.7664661778e+00,
1.7664730686e+00,
1.7664756535e+00,
1.7664763567e+00,
1.7664764605e+00,
1.7664764701e+00,
1.7664766621e+00,
1.7664779633e+00,
1.7664827465e+00,
1.7664954965e+00,
1.7665233985e+00,
1.7665768294e+00,
1.7666697318e+00,
1.7668198480e+00,
1.7670487968e+00,
1.7673819757e+00,
1.7678482750e+00,
1.7684795942e+00,
1.7693101591e+00,
1.7703756440e+00,
1.7717121152e+00,
1.7733548223e+00,
1.7753368785e+00,
1.7776878802e+00,
1.7804325295e+00,
1.7835893302e+00,
1.7871694303e+00,
1.7911756828e+00,
1.7956019906e+00,
1.8004329842e+00,
1.8056440689e+00,
1.8112018498e+00,
1.8170649287e+00,
1.8231850349e+00,
1.8295084388e+00,
1.8359775735e+00,
1.8425327799e+00,
1.8491140830e+00,
1.8556629056e+00,
1.8621236356e+00,
1.8684449733e+00,
1.8745810067e+00,
1.8804919823e+00,
1.8861447640e+00,
1.8915129931e+00,
1.8965769804e+00,
1.9013233743e+00,
1.9057446571e+00,
1.9098385232e+00,
1.9136071907e+00,
1.9170566918e+00,
1.9201961798e+00,
1.9230372803e+00,
1.9255935070e+00,
1.9278797516e+00,
1.9299118518e+00,
1.9317062364e+00,
1.9332796389e+00,
1.9346488733e+00,
1.9358306595e+00,
1.9368414870e+00,
1.9376975087e+00,
1.9384144509e+00,
1.9390075349e+00,
1.9394914021e+00,
1.9398800381e+00,
1.9401866945e+00,
1.9404238082e+00,
1.9406029204e+00,
1.9407345984e+00,
1.9408283658e+00,
1.9408926460e+00,
1.9409347254e+00,
1.9409607402e+00,
1.9409756929e+00,
1.9409834985e+00,
1.9409870648e+00,
1.9409884026e+00,
1.9409887665e+00,
1.9409888202e+00,
1.9409888253e+00,
1.9409889299e+00,
1.9409896383e+00,
1.9409922427e+00,
1.9409991844e+00,
1.9410143740e+00,
1.9410434557e+00,
1.9410940030e+00,
1.9411756309e+00,
1.9413000094e+00,
1.9414807616e+00,
1.9417332347e+00,
1.9420741300e+00,
1.9425209893e+00,
1.9430915379e+00,
1.9438028987e+00,
1.9446707056e+00,
1.9457081560e+00,
1.9469250603e+00,
1.9483269560e+00,
1.9499143608e+00,
1.9516822412e+00,
1.9536197621e+00,
1.9557103657e+00,
1.9579322023e+00,
1.9602589030e+00,
1.9626606498e+00,
1.9651054677e+00,
1.9675606403e+00,
1.9699941358e+00,
1.9723759336e+00,
1.9746791532e+00,
1.9768809139e+00,
1.9789628845e+00,
1.9809115158e+00,
1.9827179783e+00,
1.9843778533e+00,
1.9858906374e+00,
1.9872591285e+00,
1.9884887570e+00,
1.9895869176e+00,
1.9905623454e+00,
1.9914245642e+00,
1.9921834241e+00,
1.9928487344e+00,
1.9934299873e+00,
1.9939361639e+00,
1.9943756120e+00,
1.9947559810e+00,
1.9950842009e+00,
1.9953664958e+00,
1.9956084187e+00,
1.9958149019e+00,
1.9959903147e+00,
1.9961385244e+00,
1.9962629563e+00,
1.9963666506e+00,
1.9964523137e+00,
1.9965223636e+00,
1.9965789686e+00,
1.9966240787e+00,
1.9966594506e+00,
1.9966866665e+00,
1.9967071472e+00,
1.9967221614e+00,
1.9967328310e+00,
1.9967401347e+00,
1.9967449112e+00,
1.9967478623e+00,
1.9967495579e+00,
1.9967504429e+00,
1.9967508472e+00,
1.9967509988e+00,
1.9967510401e+00,
1.9967510462e+00,
1.9967510468e+00,
1.9967510593e+00,
1.9967511443e+00,
1.9967514568e+00,
1.9967522895e+00,
1.9967541113e+00,
1.9967575976e+00,
1.9967636523e+00,
1.9967734168e+00,
1.9967882638e+00,
1.9968097729e+00,
1.9968396831e+00,
1.9968798221e+00,
1.9969320096e+00,
1.9969979375e+00,
1.9970790321e+00,
1.9971763069e+00,
1.9972902207e+00,
1.9974205558e+00,
1.9975663357e+00,
1.9977257974e+00,
1.9978964311e+00,
1.9980750906e+00,
1.9982581695e+00,
1.9984418268e+00,
1.9986222387e+00,
1.9987958473e+00,
1.9989595773e+00,
1.9991109984e+00,
1.9992484180e+00,
1.9993708999e+00,
1.9994782171e+00,
1.9995707525e+00,
1.9996493665e+00,
1.9997152538e+00,
1.9997698045e+00,
1.9998144844e+00,
1.9998507403e+00,
1.9998799312e+00,
1.9999032857e+00,
1.9999218804e+00,
1.9999366340e+00,
1.9999483146e+00,
1.9999575531e+00,
1.9999648611e+00,
1.9999706482e+00,
1.9999752397e+00,
1.9999788915e+00,
1.9999818038e+00,
1.9999841332e+00,
1.9999860018e+00,
1.9999875048e+00,
1.9999887165e+00,
1.9999896947e+00,
1.9999904848e+00,
1.9999911223e+00,
1.9999916355e+00,
1.9999920469e+00,
1.9999923750e+00,
1.9999926346e+00,
1.9999928381e+00,
1.9999929955e+00,
1.9999931155e+00,
1.9999932050e+00,
1.9999932704e+00,
1.9999933166e+00,
1.9999933482e+00,
1.9999933688e+00,
1.9999933815e+00,
1.9999933888e+00,
1.9999933926e+00,
1.9999933943e+00,
1.9999933950e+00,
1.9999933952e+00,
1.9999933952e+00,
1.9999933952e+00,
1.9999933953e+00,
1.9999933956e+00,
1.9999933971e+00,
1.9999934009e+00,
1.9999934092e+00,
1.9999934250e+00,
1.9999934525e+00,
1.9999934967e+00,
1.9999935636e+00,
1.9999936599e+00,
1.9999937925e+00,
1.9999939680e+00,
1.9999941921e+00,
1.9999944686e+00,
1.9999947985e+00,
1.9999951796e+00,
1.9999956057e+00,
1.9999960665e+00,
1.9999965484e+00,
1.9999970354e+00,
1.9999975109e+00,
1.9999979590e+00,
1.9999983668e+00,
1.9999987252e+00,
1.9999990298e+00,
1.9999992805e+00,
1.9999994807e+00,
1.9999996358e+00,
1.9999997523e+00,
2.0000000000e+00,
2.0000000000e+00,
2.0000000000e+00,
2.0000000000e+00,
2.0000000000e+00,
2.0000000000e+00,
2.0000000000e+00,
2.0000000000e+00,
2.0000000000e+00,
2.0000000000e+00,
2.0000000000e+00,
2.0000000000e+00,
2.0000000000e+00,
2.0000000000e+00,
2.0000000000e+00,
2.0000000000e+00,
2.0000000000e+00,
2.0000000000e+00,
2.0000000000e+00,
2.0000000000e+00,
2.0000000000e+00,
2.0000000000e+00,
2.0000000000e+00,
2.0000000000e+00,
2.0000000000e+00,
2.0000000000e+00,
2.0000000000e+00,
2.0000000000e+00,
2.0000000000e+00,
2.0000000000e+00,
2.0000000000e+00,
2.0000000000e+00,
2.0000000000e+00,
2.0000000000e+00,
2.0000000000e+00,
2.0000000000e+00,
2.0000000000e+00,
2.0000000000e+00,
2.0000000000e+00,
2.0000000000e+00,
2.0000000000e+00,
2.0000000000e+00,
2.0000000000e+00,
2.0000000000e+00,
2.0000000000e+00,
