0.0000000000e+00,
3.1774689546e-07,
1.0143111098e-05,
7.6711580604e-05,
3.2142703409e-04,
9.7376945700e-04,
2.4015107439e-03,
5.1362112672e-03,
9.8931436425e-03,
1.7584995963e-02,
2.9328926619e-02,
4.6446749209e-02,
7.0458182945e-02,
1.0306717160e-01,
1.4614121945e-01,
2.0168350685e-01,
2.7179726577e-01,
3.5864161468e-01,
4.6437793393e-01,
5.9110611375e-01,
7.4079081706e-01,
9.1517936322e-01,
1.1157148588e+00,
1.3434504362e+00,
1.5989723466e+00,
1.8823405183e+00,
2.1930544889e+00,
2.5300501313e+00,
2.8917286171e+00,
3.2760144027e+00,
3.6804347753e+00,
4.1022107615e+00,
4.5383486533e+00,
4.9857231536e+00,
5.4411465974e+00,
5.9014228735e+00,
6.3633884072e+00,
6.8239449376e+00,
7.2800893650e+00,
7.7289447324e+00,
8.1677940229e+00,
8.5941158123e+00,
9.0056188432e+00,
9.4002719160e+00,
9.7763261797e+00,
1.0132328477e+01,
1.0467126078e+01,
1.0779864298e+01,
1.1069978874e+01,
1.1337184766e+01,
1.1581462452e+01,
1.1803042292e+01,
1.2002387113e+01,
1.2180172989e+01,
1.2337268169e+01,
1.2474710145e+01,
1.2593680981e+01,
1.2695481112e+01,
1.2781501939e+01,
1.2853197626e+01,
1.2912056603e+01,
1.2959573308e+01,
1.2997220784e+01,
1.3026424752e+01,
1.3048539818e+01,
1.3064828433e+01,
1.3076443192e+01,
1.3084413011e+01,
1.3089633583e+01,
1.3092862440e+01,
1.3094718760e+01,
1.3095687941e+01,
1.3096130771e+01,
1.3096296892e+01,
1.3096342081e+01,
1.3096348751e+01,
1.3096349664e+01,
1.3096371226e+01,
1.3096517312e+01,
1.3097054336e+01,
1.3098485819e+01,
1.3101618462e+01,
1.3107617372e+01,
1.3118048037e+01,
1.3134902773e+01,
1.3160609559e+01,
1.3198021458e+01,
1.3250385203e+01,
1.3321288069e+01,
1.3414582971e+01,
1.3534292663e+01,
1.3684495196e+01,
1.3869194052e+01,
1.4092177714e+01,
1.4356874539e+01,
1.4666209463e+01,
1.5022469365e+01,
1.5427183675e+01,
1.5881026479e+01,
1.6383746093e+01,
1.6934127869e+01,
1.7529995510e+01,
1.8168254565e+01,
1.8844978308e+01,
1.9555531003e+01,
2.0294717746e+01,
2.1056945734e+01,
2.1836381058e+01,
2.2627088751e+01,
2.3423150937e+01,
2.4218765795e+01,
2.5008335150e+01,
2.5786548453e+01,
2.6548465716e+01,
2.7289594669e+01,
2.8005952605e+01,
2.8694104273e+01,
2.9351173032e+01,
2.9974829494e+01,
3.0563266009e+01,
3.1115165220e+01,
3.1629668026e+01,
3.2106342961e+01,
3.2545156775e+01,
3.2946445207e+01,
3.3310883063e+01,
3.3639453196e+01,
3.3933414410e+01,
3.4194268554e+01,
3.4423727101e+01,
3.4623677452e+01,
3.4796149092e+01,
3.4943279670e+01,
3.5067281033e+01,
3.5170405303e+01,
3.5254911171e+01,
3.5323030706e+01,
3.5376937118e+01,
3.5418714075e+01,
3.5450327259e+01,
3.5473598963e+01,
3.5490186528e+01,
3.5501565429e+01,
3.5509017703e+01,
3.5513626287e+01,
3.5516275643e+01,
3.5517658810e+01,
3.5518290783e+01,
3.5518527856e+01,
3.5518592346e+01,
3.5518601864e+01,
3.5518602768e+01,
3.5518621189e+01,
3.5518745999e+01,
3.5519204807e+01,
3.5520427796e+01,
3.5523104151e+01,
3.5528229200e+01,
3.5537140169e+01,
3.5551538545e+01,
3.5573497205e+01,
3.5605450640e+01,
3.5650166947e+01,
3.5710700662e+01,
3.5790326189e+01,
3.5892452392e+01,
3.6020519982e+01,
3.6177884563e+01,
3.6367689499e+01,
3.6592734136e+01,
3.6855344031e+01,
3.7157250750e+01,
3.7499489193e+01,
3.7882320148e+01,
3.8305184783e+01,
3.8766695874e+01,
3.9264667723e+01,
3.9796183120e+01,
4.0357691699e+01,
4.0945130314e+01,
4.1554053587e+01,
4.2179762402e+01,
4.2817420411e+01,
4.3462153316e+01,
4.4109131578e+01,
4.4753642387e+01,
4.5391158867e+01,
4.6017412431e+01,
4.6628468203e+01,
4.7220796361e+01,
4.7791328030e+01,
4.8337485794e+01,
4.8857185543e+01,
4.9348814338e+01,
4.9811194070e+01,
5.0243540906e+01,
5.0645427288e+01,
5.1016749059e+01,
5.1357697221e+01,
5.1668732504e+01,
5.1950560926e+01,
5.2204109157e+01,
5.2430499241e+01,
5.2631022719e+01,
5.2807114453e+01,
5.2960326496e+01,
5.3092302234e+01,
5.3204750971e+01,
5.3299422973e+01,
5.3378084997e+01,
5.3442496309e+01,
5.3494385295e+01,
5.3535426859e+01,
5.3567220917e+01,
5.3591272444e+01,
5.3608973583e+01,
5.3621588422e+01,
5.3630241036e+01,
5.3635907350e+01,
5.3639411292e+01,
5.3641425554e+01,
5.3642477135e+01,
5.3642957601e+01,
5.3643137839e+01,
5.3643186868e+01,
5.3643194104e+01,
5.3643194748e+01,
5.3643207426e+01,
5.3643293316e+01,
5.3643609054e+01,
5.3644450676e+01,
5.3646292444e+01,
5.3649819261e+01,
5.3655951211e+01,
5.3665858808e+01,
5.3680967646e+01,
5.3702951234e+01,
5.3733711023e+01,
5.3775342902e+01,
5.3830089889e+01,
5.3900281294e+01,
5.3988259350e+01,
5.4096295122e+01,
5.4226496433e+01,
5.4380711405e+01,
5.4560432074e+01,
5.4766703170e+01,
5.5000041596e+01,
5.5260372236e+01,
5.5546985493e+01,
5.5858521285e+01,
5.6192983055e+01,
5.6547783653e+01,
5.6919822618e+01,
5.7305591691e+01,
5.7701302431e+01,
5.8103027199e+01,
5.8506842961e+01,
5.8908966888e+01,
5.9305873774e+01,
5.9694387788e+01,
6.0071744500e+01,
6.0435622819e+01,
6.0784149765e+01,
6.1115883296e+01,
6.1429779501e+01,
6.1725150466e+01,
6.2001618240e+01,
6.2259069006e+01,
6.2497610153e+01,
6.2717531705e+01,
6.2919272649e+01,
6.3103392099e+01,
6.3270544929e+01,
6.3421461356e+01,
6.3556929948e+01,
6.3677783532e+01,
6.3784887532e+01,
6.3879130239e+01,
6.3961414608e+01,
6.4032651146e+01,
6.4093751501e+01,
6.4145622437e+01,
6.4189159900e+01,
6.4225242976e+01,
6.4254727624e+01,
6.4278440143e+01,
6.4297170443e+01,
6.4311665257e+01,
6.4322621513e+01,
6.4330680152e+01,
6.4336420716e+01,
6.4340357019e+01,
6.4342934251e+01,
6.4344527755e+01,
6.4345443718e+01,
6.4345921892e+01,
6.4346140365e+01,
6.4346222320e+01,
6.4346244613e+01,
6.4346247904e+01,
6.4346248194e+01,
6.4346253899e+01,
6.4346292548e+01,
6.4346434625e+01,
6.4346813334e+01,
6.4347642055e+01,
6.4349228861e+01,
6.4351987420e+01,
6.4356443537e+01,
6.4363236680e+01,
6.4373115803e+01,
6.4386928904e+01,
6.4405605903e+01,
6.4430134668e+01,
6.4461530401e+01,
6.4500799035e+01,
6.4548895872e+01,
6.4606681275e+01,
6.4674875787e+01,
6.4754017508e+01,
6.4844424798e+01,
6.4946167345e+01,
6.5059048233e+01,
6.5182598958e+01,
6.5316088286e+01,
6.5458544677e+01,
6.5608790704e+01,
6.5765486800e+01,
6.5927180846e+01,
6.6092359735e+01,
6.6259499227e+01,
6.6427109069e+01,
6.6593771263e+01,
6.6758170496e+01,
6.6919116597e+01,
6.7075559550e+01,
6.7226597917e+01,
6.7371481587e+01,
6.7509609760e+01,
6.7640524991e+01,
6.7763904090e+01,
6.7879546700e+01,
6.7987362333e+01,
6.8087356646e+01,
6.8179617666e+01,
6.8264302532e+01,
6.8341625229e+01,
6.8411845567e+01,
6.8475259578e+01,
6.8532191322e+01,
6.8582986035e+01,
6.8628004463e+01,
6.8667618193e+01,
6.8702205783e+01,
6.8732149464e+01,
6.8757832252e+01,
6.8779635273e+01,
6.8797935187e+01,
6.8813101595e+01,
6.8825494376e+01,
6.8835460926e+01,
6.8843333325e+01,
6.8849425479e+01,
6.8854030348e+01,
6.8857417341e+01,
6.8859830052e+01,
6.8861484443e+01,
6.8862567627e+01,
6.8863237359e+01,
6.8863622328e+01,
6.8863823299e+01,
6.8863915120e+01,
6.8863949565e+01,
6.8863958935e+01,
6.8863960318e+01,
6.8863960442e+01,
6.8863962898e+01,
6.8863979538e+01,
6.8864040706e+01,
6.8864203753e+01,
6.8864560543e+01,
6.8865243709e+01,
6.8866431331e+01,
6.8868349751e+01,
6.8871274196e+01,
6.8875526946e+01,
6.8881472775e+01,
6.8889511490e+01,
6.8900067491e+01,
6.8913576440e+01,
6.8930469326e+01,
6.8951154461e+01,
6.8975998200e+01,
6.9005305437e+01,
6.9039301103e+01,
6.9078114019e+01,
6.9121764395e+01,
6.9170156140e+01,
6.9223074746e+01,
6.9280191129e+01,
6.9341071232e+01,
6.9405190721e+01,
6.9471953640e+01,
6.9540713625e+01,
6.9610796179e+01,
6.9681520593e+01,
6.9752220343e+01,
6.9822261105e+01,
6.9891055864e+01,
6.9958076872e+01,
7.0022864370e+01,
7.0085032142e+01,
7.0144269984e+01,
7.0200343267e+01,
7.0253089842e+01,
7.0302414661e+01,
7.0348282625e+01,
7.0390710257e+01,
7.0429756873e+01,
7.0465515846e+01,
7.0498106474e+01,
7.0527666826e+01,
7.0554347734e+01,
7.0578307981e+01,
7.0599710623e+01,
7.0618720289e+01,
7.0635501282e+01,
7.0650216291e+01,
7.0663025541e+01,
7.0674086222e+01,
7.0683552071e+01,
7.0691573008e+01,
7.0698294752e+01,
7.0703858377e+01,
7.0708399766e+01,
7.0712048974e+01,
7.0714929491e+01,
7.0717157456e+01,
7.0718840837e+01,
7.0720078639e+01,
7.0720960193e+01,
7.0721564583e+01,
7.0721960257e+01,
7.0722204886e+01,
7.0722345496e+01,
7.0722418899e+01,
7.0722452436e+01,
7.0722465016e+01,
7.0722468438e+01,
7.0722468943e+01,
7.0722468990e+01,
7.0722469925e+01,
7.0722476257e+01,
7.0722499536e+01,
7.0722561585e+01,
7.0722697360e+01,
7.0722957324e+01,
7.0723409208e+01,
7.0724139045e+01,
7.0725251348e+01,
7.0726868303e+01,
7.0729127872e+01,
7.0732180729e+01,
7.0736185992e+01,
7.0741305811e+01,
7.0747698933e+01,
7.0755513523e+01,
7.0764879595e+01,
7.0775901565e+01,
7.0788651463e+01,
7.0803163410e+01,
7.0819429883e+01,
7.0837400175e+01,
7.0856981260e+01,
7.0878041013e+01,
7.0900413502e+01,
7.0923905841e+01,
7.0948305964e+01,
7.0973390660e+01,
7.0998933261e+01,
7.1024710526e+01,
7.1050508426e+01,
7.1076126705e+01,
7.1101382228e+01,
7.1126111183e+01,
7.1150170299e+01,
7.1173437193e+01,
7.1195810037e+01,
7.1217206664e+01,
7.1237563287e+01,
7.1256832948e+01,
7.1274983848e+01,
7.1291997643e+01,
7.1307867814e+01,
7.1322598153e+01,
7.1336201412e+01,
7.1348698125e+01,
7.1360115585e+01,
7.1370486981e+01,
7.1379850654e+01,
7.1388249439e+01,
7.1395730091e+01,
7.1402342733e+01,
7.1408140340e+01,
7.1413178213e+01,
7.1417513441e+01,
7.1421204344e+01,
7.1424309885e+01,
7.1426889055e+01,
7.1429000229e+01,
7.1430700513e+01,
7.1432045085e+01,
7.1433086542e+01,
7.1433874298e+01,
7.1434454015e+01,
7.1434867131e+01,
7.1435150480e+01,
7.1435336032e+01,
7.1435450771e+01,
7.1435516729e+01,
7.1435551164e+01,
7.1435566897e+01,
7.1435572799e+01,
7.1435574404e+01,
7.1435574641e+01,
7.1435574664e+01,
7.1435575125e+01,
7.1435578250e+01,
7.1435589740e+01,
7.1435620367e+01,
7.1435687387e+01,
7.1435815721e+01,
7.1436038839e+01,
7.1436399305e+01,
7.1436948929e+01,
7.1437748476e+01,
7.1438866888e+01,
7.1440380011e+01,
7.1442368795e+01,
7.1444917002e+01,
7.1448108470e+01,
7.1452024031e+01,
7.1456738207e+01,
7.1462315858e+01,
7.1468808981e+01,
7.1476253872e+01,
7.1484668833e+01,
7.1494052600e+01,
7.1504383606e+01,
7.1515620096e+01,
7.1527701089e+01,
7.1540548069e+01,
7.1554067274e+01,
7.1568152412e+01,
7.1582687641e+01,
7.1597550657e+01,
7.1612615794e+01,
7.1627757021e+01,
7.1642850791e+01,
7.1657778674e+01,
7.1672429717e+01,
7.1686702478e+01,
7.1700506680e+01,
7.1713764423e+01,
7.1726410943e+01,
7.1738394891e+01,
7.1749678170e+01,
7.1760235370e+01,
7.1770052873e+01,
7.1779127723e+01,
7.1787466336e+01,
7.1795083143e+01,
7.1801999242e+01,
7.1808241114e+01,
7.1813839449e+01,
7.1818828103e+01,
7.1823243204e+01,
7.1827122395e+01,
7.1830504216e+01,
7.1833427592e+01,
7.1835931421e+01,
7.1838054224e+01,
7.1839833854e+01,
7.1841307229e+01,
7.1842510084e+01,
7.1843476724e+01,
7.1844239790e+01,
7.1844830009e+01,
7.1845275968e+01,
7.1845603887e+01,
7.1845837430e+01,
7.1845997546e+01,
7.1846102368e+01,
7.1846167176e+01,
7.1846204427e+01,
7.1846223873e+01,
7.1846232757e+01,
7.1846236090e+01,
7.1846236997e+01,
7.1846237131e+01,
7.1846237144e+01,
7.1846237420e+01,
7.1846239288e+01,
7.1846246155e+01,
7.1846264459e+01,
7.1846304513e+01,
7.1846381199e+01,
7.1846514489e+01,
7.1846729744e+01,
7.1847057744e+01,
7.1847534436e+01,
7.1848200328e+01,
7.1849099528e+01,
7.1850278403e+01,
7.1851783857e+01,
7.1853661273e+01,
7.1855952183e+01,
7.1858691765e+01,
7.1861906325e+01,
7.1865610918e+01,
7.1869807328e+01,
7.1874482591e+01,
7.1879608238e+01,
7.1885140423e+01,
7.1891020978e+01,
7.1897179409e+01,
7.1903535730e+01,
7.1910003926e+01,
7.1916495812e+01,
7.1922924955e+01,
7.1929210358e+01,
7.1935279613e+01,
7.1941071324e+01,
7.1946536645e+01,
7.1951639927e+01,
7.1956358525e+01,
7.1960681897e+01,
7.1964610178e+01,
7.1968152430e+01,
7.1971324736e+01,
7.1974148329e+01,
7.1976647846e+01,
7.1978849811e+01,
7.1980781383e+01,
7.1982469366e+01,
7.1983939495e+01,
7.1985215936e+01,
7.1986320998e+01,
7.1987274984e+01,
7.1988096174e+01,
7.1988800882e+01,
7.1989403578e+01,
7.1989917041e+01,
7.1990352527e+01,
7.1990719947e+01,
7.1991028031e+01,
7.1991284491e+01,
7.1991496159e+01,
7.1991669112e+01,
7.1991808780e+01,
7.1991920026e+01,
7.1992007220e+01,
7.1992074287e+01,
7.1992124744e+01,
7.1992161726e+01,
7.1992188003e+01,
7.1992205989e+01,
7.1992217751e+01,
7.1992225017e+01,
7.1992229192e+01,
7.1992231371e+01,
7.1992232367e+01,
7.1992232740e+01,
7.1992232842e+01,
7.1992232857e+01,
7.1992232858e+01,
7.1992232891e+01,
7.1992233113e+01,
7.1992233931e+01,
7.1992236110e+01,
7.1992240876e+01,
7.1992249996e+01,
7.1992265834e+01,
7.1992291368e+01,
7.1992330180e+01,
7.1992386374e+01,
7.1992464455e+01,
7.1992569122e+01,
7.1992705006e+01,
7.1992876339e+01,
7.1993086572e+01,
7.1993337986e+01,
7.1993631311e+01,
7.1993965419e+01,
7.1994337138e+01,
7.1994741225e+01,
7.1995170534e+01,
7.1995616379e+01,
7.1996069070e+01,
7.1996518562e+01,
7.1996955154e+01,
7.1997370135e+01,
7.1997756323e+01,
7.1998108417e+01,
7.1998423150e+01,
7.1998699243e+01,
7.1998937184e+01,
7.1999138891e+01,
7.1999307314e+01,
7.1999446031e+01,
7.1999558896e+01,
7.1999649750e+01,
7.1999722226e+01,
7.1999779618e+01,
7.1999824809e+01,
7.1999860252e+01,
7.1999887983e+01,
7.1999909656e+01,
7.1999926600e+01,
7.1999939872e+01,
7.1999950308e+01,
7.1999958563e+01,
7.1999965144e+01,
7.1999970441e+01,
7.1999974752e+01,
7.1999978307e+01,
7.1999981282e+01,
7.1999983813e+01,
7.1999985999e+01,
7.1999987915e+01,
7.1999989610e+01,
7.1999991121e+01,
7.1999992470e+01,
7.1999993675e+01,
7.1999994747e+01,
7.1999995694e+01,
7.1999996525e+01,
7.1999997245e+01,
7.1999997860e+01,
7.1999998378e+01,
7.1999998806e+01,
7.1999999151e+01,
7.1999999421e+01,
7.2000000000e+01,
7.2000000000e+01,
7.2000000000e+01,
7.2000000000e+01,
7.2000000000e+01,
7.2000000000e+01,
7.2000000000e+01,
