0.0000000000e+00,
3.6976040008e-07,
1.1803484597e-05,
8.9268866105e-05,
3.7404306551e-04,
1.1331715802e-03,
2.7946328194e-03,
5.9770160774e-03,
1.1512725130e-02,
2.0463961212e-02,
3.4130994639e-02,
5.4052468446e-02,
8.1997643629e-02,
1.1995054288e-01,
1.7008583766e-01,
2.3473604560e-01,
3.1634921826e-01,
4.1743594431e-01,
5.4050440086e-01,
6.8798263302e-01,
8.6212847249e-01,
1.0649296018e+00,
1.2979990297e+00,
1.5624741173e+00,
1.8589294567e+00,
2.1873144407e+00,
2.5469246401e+00,
2.9364120299e+00,
3.3538333677e+00,
3.7967299336e+00,
4.2622270142e+00,
4.7471392941e+00,
5.2480693434e+00,
5.7614903229e+00,
6.2838096614e+00,
6.8114161416e+00,
7.3407169312e+00,
7.8681725136e+00,
8.3903359406e+00,
8.9038990244e+00,
9.4057435012e+00,
9.8929916772e+00,
1.0363050024e+01,
1.0813640854e+01,
1.1242820492e+01,
1.1648985530e+01,
1.2030870493e+01,
1.2387540339e+01,
1.2718380166e+01,
1.3023083257e+01,
1.3301637596e+01,
1.3554310529e+01,
1.3781631115e+01,
1.3984369881e+01,
1.4163515884e+01,
1.4320251165e+01,
1.4455922890e+01,
1.4572013531e+01,
1.4670109567e+01,
1.4751869247e+01,
1.4818990002e+01,
1.4873176159e+01,
1.4916107642e+01,
1.4949410396e+01,
1.4974629234e+01,
1.4993203849e+01,
1.5006448636e+01,
1.5015536934e+01,
1.5021490153e+01,
1.5025172140e+01,
1.5027288971e+01,
1.5028394163e+01,
1.5028899138e+01,
1.5029088572e+01,
1.5029140103e+01,
1.5029147709e+01,
1.5029148750e+01,
1.5029173338e+01,
1.5029339925e+01,
1.5029952313e+01,
1.5031584686e+01,
1.5035156951e+01,
1.5041997719e+01,
1.5053892157e+01,
1.5073112135e+01,
1.5102426270e+01,
1.5145087812e+01,
1.5204798709e+01,
1.5285648849e+01,
1.5392030308e+01,
1.5528527549e+01,
1.5699785856e+01,
1.5910361745e+01,
1.6164560590e+01,
1.6466268053e+01,
1.6818782958e+01,
1.7224659995e+01,
1.7685571051e+01,
1.8202194081e+01,
1.8774138149e+01,
1.9399912128e+01,
2.0076942050e+01,
2.0801637649e+01,
2.1569502681e+01,
2.2375277430e+01,
2.3213097676e+01,
2.4076654641e+01,
2.4959345527e+01,
2.5854412738e+01,
2.6755077336e+01,
2.7654674234e+01,
2.8546790794e+01,
2.9425400022e+01,
3.0284971915e+01,
3.1120548309e+01,
3.1927777334e+01,
3.2702915955e+01,
3.3442815109e+01,
3.4144899730e+01,
3.4807149509e+01,
3.5428080409e+01,
3.6006724351e+01,
3.6542604589e+01,
3.7035705800e+01,
3.7486439383e+01,
3.7895605360e+01,
3.8264352442e+01,
3.8594137626e+01,
3.8886686166e+01,
3.9143952339e+01,
3.9368081031e+01,
3.9561369974e+01,
3.9726232386e+01,
3.9865159783e+01,
3.9980684902e+01,
4.0075344800e+01,
4.0151644412e+01,
4.0212021065e+01,
4.0258810585e+01,
4.0294215815e+01,
4.0320278436e+01,
4.0338855022e+01,
4.0351598237e+01,
4.0359943968e+01,
4.0365105054e+01,
4.0368072022e+01,
4.0369621004e+01,
4.0370328737e+01,
4.0370594231e+01,
4.0370666452e+01,
4.0370677111e+01,
4.0370678123e+01,
4.0370698753e+01,
4.0370838524e+01,
4.0371352334e+01,
4.0372721934e+01,
4.0375719121e+01,
4.0381458528e+01,
4.0391437634e+01,
4.0407561773e+01,
4.0432152030e+01,
4.0467934176e+01,
4.0518007112e+01,
4.0585789815e+01,
4.0674946532e+01,
4.0789290919e+01,
4.0932671090e+01,
4.1108838954e+01,
4.1321308780e+01,
4.1573211445e+01,
4.1867152101e+01,
4.2205079817e+01,
4.2588177848e+01,
4.3016782341e+01,
4.3490335392e+01,
4.4007375437e+01,
4.4565564379e+01,
4.5161747186e+01,
4.5792036963e+01,
4.6451917587e+01,
4.7136357524e+01,
4.7839931960e+01,
4.8556954183e+01,
4.9281618530e+01,
5.0008153759e+01,
5.0730977941e+01,
5.1444838103e+01,
5.2144916316e+01,
5.2826891903e+01,
5.3486963080e+01,
5.4121842346e+01,
5.4728742286e+01,
5.5305362880e+01,
5.5849883239e+01,
5.6360954647e+01,
5.6837689868e+01,
5.7279644779e+01,
5.7686790897e+01,
5.8059479673e+01,
5.8398400933e+01,
5.8704538358e+01,
5.8979124705e+01,
5.9223598837e+01,
5.9439565863e+01,
5.9628760966e+01,
5.9793016931e+01,
5.9934234954e+01,
6.0054358152e+01,
6.0155347100e+01,
6.0239156796e+01,
6.0307714593e+01,
6.0362898845e+01,
6.0406518224e+01,
6.0440291883e+01,
6.0465830843e+01,
6.0484621124e+01,
6.0498009269e+01,
6.0507190914e+01,
6.0513203063e+01,
6.0516920620e+01,
6.0519057597e+01,
6.0520173219e+01,
6.0520682940e+01,
6.0520874151e+01,
6.0520926165e+01,
6.0520933842e+01,
6.0520934525e+01,
6.0520947974e+01,
6.0521039093e+01,
6.0521374052e+01,
6.0522266902e+01,
6.0524220738e+01,
6.0527962013e+01,
6.0534466386e+01,
6.0544974521e+01,
6.0560996314e+01,
6.0584302116e+01,
6.0616899723e+01,
6.0660996238e+01,
6.0718944406e+01,
6.0793173739e+01,
6.0886107664e+01,
6.1000069011e+01,
6.1137177412e+01,
6.1299243384e+01,
6.1487665071e+01,
6.1703334430e+01,
6.1946560132e+01,
6.2217014189e+01,
6.2513708349e+01,
6.2835004405e+01,
6.3178659876e+01,
6.3541907118e+01,
6.3921560389e+01,
6.4314142113e+01,
6.4716017349e+01,
6.5123524789e+01,
6.5533093734e+01,
6.5941339312e+01,
6.6345132135e+01,
6.6741642670e+01,
6.7128364015e+01,
6.7503118656e+01,
6.7864055052e+01,
6.8209638664e+01,
6.8538640116e+01,
6.8850121251e+01,
6.9143418636e+01,
6.9418123860e+01,
6.9674060459e+01,
6.9911258202e+01,
7.0129926154e+01,
7.0330426161e+01,
7.0513248199e+01,
7.0678988489e+01,
7.0828330731e+01,
7.0962030299e+01,
7.1080900966e+01,
7.1185803586e+01,
7.1277636153e+01,
7.1357324721e+01,
7.1425814764e+01,
7.1484062659e+01,
7.1533027060e+01,
7.1573660057e+01,
7.1606898062e+01,
7.1633652492e+01,
7.1654800376e+01,
7.1671175103e+01,
7.1683557578e+01,
7.1692668132e+01,
7.1699159522e+01,
7.1703611389e+01,
7.1706526496e+01,
7.1708329034e+01,
7.1709365196e+01,
7.1709906132e+01,
7.1710153282e+01,
7.1710245996e+01,
7.1710271216e+01,
7.1710274938e+01,
7.1710275267e+01,
7.1710281721e+01,
7.1710325444e+01,
7.1710486172e+01,
7.1710914602e+01,
7.1711852143e+01,
7.1713647388e+01,
7.1716768532e+01,
7.1721810973e+01,
7.1729499395e+01,
7.1740683643e+01,
7.1756327845e+01,
7.1777492365e+01,
7.1805308471e+01,
7.1840945946e+01,
7.1885574306e+01,
7.1940318869e+01,
7.2006213436e+01,
7.2084151884e+01,
7.2174841380e+01,
7.2278760112e+01,
7.2396122350e+01,
7.2526853310e+01,
7.2670575643e+01,
7.2826608565e+01,
7.2993979797e+01,
7.3171449680e+01,
7.3357546209e+01,
7.3550609238e+01,
7.3748841779e+01,
7.3950366002e+01,
7.4153281257e+01,
7.4355721212e+01,
7.4555907114e+01,
7.4752194342e+01,
7.4943109906e+01,
7.5127379318e+01,
7.5303942220e+01,
7.5471957144e+01,
7.5630796616e+01,
7.5780034443e+01,
7.5919427313e+01,
7.6048892870e+01,
7.6168486236e+01,
7.6278376591e+01,
7.6378825027e+01,
7.6470164495e+01,
7.6552782271e+01,
7.6627105120e+01,
7.6693587083e+01,
7.6752699669e+01,
7.6804924161e+01,
7.6850745673e+01,
7.6890648604e+01,
7.6925113141e+01,
7.6954612489e+01,
7.6979610543e+01,
7.7000559787e+01,
7.7017899225e+01,
7.7032052235e+01,
7.7043424269e+01,
7.7052400407e+01,
7.7059342791e+01,
7.7064588047e+01,
7.7068444806e+01,
7.7071191503e+01,
7.7073074594e+01,
7.7074307377e+01,
7.7075069552e+01,
7.7075507639e+01,
7.7075736335e+01,
7.7075840822e+01,
7.7075880018e+01,
7.7075890680e+01,
7.7075892254e+01,
7.7075892395e+01,
7.7075895190e+01,
7.7075914125e+01,
7.7075983730e+01,
7.7076169264e+01,
7.7076575252e+01,
7.7077352587e+01,
7.7078703811e+01,
7.7080886225e+01,
7.7084212442e+01,
7.7089048020e+01,
7.7095805858e+01,
7.7104937097e+01,
7.7116918427e+01,
7.7132235898e+01,
7.7151365580e+01,
7.7174751772e+01,
7.7202783754e+01,
7.7235772454e+01,
7.7273928611e+01,
7.7317344179e+01,
7.7365978664e+01,
7.7419651838e+01,
7.7478043832e+01,
7.7540702990e+01,
7.7607061162e+01,
7.7676455401e+01,
7.7748154427e+01,
7.7821387815e+01,
7.7895375704e+01,
7.7969356924e+01,
7.8042613763e+01,
7.8114492087e+01,
7.8184416071e+01,
7.8251897357e+01,
7.8316538929e+01,
7.8378034360e+01,
7.8436163303e+01,
7.8490784206e+01,
7.8541825239e+01,
7.8589274302e+01,
7.8633168860e+01,
7.8673586194e+01,
7.8710634452e+01,
7.8744444761e+01,
7.8775164508e+01,
7.8802951808e+01,
7.8827971094e+01,
7.8850389712e+01,
7.8870375386e+01,
7.8888094412e+01,
7.8903710415e+01,
7.8917383543e+01,
7.8929269969e+01,
7.8939521585e+01,
7.8948285809e+01,
7.8955705406e+01,
7.8961918298e+01,
7.8967057291e+01,
7.8971249715e+01,
7.8974616959e+01,
7.8977273919e+01,
7.8979328369e+01,
7.8980880296e+01,
7.8982021245e+01,
7.8982833721e+01,
7.8983390703e+01,
7.8983755318e+01,
7.8983980737e+01,
7.8984110302e+01,
7.8984177939e+01,
7.8984208841e+01,
7.8984220433e+01,
7.8984223586e+01,
7.8984224051e+01,
7.8984224094e+01,
7.8984224956e+01,
7.8984230791e+01,
7.8984252240e+01,
7.8984309413e+01,
7.8984434519e+01,
7.8984674047e+01,
7.8985090391e+01,
7.8985762780e+01,
7.8986787420e+01,
7.8988276697e+01,
7.8990357364e+01,
7.8993167611e+01,
7.8996852998e+01,
7.9001561281e+01,
7.9007436282e+01,
7.9014611024e+01,
7.9023200516e+01,
7.9033294637e+01,
7.9044951679e+01,
7.9058193115e+01,
7.9073000110e+01,
7.9089312213e+01,
7.9107028430e+01,
7.9126010706e+01,
7.9146089544e+01,
7.9167071319e+01,
7.9188746631e+01,
7.9210898999e+01,
7.9233313189e+01,
7.9255782583e+01,
7.9278115140e+01,
7.9300137728e+01,
7.9321698762e+01,
7.9342669287e+01,
7.9362942747e+01,
7.9382433766e+01,
7.9401076263e+01,
7.9418821219e+01,
7.9435634362e+01,
7.9451493947e+01,
7.9466388776e+01,
7.9480316489e+01,
7.9493282181e+01,
7.9505297281e+01,
7.9516378689e+01,
7.9526548095e+01,
7.9535831446e+01,
7.9544258514e+01,
7.9551862515e+01,
7.9558679779e+01,
7.9564749410e+01,
7.9570112958e+01,
7.9574814070e+01,
7.9578898115e+01,
7.9582411790e+01,
7.9585402687e+01,
7.9587918841e+01,
7.9590008239e+01,
7.9591718319e+01,
7.9593095446e+01,
7.9594184386e+01,
7.9595027790e+01,
7.9595665710e+01,
7.9596135146e+01,
7.9596469665e+01,
7.9596699102e+01,
7.9596849347e+01,
7.9596942254e+01,
7.9596995661e+01,
7.9597023543e+01,
7.9597036282e+01,
7.9597041061e+01,
7.9597042361e+01,
7.9597042553e+01,
7.9597042571e+01,
7.9597042944e+01,
7.9597045475e+01,
7.9597054778e+01,
7.9597079577e+01,
7.9597133844e+01,
7.9597237756e+01,
7.9597418414e+01,
7.9597710277e+01,
7.9598155288e+01,
7.9598802629e+01,
7.9599708091e+01,
7.9600933025e+01,
7.9602542878e+01,
7.9604605313e+01,
7.9607187976e+01,
7.9610355967e+01,
7.9614169126e+01,
7.9618679278e+01,
7.9623927586e+01,
7.9629942174e+01,
7.9636736190e+01,
7.9644306435e+01,
7.9652632646e+01,
7.9661677483e+01,
7.9671387215e+01,
7.9681693055e+01,
7.9692513051e+01,
7.9703754439e+01,
7.9715316333e+01,
7.9727092635e+01,
7.9738975047e+01,
7.9750856056e+01,
7.9762631780e+01,
7.9774204560e+01,
7.9785485185e+01,
7.9796394672e+01,
7.9806865529e+01,
7.9816842491e+01,
7.9826282719e+01,
7.9835155525e+01,
7.9843441684e+01,
7.9851132433e+01,
7.9858228252e+01,
7.9864737525e+01,
7.9870675170e+01,
7.9876061324e+01,
7.9880920105e+01,
7.9885278532e+01,
7.9889165579e+01,
7.9892611404e+01,
7.9895646720e+01,
7.9898302311e+01,
7.9900608670e+01,
7.9902595724e+01,
7.9904292648e+01,
7.9905727718e+01,
7.9906928214e+01,
7.9907920324e+01,
7.9908729063e+01,
7.9909378191e+01,
7.9909890110e+01,
7.9910285768e+01,
7.9910584542e+01,
7.9910804138e+01,
7.9910960483e+01,
7.9911067649e+01,
7.9911137796e+01,
7.9911181160e+01,
7.9911206085e+01,
7.9911219095e+01,
7.9911225040e+01,
7.9911227270e+01,
7.9911227876e+01,
7.9911227966e+01,
7.9911227974e+01,
7.9911228159e+01,
7.9911229409e+01,
7.9911234003e+01,
7.9911246250e+01,
7.9911273046e+01,
7.9911324347e+01,
7.9911413504e+01,
7.9911557456e+01,
7.9911776740e+01,
7.9912095283e+01,
7.9912539962e+01,
7.9913139898e+01,
7.9913925476e+01,
7.9914927099e+01,
7.9916173698e+01,
7.9917691066e+01,
7.9919500084e+01,
7.9921614971e+01,
7.9924041697e+01,
7.9926776695e+01,
7.9929806042e+01,
7.9933105220e+01,
7.9936639551e+01,
7.9940365327e+01,
7.9944231584e+01,
7.9948182418e+01,
7.9952159639e+01,
7.9956105561e+01,
7.9959965675e+01,
7.9963690991e+01,
7.9967239869e+01,
7.9970579222e+01,
7.9973685068e+01,
7.9976542446e+01,
7.9979144812e+01,
7.9981493027e+01,
7.9983594099e+01,
7.9985459806e+01,
7.9987105348e+01,
7.9988548092e+01,
7.9989806494e+01,
7.9990899218e+01,
7.9991844461e+01,
7.9992659471e+01,
7.9993360233e+01,
7.9993961300e+01,
7.9994475725e+01,
7.9994915084e+01,
7.9995289539e+01,
7.9995607954e+01,
7.9995878017e+01,
7.9996106370e+01,
7.9996298745e+01,
7.9996460089e+01,
7.9996594674e+01,
7.9996706203e+01,
7.9996797899e+01,
7.9996872582e+01,
7.9996932729e+01,
7.9996980531e+01,
7.9997017932e+01,
7.9997046660e+01,
7.9997068250e+01,
7.9997084061e+01,
7.9997095289e+01,
7.9997102972e+01,
7.9997107994e+01,
7.9997111096e+01,
7.9997112879e+01,
7.9997113809e+01,
7.9997114234e+01,
7.9997114393e+01,
7.9997114436e+01,
7.9997114443e+01,
7.9997114443e+01,
7.9997114457e+01,
7.9997114552e+01,
7.9997114901e+01,
7.9997115831e+01,
7.9997117866e+01,
7.9997121758e+01,
7.9997128514e+01,
7.9997139404e+01,
7.9997155947e+01,
7.9997179877e+01,
7.9997213084e+01,
7.9997257522e+01,
7.9997315078e+01,
7.9997387430e+01,
7.9997475867e+01,
7.9997581117e+01,
7.9997703190e+01,
7.9997841246e+01,
7.9997993545e+01,
7.9998157462e+01,
7.9998329608e+01,
7.9998506026e+01,
7.9998682470e+01,
7.9998854722e+01,
7.9999018898e+01,
7.9999171729e+01,
7.9999310750e+01,
7.9999434404e+01,
7.9999542035e+01,
7.9999633802e+01,
7.9999710526e+01,
7.9999773511e+01,
7.9999824354e+01,
7.9999864775e+01,
7.9999896484e+01,
7.9999921072e+01,
7.9999939949e+01,
7.9999954320e+01,
7.9999965187e+01,
7.9999973368e+01,
7.9999979516e+01,
7.9999984145e+01,
7.9999987635e+01,
7.9999990266e+01,
7.9999992246e+01,
7.9999993737e+01,
7.9999994873e+01,
7.9999995760e+01,
7.9999996472e+01,
7.9999997051e+01,
7.9999997519e+01,
7.9999997891e+01,
7.9999998185e+01,
7.9999998423e+01,
7.9999998629e+01,
7.9999998820e+01,
7.9999999001e+01,
7.9999999174e+01,
7.9999999333e+01,
7.9999999474e+01,
7.9999999595e+01,
8.0000000000e+01,
8.0000000000e+01,
8.0000000000e+01,
8.0000000000e+01,
8.0000000000e+01,
8.0000000000e+01,
8.0000000000e+01,
8.0000000000e+01,
8.0000000000e+01,
8.0000000000e+01,
8.0000000000e+01,
8.0000000000e+01,
8.0000000000e+01,
