0.0000000000e+00,
2.8593029811e-07,
9.1274632013e-06,
6.9030309405e-05,
2.8924190650e-04,
8.7626358790e-04,
2.1610395747e-03,
4.6218968102e-03,
8.9024648822e-03,
1.5823989505e-02,
2.6391650918e-02,
4.1794686920e-02,
6.3400268864e-02,
9.2741154091e-02,
1.3149711167e-01,
1.8146997999e-01,
2.4455198982e-01,
3.2268674985e-01,
4.1782217140e-01,
5.3185477076e-01,
6.6656539259e-01,
8.2354753693e-01,
1.0041310935e+00,
1.2093061468e+00,
1.4396531797e+00,
1.6952869436e+00,
1.9758209926e+00,
2.2803581587e+00,
2.6075092193e+00,
2.9554382076e+00,
3.3219291034e+00,
3.7044658885e+00,
4.1003168350e+00,
4.5066146364e+00,
4.9204263056e+00,
5.3388099672e+00,
5.7588588906e+00,
6.1777355599e+00,
6.5926997564e+00,
7.0011344460e+00,
7.4005719807e+00,
7.7887213068e+00,
8.1634951514e+00,
8.5230350700e+00,
8.8657320367e+00,
9.1902408510e+00,
9.4954876579e+00,
9.7806708939e+00,
1.0045256649e+01,
1.0288969668e+01,
1.0511781107e+01,
1.0713893831e+01,
1.0895725756e+01,
1.1057891473e+01,
1.1201182260e+01,
1.1326544580e+01,
1.1435057144e+01,
1.1527906752e+01,
1.1606363137e+01,
1.1671753171e+01,
1.1725434844e+01,
1.1768771498e+01,
1.1803106846e+01,
1.1829741359e+01,
1.1849910577e+01,
1.1864765945e+01,
1.1875358685e+01,
1.1882627201e+01,
1.1887388385e+01,
1.1890333113e+01,
1.1892026083e+01,
1.1892909979e+01,
1.1893313841e+01,
1.1893465344e+01,
1.1893506556e+01,
1.1893512639e+01,
1.1893513472e+01,
1.1893533136e+01,
1.1893666367e+01,
1.1894156134e+01,
1.1895461651e+01,
1.1898318627e+01,
1.1903789639e+01,
1.1913302404e+01,
1.1928673881e+01,
1.1952118312e+01,
1.1986237539e+01,
1.2033992292e+01,
1.2098653669e+01,
1.2183734739e+01,
1.2292903115e+01,
1.2429876500e+01,
1.2598304458e+01,
1.2801640907e+01,
1.3043012902e+01,
1.3325091883e+01,
1.3649973604e+01,
1.4019072439e+01,
1.4433034860e+01,
1.4891676121e+01,
1.5393943864e+01,
1.5937912535e+01,
1.6520812422e+01,
1.7139095778e+01,
1.7788539236e+01,
1.8464376628e+01,
1.9161451030e+01,
1.9874371321e+01,
2.0597658515e+01,
2.1325871040e+01,
2.2053704773e+01,
2.2776070560e+01,
2.3488156526e+01,
2.4185483049e+01,
2.4863954870e+01,
2.5519909547e+01,
2.6150157140e+01,
2.6752005076e+01,
2.7323264707e+01,
2.7862240389e+01,
2.8367705488e+01,
2.8838871005e+01,
2.9275351675e+01,
2.9677132454e+01,
3.0044536505e+01,
3.0378194621e+01,
3.0679015552e+01,
3.0948156692e+01,
3.1186994735e+01,
3.1397096103e+01,
3.1580187045e+01,
3.1738123411e+01,
3.1872860097e+01,
3.1986420255e+01,
3.2080864367e+01,
3.2158259408e+01,
3.2220648417e+01,
3.2270020909e+01,
3.2308284690e+01,
3.2337239740e+01,
3.2358554870e+01,
3.2373747927e+01,
3.2384170256e+01,
3.2390996072e+01,
3.2395217254e+01,
3.2397643905e+01,
3.2398910804e+01,
3.2399489653e+01,
3.2399706799e+01,
3.2399765867e+01,
3.2399774586e+01,
3.2399775413e+01,
3.2399792286e+01,
3.2399906604e+01,
3.2400326846e+01,
3.2401447033e+01,
3.2403898418e+01,
3.2408592672e+01,
3.2416754630e+01,
3.2429942802e+01,
3.2450055919e+01,
3.2479324038e+01,
3.2520282950e+01,
3.2575731093e+01,
3.2648668704e+01,
3.2742219752e+01,
3.2859538113e+01,
3.3003700545e+01,
3.3177590210e+01,
3.3383775619e+01,
3.3624390897e+01,
3.3901023998e+01,
3.4214619862e+01,
3.4565405382e+01,
3.4952842434e+01,
3.5375613937e+01,
3.5831646032e+01,
3.6318166808e+01,
3.6831798747e+01,
3.7368678427e+01,
3.7924593545e+01,
3.8495124937e+01,
3.9075780687e+01,
3.9662111273e+01,
4.0249798840e+01,
4.0834719346e+01,
4.1412981986e+01,
4.1980954331e+01,
4.2535282767e+01,
4.3072915652e+01,
4.3591131854e+01,
4.4087571872e+01,
4.4560264824e+01,
4.5007643922e+01,
4.5428545734e+01,
4.5822193109e+01,
4.6188165684e+01,
4.6526363856e+01,
4.6836971697e+01,
4.7120422401e+01,
4.7377367741e+01,
4.7608651425e+01,
4.7815285423e+01,
4.7998428154e+01,
4.8159363603e+01,
4.8299480699e+01,
4.8420252548e+01,
4.8523215349e+01,
4.8609946935e+01,
4.8682045017e+01,
4.8741105283e+01,
4.8788699617e+01,
4.8826354770e+01,
4.8855531917e+01,
4.8877607620e+01,
4.8893856740e+01,
4.8905437896e+01,
4.8913382036e+01,
4.8918584631e+01,
4.8921801912e+01,
4.8923651419e+01,
4.8924616996e+01,
4.8925058168e+01,
4.8925223666e+01,
4.8925268686e+01,
4.8925275331e+01,
4.8925275922e+01,
4.8925287562e+01,
4.8925366429e+01,
4.8925656347e+01,
4.8926429146e+01,
4.8928120321e+01,
4.8931358823e+01,
4.8936989663e+01,
4.8946088072e+01,
4.8959964045e+01,
4.8980156246e+01,
4.9008414420e+01,
4.9046669762e+01,
4.9096993068e+01,
4.9161541034e+01,
4.9242491681e+01,
4.9341970636e+01,
4.9461970730e+01,
4.9604268092e+01,
4.9770338489e+01,
4.9961278005e+01,
5.0177732245e+01,
5.0419838079e+01,
5.0687181536e+01,
5.0978774987e+01,
5.1293056162e+01,
5.1627910871e+01,
5.1980720444e+01,
5.2348433565e+01,
5.2727660475e+01,
5.3114785252e+01,
5.3506089666e+01,
5.3897880234e+01,
5.4286609226e+01,
5.4668980840e+01,
5.5042035505e+01,
5.5403208075e+01,
5.5750358858e+01,
5.6081779424e+01,
5.6396177399e+01,
5.6692645719e+01,
5.6970622074e+01,
5.7229843762e+01,
5.7470302087e+01,
5.7692199247e+01,
5.7895909477e+01,
5.8081945228e+01,
5.8250928507e+01,
5.8403567046e+01,
5.8540634727e+01,
5.8662955619e+01,
5.8771390966e+01,
5.8866828482e+01,
5.8950173417e+01,
5.9022340853e+01,
5.9084248828e+01,
5.9136811886e+01,
5.9180934776e+01,
5.9217506094e+01,
5.9247391714e+01,
5.9271428000e+01,
5.9290414845e+01,
5.9305108672e+01,
5.9316215632e+01,
5.9324385269e+01,
5.9330204979e+01,
5.9334195590e+01,
5.9336808396e+01,
5.9338423901e+01,
5.9339352513e+01,
5.9339837291e+01,
5.9340058781e+01,
5.9340141868e+01,
5.9340164469e+01,
5.9340167805e+01,
5.9340168100e+01,
5.9340173884e+01,
5.9340213067e+01,
5.9340357106e+01,
5.9340741046e+01,
5.9341581214e+01,
5.9343189944e+01,
5.9345986627e+01,
5.9350504359e+01,
5.9357391506e+01,
5.9367407493e+01,
5.9381412268e+01,
5.9400349001e+01,
5.9425219855e+01,
5.9457055027e+01,
5.9496875721e+01,
5.9545652258e+01,
5.9604259133e+01,
5.9673429384e+01,
5.9753711090e+01,
5.9845429058e+01,
5.9948654719e+01,
6.0063186939e+01,
6.0188545717e+01,
6.0323979860e+01,
6.0468488578e+01,
6.0620855775e+01,
6.0779694731e+01,
6.0943499958e+01,
6.1110702410e+01,
6.1279724038e+01,
6.1449027924e+01,
6.1617160969e+01,
6.1782787183e+01,
6.1944710907e+01,
6.2101890450e+01,
6.2253443461e+01,
6.2398645805e+01,
6.2536925680e+01,
6.2667854474e+01,
6.2791135532e+01,
6.2906591633e+01,
6.3014151816e+01,
6.3113838007e+01,
6.3205751856e+01,
6.3290062140e+01,
6.3366993025e+01,
6.3436813417e+01,
6.3499827536e+01,
6.3556366773e+01,
6.3606782800e+01,
6.3651441827e+01,
6.3690719862e+01,
6.3724998794e+01,
6.3754663094e+01,
6.3780096966e+01,
6.3801681757e+01,
6.3819793490e+01,
6.3834800407e+01,
6.3847060452e+01,
6.3856918659e+01,
6.3864704464e+01,
6.3870728990e+01,
6.3875282379e+01,
6.3878631309e+01,
6.3881016802e+01,
6.3882652481e+01,
6.3883723391e+01,
6.3884385525e+01,
6.3884766124e+01,
6.3884964813e+01,
6.3885055591e+01,
6.3885089645e+01,
6.3885098908e+01,
6.3885100275e+01,
6.3885100398e+01,
6.3885102826e+01,
6.3885119277e+01,
6.3885179751e+01,
6.3885340945e+01,
6.3885693680e+01,
6.3886369075e+01,
6.3887543173e+01,
6.3889439702e+01,
6.3892330672e+01,
6.3896534514e+01,
6.3902411509e+01,
6.3910356313e+01,
6.3920787506e+01,
6.3934134243e+01,
6.3950820307e+01,
6.3971246087e+01,
6.3995769310e+01,
6.4024685567e+01,
6.4058209911e+01,
6.4096460902e+01,
6.4139448449e+01,
6.4187066640e+01,
6.4239092394e+01,
6.4295190327e+01,
6.4354923633e+01,
6.4417770240e+01,
6.4483142972e+01,
6.4550412085e+01,
6.4618928402e+01,
6.4688045323e+01,
6.4757138263e+01,
6.4825620554e+01,
6.4892955301e+01,
6.4958663251e+01,
6.5022327085e+01,
6.5083592827e+01,
6.5142169127e+01,
6.5197825121e+01,
6.5250387407e+01,
6.5299736472e+01,
6.5345802740e+01,
6.5388562276e+01,
6.5428032158e+01,
6.5464265518e+01,
6.5497346337e+01,
6.5527384128e+01,
6.5554508704e+01,
6.5578865212e+01,
6.5600609640e+01,
6.5619904898e+01,
6.5636917557e+01,
6.5651815238e+01,
6.5664764603e+01,
6.5675929846e+01,
6.5685471596e+01,
6.5693546092e+01,
6.5700304539e+01,
6.5705892561e+01,
6.5710449657e+01,
6.5714108640e+01,
6.5716995032e+01,
6.5719226402e+01,
6.5720911684e+01,
6.5722150511e+01,
6.5723032601e+01,
6.5723637264e+01,
6.5724033074e+01,
6.5724277772e+01,
6.5724418415e+01,
6.5724491834e+01,
6.5724525378e+01,
6.5724537961e+01,
6.5724541384e+01,
6.5724541889e+01,
6.5724541935e+01,
6.5724542870e+01,
6.5724549204e+01,
6.5724572487e+01,
6.5724634547e+01,
6.5724770345e+01,
6.5725030341e+01,
6.5725482244e+01,
6.5726212022e+01,
6.5727324015e+01,
6.5728940040e+01,
6.5731197351e+01,
6.5734245349e+01,
6.5738241024e+01,
6.5743343126e+01,
6.5749705233e+01,
6.5757467944e+01,
6.5766750630e+01,
6.5777643250e+01,
6.5790198908e+01,
6.5804427855e+01,
6.5820293677e+01,
6.5837712265e+01,
6.5856553984e+01,
6.5876649140e+01,
6.5897796409e+01,
6.5919773506e+01,
6.5942348958e+01,
6.5965293669e+01,
6.5988390964e+01,
6.6011444111e+01,
6.6034280774e+01,
6.6056754466e+01,
6.6078743503e+01,
6.6100148304e+01,
6.6120887914e+01,
6.6140896494e+01,
6.6160120294e+01,
6.6178515321e+01,
6.6196045750e+01,
6.6212682948e+01,
6.6228404950e+01,
6.6243196210e+01,
6.6257047492e+01,
6.6269955799e+01,
6.6281924277e+01,
6.6292962073e+01,
6.6303084135e+01,
6.6312310953e+01,
6.6320668242e+01,
6.6328186592e+01,
6.6334901062e+01,
6.6340850740e+01,
6.6346078266e+01,
6.6350629308e+01,
6.6354552012e+01,
6.6357896401e+01,
6.6360713745e+01,
6.6363055911e+01,
6.6364974674e+01,
6.6366521038e+01,
6.6367744550e+01,
6.6368692641e+01,
6.6369410006e+01,
6.6369938050e+01,
6.6370314411e+01,
6.6370572581e+01,
6.6370741658e+01,
6.6370846216e+01,
6.6370906324e+01,
6.6370937704e+01,
6.6370952042e+01,
6.6370957420e+01,
6.6370958883e+01,
6.6370959099e+01,
6.6370959120e+01,
6.6370959540e+01,
6.6370962389e+01,
6.6370972860e+01,
6.6371000771e+01,
6.6371061850e+01,
6.6371178811e+01,
6.6371382169e+01,
6.6371710745e+01,
6.6372211826e+01,
6.6372940931e+01,
6.6373961158e+01,
6.6375342092e+01,
6.6377158266e+01,
6.6379487198e+01,
6.6382407037e+01,
6.6385993913e+01,
6.6390319078e+01,
6.6395445984e+01,
6.6401427459e+01,
6.6408303144e+01,
6.6416097358e+01,
6.6424817530e+01,
6.6434453303e+01,
6.6444976347e+01,
6.6456340895e+01,
6.6468484919e+01,
6.6481331851e+01,
6.6494792710e+01,
6.6508768483e+01,
6.6523152640e+01,
6.6537833655e+01,
6.6552697465e+01,
6.6567629818e+01,
6.6582518473e+01,
6.6597255241e+01,
6.6611737849e+01,
6.6625871595e+01,
6.6639570762e+01,
6.6652759751e+01,
6.6665373902e+01,
6.6677359971e+01,
6.6688676262e+01,
6.6699292442e+01,
6.6709189053e+01,
6.6718356797e+01,
6.6726795641e+01,
6.6734513814e+01,
6.6741526749e+01,
6.6747856035e+01,
6.6753528395e+01,
6.6758574752e+01,
6.6763029362e+01,
6.6766929045e+01,
6.6770312500e+01,
6.6773219694e+01,
6.6775691314e+01,
6.6777768267e+01,
6.6779491214e+01,
6.6780900132e+01,
6.6782033890e+01,
6.6782929839e+01,
6.6783623427e+01,
6.6784147829e+01,
6.6784533616e+01,
6.6784808468e+01,
6.6784996953e+01,
6.6785120368e+01,
6.6785196678e+01,
6.6785240544e+01,
6.6785263444e+01,
6.6785273907e+01,
6.6785277831e+01,
6.6785278899e+01,
6.6785279057e+01,
6.6785279072e+01,
6.6785279397e+01,
6.6785281597e+01,
6.6785289684e+01,
6.6785311241e+01,
6.6785358413e+01,
6.6785448734e+01,
6.6785605745e+01,
6.6785859362e+01,
6.6786245951e+01,
6.6786808078e+01,
6.6787593883e+01,
6.6788656069e+01,
6.6790050474e+01,
6.6791834242e+01,
6.6794063624e+01,
6.6796791455e+01,
6.6800064426e+01,
6.6803920265e+01,
6.6808384994e+01,
6.6813470461e+01,
6.6819172325e+01,
6.6825468715e+01,
6.6832319706e+01,
6.6839667764e+01,
6.6847439185e+01,
6.6855546529e+01,
6.6863891915e+01,
6.6872370970e+01,
6.6880877170e+01,
6.6889306227e+01,
6.6897560214e+01,
6.6905551111e+01,
6.6913203544e+01,
6.6920456588e+01,
6.6927264575e+01,
6.6933596982e+01,
6.6939437527e+01,
6.6944782666e+01,
6.6949639689e+01,
6.6954024628e+01,
6.6957960152e+01,
6.6961473574e+01,
6.6964595091e+01,
6.6967356280e+01,
6.6969788901e+01,
6.6971923976e+01,
6.6973791136e+01,
6.6975418183e+01,
6.6976830853e+01,
6.6978052711e+01,
6.6979105163e+01,
6.6980007542e+01,
6.6980777247e+01,
6.6981429908e+01,
6.6981979565e+01,
6.6982438845e+01,
6.6982819126e+01,
6.6983130692e+01,
6.6983382858e+01,
6.6983584075e+01,
6.6983742018e+01,
6.6983863641e+01,
6.6983955223e+01,
6.6984022393e+01,
6.6984070141e+01,
6.6984102835e+01,
6.6984124219e+01,
6.6984137433e+01,
6.6984145026e+01,
6.6984148988e+01,
6.6984150799e+01,
6.6984151478e+01,
6.6984151663e+01,
6.6984151690e+01,
6.6984151693e+01,
6.6984151752e+01,
6.6984152157e+01,
6.6984153644e+01,
6.6984157606e+01,
6.6984166276e+01,
6.6984182867e+01,
6.6984211682e+01,
6.6984258155e+01,
6.6984328827e+01,
6.6984431227e+01,
6.6984573657e+01,
6.6984764859e+01,
6.6985013561e+01,
6.6985327922e+01,
6.6985714876e+01,
6.6986179447e+01,
6.6986724064e+01,
6.6987347985e+01,
6.6988046882e+01,
6.6988812685e+01,
6.6989633741e+01,
6.6990495293e+01,
6.6991380291e+01,
6.6992270432e+01,
6.6993147346e+01,
6.6993993784e+01,
6.6994794672e+01,
6.6995537921e+01,
6.6996214902e+01,
6.6996820593e+01,
6.6997353381e+01,
6.6997814629e+01,
6.6998208075e+01,
6.6998539163e+01,
6.6998814392e+01,
6.6999040733e+01,
6.6999225155e+01,
6.6999374265e+01,
6.6999494075e+01,
6.6999589876e+01,
6.6999666214e+01,
6.6999726922e+01,
6.6999775182e+01,
6.6999813604e+01,
6.6999844293e+01,
6.6999868925e+01,
6.6999888825e+01,
6.6999905034e+01,
6.6999918376e+01,
6.6999929503e+01,
6.6999938925e+01,
6.6999947026e+01,
6.6999954091e+01,
6.6999960321e+01,
6.6999965857e+01,
6.6999970799e+01,
6.6999975217e+01,
6.6999979164e+01,
6.6999982678e+01,
6.6999985788e+01,
6.6999988519e+01,
6.6999990889e+01,
6.6999992920e+01,
6.6999994631e+01,
6.6999996045e+01,
6.6999997186e+01,
6.6999998081e+01,
6.6999998760e+01,
6.6999999253e+01,
6.6999999591e+01,
6.7000000000e+01,
6.7000000000e+01,
6.7000000000e+01,
6.7000000000e+01,
