0.0000000000e+00,
5.6483000321e-07,
1.8030489997e-05,
1.3636327800e-04,
5.7137261901e-04,
1.7309900130e-03,
4.2689982790e-03,
9.1304060020e-03,
1.7586986085e-02,
3.1261875002e-02,
5.2142513821e-02,
8.2581529374e-02,
1.2528530667e-01,
1.8328988898e-01,
2.5992339247e-01,
3.5875336712e-01,
4.8351667362e-01,
6.3802888728e-01,
8.2607058056e-01,
1.0512497043e+00,
1.3168430644e+00,
1.6256253635e+00,
1.9797003861e+00,
2.3803537736e+00,
2.8279482428e+00,
3.3218783346e+00,
3.8605925844e+00,
4.4416781571e+00,
5.0619900654e+00,
5.7177983683e+00,
6.4049256045e+00,
7.1188541782e+00,
7.8547975216e+00,
8.6077450267e+00,
9.3725028935e+00,
1.0143755388e+01,
1.0916160603e+01,
1.1684474861e+01,
1.2443681009e+01,
1.3189090814e+01,
1.3916404711e+01,
1.4621733081e+01,
1.5301597086e+01,
1.5952927000e+01,
1.6573067197e+01,
1.7159787778e+01,
1.7711298098e+01,
1.8226256904e+01,
1.8703775515e+01,
1.9143412561e+01,
1.9545160343e+01,
1.9909423744e+01,
2.0236992883e+01,
2.0529010721e+01,
2.0786936590e+01,
2.1012506491e+01,
2.1207690816e+01,
2.1374650096e+01,
2.1515689358e+01,
2.1633211698e+01,
2.1729671769e+01,
2.1807529956e+01,
2.1869208100e+01,
2.1917047709e+01,
2.1953271636e+01,
2.1979950200e+01,
2.1998972688e+01,
2.2012025096e+01,
2.2020574783e+01,
2.2025862577e+01,
2.2028902585e+01,
2.2030489758e+01,
2.2031214954e+01,
2.2031487001e+01,
2.2031561004e+01,
2.2031571927e+01,
2.2031573422e+01,
2.2031608733e+01,
2.2031847969e+01,
2.2032727418e+01,
2.2035071658e+01,
2.2040201725e+01,
2.2050025480e+01,
2.2067106137e+01,
2.2094705145e+01,
2.2136795858e+01,
2.2198044855e+01,
2.2283758324e+01,
2.2399791860e+01,
2.2552423245e+01,
2.2748189483e+01,
2.2993691451e+01,
2.3295371970e+01,
2.3659275745e+01,
2.4090802183e+01,
2.4594464228e+01,
2.5173667588e+01,
2.5830524495e+01,
2.6565714103e+01,
2.7378397643e+01,
2.8266191392e+01,
2.9225196001e+01,
3.0250078892e+01,
3.1334208146e+01,
3.2469839072e+01,
3.3648352465e+01,
3.4860531265e+01,
3.6096844423e+01,
3.7347698484e+01,
3.8603632292e+01,
3.9855460874e+01,
4.1094396761e+01,
4.2312174107e+01,
4.3501180127e+01,
4.4654578540e+01,
4.5766403565e+01,
4.6831609935e+01,
4.7846076835e+01,
4.8806574367e+01,
4.9710706276e+01,
5.0556842492e+01,
5.1344051313e+01,
5.2072036436e+01,
5.2741080096e+01,
5.3351991217e+01,
5.3906056686e+01,
5.4404993981e+01,
5.4850904062e+01,
5.5246224012e+01,
5.5593679315e+01,
5.5896235846e+01,
5.6157051630e+01,
5.6379428444e+01,
5.6566763256e+01,
5.6722499639e+01,
5.6850079341e+01,
5.6952894464e+01,
5.7034240855e+01,
5.7097273578e+01,
5.7144965507e+01,
5.7180070223e+01,
5.7205090456e+01,
5.7222253289e+01,
5.7233493228e+01,
5.7240444015e+01,
5.7244439795e+01,
5.7246525885e+01,
5.7247479022e+01,
5.7247836574e+01,
5.7247933836e+01,
5.7247948192e+01,
5.7247949555e+01,
5.7247977338e+01,
5.7248165574e+01,
5.7248857543e+01,
5.7250702036e+01,
5.7254738445e+01,
5.7262467812e+01,
5.7275906620e+01,
5.7297620260e+01,
5.7330733284e+01,
5.7378913848e+01,
5.7446330193e+01,
5.7537577699e+01,
5.7657576045e+01,
5.7811437330e+01,
5.8004307713e+01,
5.8241187039e+01,
5.8526733069e+01,
5.8865058984e+01,
5.9259534616e+01,
5.9712603092e+01,
6.0225624887e+01,
6.0798760367e+01,
6.1430899542e+01,
6.2119643880e+01,
6.2861340281e+01,
6.3651162849e+01,
6.4483235602e+01,
6.5350789691e+01,
6.6246351467e+01,
6.7161960009e+01,
6.8089411686e+01,
6.9020523597e+01,
6.9947399430e+01,
7.0862674383e+01,
7.1759714235e+01,
7.2632749002e+01,
7.3476932464e+01,
7.4288331748e+01,
7.5063862128e+01,
7.5801188557e+01,
7.6498616090e+01,
7.7154987260e+01,
7.7769597580e+01,
7.8342133009e+01,
7.8872627292e+01,
7.9361433547e+01,
7.9809203579e+01,
8.0216869311e+01,
8.0585622796e+01,
8.0916893283e+01,
8.1212321391e+01,
8.1473731255e+01,
8.1703101634e+01,
8.1902536778e+01,
8.2074237461e+01,
8.2220472277e+01,
8.2343549147e+01,
8.2445786900e+01,
8.2529486920e+01,
8.2596904971e+01,
8.2650223517e+01,
8.2691525026e+01,
8.2722766929e+01,
8.2745758993e+01,
8.2762143966e+01,
8.2773382319e+01,
8.2780741852e+01,
8.2785292809e+01,
8.2787908942e+01,
8.2789274737e+01,
8.2789898765e+01,
8.2790132858e+01,
8.2790196536e+01,
8.2790205935e+01,
8.2790206772e+01,
8.2790223237e+01,
8.2790334790e+01,
8.2790744870e+01,
8.2791837966e+01,
8.2794230040e+01,
8.2798810623e+01,
8.2806774647e+01,
8.2819642207e+01,
8.2839264491e+01,
8.2867814329e+01,
8.2907760047e+01,
8.2961821749e+01,
8.3032909761e+01,
8.3124045791e+01,
8.3238268435e+01,
8.3378525899e+01,
8.3547560140e+01,
8.3747788007e+01,
8.3981186055e+01,
8.4249186435e+01,
8.4552591222e+01,
8.4891511517e+01,
8.5265335508e+01,
8.5672726367e+01,
8.6111647289e+01,
8.6579408002e+01,
8.7072726290e+01,
8.7587799810e+01,
8.8120387272e+01,
8.8665901613e+01,
8.9219519002e+01,
8.9776305317e+01,
9.0331356826e+01,
9.0879946443e+01,
9.1417663235e+01,
9.1940532308e+01,
9.2445104688e+01,
9.2928511459e+01,
9.3388481675e+01,
9.3823328158e+01,
9.4231908303e+01,
9.4613568277e+01,
9.4968078666e+01,
9.5295568306e+01,
9.5596461157e+01,
9.5871419283e+01,
9.6121293369e+01,
9.6347081089e+01,
9.6549892834e+01,
9.6730923917e+01,
9.6891432168e+01,
9.7032719839e+01,
9.7156118766e+01,
9.7262977878e+01,
9.7354652259e+01,
9.7432493095e+01,
9.7497837998e+01,
9.7552001338e+01,
9.7596264347e+01,
9.7631864933e+01,
9.7659987269e+01,
9.7681751353e+01,
9.7698202868e+01,
9.7710303760e+01,
9.7718923988e+01,
9.7724834960e+01,
9.7728705110e+01,
9.7731098039e+01,
9.7732473527e+01,
9.7733191594e+01,
9.7733519671e+01,
9.7733642742e+01,
9.7733676220e+01,
9.7733681162e+01,
9.7733681598e+01,
9.7733690165e+01,
9.7733748204e+01,
9.7733961559e+01,
9.7734530264e+01,
9.7735774747e+01,
9.7738157652e+01,
9.7742300200e+01,
9.7748992054e+01,
9.7759193635e+01,
9.7774029926e+01,
9.7794774885e+01,
9.7822825869e+01,
9.7859667814e+01,
9.7906827451e+01,
9.7965818553e+01,
9.8038079989e+01,
9.8124909257e+01,
9.8227395016e+01,
9.8346352750e+01,
9.8482268142e+01,
9.8635252602e+01,
9.8805014923e+01,
9.8990851976e+01,
9.9191659983e+01,
9.9405966205e+01,
9.9631979187e+01,
9.9867654146e+01,
1.0011076876e+02,
1.0035900385e+02,
1.0061002320e+02,
1.0086154697e+02,
1.0111141449e+02,
1.0135763340e+02,
1.0159841441e+02,
1.0183219211e+02,
1.0205763406e+02,
1.0227364056e+02,
1.0247933757e+02,
1.0267406498e+02,
1.0285736155e+02,
1.0302894775e+02,
1.0318870713e+02,
1.0333666702e+02,
1.0347297889e+02,
1.0359789932e+02,
1.0371177170e+02,
1.0381500946e+02,
1.0390808090e+02,
1.0399149595e+02,
1.0406579484e+02,
1.0413153858e+02,
1.0418930116e+02,
1.0423966311e+02,
1.0428320627e+02,
1.0432050934e+02,
1.0435214409e+02,
1.0437867180e+02,
1.0440063992e+02,
1.0441857866e+02,
1.0443299751e+02,
1.0444438167e+02,
1.0445318836e+02,
1.0445984326e+02,
1.0446473710e+02,
1.0446822269e+02,
1.0447061250e+02,
1.0447217708e+02,
1.0447314442e+02,
1.0447370043e+02,
1.0447399070e+02,
1.0447412331e+02,
1.0447417306e+02,
1.0447418659e+02,
1.0447418859e+02,
1.0447418877e+02,
1.0447419232e+02,
1.0447421635e+02,
1.0447430469e+02,
1.0447454018e+02,
1.0447505547e+02,
1.0447604211e+02,
1.0447775720e+02,
1.0448052744e+02,
1.0448474988e+02,
1.0449088902e+02,
1.0449946993e+02,
1.0451106695e+02,
1.0452628791e+02,
1.0454575399e+02,
1.0457007564e+02,
1.0459982526e+02,
1.0463550802e+02,
1.0467753227e+02,
1.0472618151e+02,
1.0478159010e+02,
1.0484372471e+02,
1.0491237344e+02,
1.0498714404e+02,
1.0506747179e+02,
1.0515263709e+02,
1.0524179166e+02,
1.0533399150e+02,
1.0542823429e+02,
1.0552349837e+02,
1.0561878056e+02,
1.0571313017e+02,
1.0580567740e+02,
1.0589565469e+02,
1.0598241063e+02,
1.0606541644e+02,
1.0614426599e+02,
1.0621867028e+02,
1.0628844784e+02,
1.0635351245e+02,
1.0641385930e+02,
1.0646955087e+02,
1.0652070321e+02,
1.0656747340e+02,
1.0661004838e+02,
1.0664863549e+02,
1.0668345474e+02,
1.0671473259e+02,
1.0674269729e+02,
1.0676757542e+02,
1.0678958950e+02,
1.0680895642e+02,
1.0682588649e+02,
1.0684058297e+02,
1.0685324188e+02,
1.0686405191e+02,
1.0687319450e+02,
1.0688084375e+02,
1.0688716637e+02,
1.0689232137e+02,
1.0689645975e+02,
1.0689972393e+02,
1.0690224713e+02,
1.0690415272e+02,
1.0690555342e+02,
1.0690655074e+02,
1.0690723438e+02,
1.0690768189e+02,
1.0690795854e+02,
1.0690811755e+02,
1.0690820056e+02,
1.0690823848e+02,
1.0690825271e+02,
1.0690825658e+02,
1.0690825715e+02,
1.0690825720e+02,
1.0690825826e+02,
1.0690826542e+02,
1.0690829174e+02,
1.0690836190e+02,
1.0690851543e+02,
1.0690880938e+02,
1.0690932028e+02,
1.0691014532e+02,
1.0691140245e+02,
1.0691322934e+02,
1.0691578108e+02,
1.0691922647e+02,
1.0692374284e+02,
1.0692950952e+02,
1.0693670004e+02,
1.0694547352e+02,
1.0695596550e+02,
1.0696827914e+02,
1.0698247710e+02,
1.0699857525e+02,
1.0701653857e+02,
1.0703627995e+02,
1.0705766206e+02,
1.0708050237e+02,
1.0710458082e+02,
1.0712964954e+02,
1.0715544384e+02,
1.0718169340e+02,
1.0720813276e+02,
1.0723451048e+02,
1.0726059625e+02,
1.0728618590e+02,
1.0731110416e+02,
1.0733520544e+02,
1.0735837312e+02,
1.0738051756e+02,
1.0740157341e+02,
1.0742149658e+02,
1.0744026113e+02,
1.0745785632e+02,
1.0747428395e+02,
1.0748955607e+02,
1.0750369306e+02,
1.0751672203e+02,
1.0752867553e+02,
1.0753959056e+02,
1.0754950771e+02,
1.0755847057e+02,
1.0756652511e+02,
1.0757371934e+02,
1.0758010285e+02,
1.0758572653e+02,
1.0759064222e+02,
1.0759490241e+02,
1.0759855996e+02,
1.0760166769e+02,
1.0760427811e+02,
1.0760644297e+02,
1.0760821292e+02,
1.0760963702e+02,
1.0761076231e+02,
1.0761163339e+02,
1.0761229196e+02,
1.0761277644e+02,
1.0761312160e+02,
1.0761335830e+02,
1.0761351328e+02,
1.0761360911e+02,
1.0761366420e+02,
1.0761369296e+02,
1.0761370610e+02,
1.0761371102e+02,
1.0761371236e+02,
1.0761371256e+02,
1.0761371258e+02,
1.0761371297e+02,
1.0761371558e+02,
1.0761372517e+02,
1.0761375075e+02,
1.0761380672e+02,
1.0761391388e+02,
1.0761410018e+02,
1.0761440111e+02,
1.0761485985e+02,
1.0761552695e+02,
1.0761645964e+02,
1.0761772064e+02,
1.0761937654e+02,
1.0762149571e+02,
1.0762414586e+02,
1.0762739120e+02,
1.0763128950e+02,
1.0763588910e+02,
1.0764122609e+02,
1.0764732188e+02,
1.0765418129e+02,
1.0766179145e+02,
1.0767012142e+02,
1.0767912274e+02,
1.0768873076e+02,
1.0769886673e+02,
1.0770944040e+02,
1.0772035312e+02,
1.0773150099e+02,
1.0774277821e+02,
1.0775408013e+02,
1.0776530611e+02,
1.0777636202e+02,
1.0778716218e+02,
1.0779763092e+02,
1.0780770357e+02,
1.0781732696e+02,
1.0782645944e+02,
1.0783507057e+02,
1.0784314044e+02,
1.0785065869e+02,
1.0785762347e+02,
1.0786404021e+02,
1.0786992048e+02,
1.0787528076e+02,
1.0788014141e+02,
1.0788452566e+02,
1.0788845880e+02,
1.0789196744e+02,
1.0789507896e+02,
1.0789782101e+02,
1.0790022119e+02,
1.0790230678e+02,
1.0790410452e+02,
1.0790564050e+02,
1.0790694004e+02,
1.0790802758e+02,
1.0790892666e+02,
1.0790965978e+02,
1.0791024836e+02,
1.0791071263e+02,
1.0791107152e+02,
1.0791134256e+02,
1.0791154179e+02,
1.0791168365e+02,
1.0791178089e+02,
1.0791184454e+02,
1.0791188389e+02,
1.0791190651e+02,
1.0791191832e+02,
1.0791192371e+02,
1.0791192573e+02,
1.0791192628e+02,
1.0791192636e+02,
1.0791192637e+02,
1.0791192654e+02,
1.0791192767e+02,
1.0791193184e+02,
1.0791194296e+02,
1.0791196727e+02,
1.0791201383e+02,
1.0791209474e+02,
1.0791222538e+02,
1.0791242440e+02,
1.0791271355e+02,
1.0791311724e+02,
1.0791366201e+02,
1.0791437554e+02,
1.0791528566e+02,
1.0791641895e+02,
1.0791779929e+02,
1.0791944630e+02,
1.0792137380e+02,
1.0792358839e+02,
1.0792608834e+02,
1.0792886283e+02,
1.0793189174e+02,
1.0793514598e+02,
1.0793858840e+02,
1.0794217528e+02,
1.0794585823e+02,
1.0794958639e+02,
1.0795330876e+02,
1.0795697645e+02,
1.0796054465e+02,
1.0796397430e+02,
1.0796723315e+02,
1.0797029639e+02,
1.0797314677e+02,
1.0797577429e+02,
1.0797817547e+02,
1.0798035251e+02,
1.0798231219e+02,
1.0798406484e+02,
1.0798562330e+02,
1.0798700198e+02,
1.0798821608e+02,
1.0798928097e+02,
1.0799021164e+02,
1.0799102240e+02,
1.0799172662e+02,
1.0799233657e+02,
1.0799286342e+02,
1.0799331719e+02,
1.0799370683e+02,
1.0799404027e+02,
1.0799432450e+02,
1.0799456569e+02,
1.0799476929e+02,
1.0799494008e+02,
1.0799508231e+02,
1.0799519974e+02,
1.0799529572e+02,
1.0799537324e+02,
1.0799543501e+02,
1.0799548342e+02,
1.0799552067e+02,
1.0799554869e+02,
1.0799556924e+02,
1.0799558383e+02,
1.0799559382e+02,
1.0799560036e+02,
1.0799560440e+02,
1.0799560671e+02,
1.0799560793e+02,
1.0799560848e+02,
1.0799560869e+02,
1.0799560874e+02,
1.0799560875e+02,
1.0799560875e+02,
1.0799560877e+02,
1.0799560889e+02,
1.0799560935e+02,
1.0799561056e+02,
1.0799561321e+02,
1.0799561827e+02,
1.0799562707e+02,
1.0799564126e+02,
1.0799566282e+02,
1.0799569405e+02,
1.0799573744e+02,
1.0799579562e+02,
1.0799587117e+02,
1.0799596647e+02,
1.0799608344e+02,
1.0799622341e+02,
1.0799638682e+02,
1.0799657309e+02,
1.0799678053e+02,
1.0799700629e+02,
1.0799724647e+02,
1.0799749630e+02,
1.0799775043e+02,
1.0799800330e+02,
1.0799824951e+02,
1.0799848417e+02,
1.0799870319e+02,
1.0799890352e+02,
1.0799908321e+02,
1.0799924143e+02,
1.0799937833e+02,
1.0799949485e+02,
1.0799959256e+02,
1.0799967337e+02,
1.0799973937e+02,
1.0799979268e+02,
1.0799983536e+02,
1.0799986928e+02,
1.0799989612e+02,
1.0799991728e+02,
1.0799993394e+02,
1.0799994704e+02,
1.0799995743e+02,
1.0799996582e+02,
1.0799997282e+02,
1.0799997888e+02,
1.0799998425e+02,
1.0799998900e+02,
1.0799999307e+02,
1.0799999641e+02,
1.0799999908e+02,
1.0799999881e+02,
1.0799999880e+02,
1.0799999933e+02,
1.0800000000e+02,
1.0799999932e+02,
1.0799999932e+02,
1.0799999952e+02,
1.0800000000e+02,
1.0800000000e+02,
1.0799999955e+02,
1.0799999952e+02,
1.0799999955e+02,
1.0800000000e+02,
1.0800000000e+02,
1.0800000000e+02,
1.0800000000e+02,
1.0800000000e+02,
1.0800000000e+02,
1.0800000000e+02,
1.0800000000e+02,
1.0800000000e+02,
1.0800000000e+02,
1.0800000000e+02,
