0.0000000000e+00,
2.0396900169e-07,
6.5110948029e-06,
4.9242907401e-05,
2.0633117410e-04,
6.2508313330e-04,
1.5415740237e-03,
3.2970029294e-03,
6.3504560911e-03,
1.1287650770e-02,
1.8825373351e-02,
2.9811464127e-02,
4.5220320790e-02,
6.6143973501e-02,
9.3778809255e-02,
1.2940798303e-01,
1.7437945531e-01,
2.3007947171e-01,
2.9790120883e-01,
3.7920833303e-01,
4.7529344230e-01,
5.8733185199e-01,
7.1633195244e-01,
8.6308433569e-01,
1.0281128892e+00,
1.2116318419e+00,
1.4135130570e+00,
1.6332674952e+00,
1.8700436473e+00,
2.1226439860e+00,
2.3895584035e+00,
2.6690115993e+00,
2.9590198783e+00,
3.2574521068e+00,
3.5620897701e+00,
3.8706820518e+00,
4.1809933365e+00,
4.4908421524e+00,
4.7981319660e+00,
5.1008751839e+00,
5.3972121095e+00,
5.6854264983e+00,
5.9639589089e+00,
6.2314184519e+00,
6.4865929905e+00,
6.7284574634e+00,
6.9561798349e+00,
7.1691242171e+00,
7.3668508778e+00,
7.5491130685e+00,
7.7158508037e+00,
7.8671818660e+00,
8.0033903765e+00,
8.1249132811e+00,
8.2323250822e+00,
8.3263211102e+00,
8.4076996030e+00,
8.4773428517e+00,
8.5361976767e+00,
8.5852555200e+00,
8.6255324723e+00,
8.6580495886e+00,
8.6838138769e+00,
8.7038003721e+00,
8.7189357166e+00,
8.7300836656e+00,
8.7380329102e+00,
8.7434875666e+00,
8.7470606184e+00,
8.7492705125e+00,
8.7505410177e+00,
8.7512043462e+00,
8.7515074288e+00,
8.7516211260e+00,
8.7516520544e+00,
8.7516566194e+00,
8.7516572442e+00,
8.7516720018e+00,
8.7517719862e+00,
8.7521395376e+00,
8.7531192784e+00,
8.7552633359e+00,
8.7593691510e+00,
8.7665082232e+00,
8.7780442465e+00,
8.7956392224e+00,
8.8212463188e+00,
8.8570884971e+00,
8.9056223021e+00,
8.9694867083e+00,
9.0514375820e+00,
9.1542691381e+00,
9.2807247297e+00,
9.4334003541e+00,
9.6146452940e+00,
9.8264651961e+00,
1.0070433400e+01,
1.0347616203e+01,
1.0658516700e+01,
1.1003039808e+01,
1.1380478398e+01,
1.1789518064e+01,
1.2228257042e+01,
1.2694238926e+01,
1.3184498372e+01,
1.3695622282e+01,
1.4223829134e+01,
1.4765066591e+01,
1.5315123195e+01,
1.5869745936e+01,
1.6424753338e+01,
1.6976134402e+01,
1.7520126733e+01,
1.8053271430e+01,
1.8572446335e+01,
1.9074882082e+01,
1.9558166428e+01,
2.0020241888e+01,
2.0459400138e+01,
2.0874274865e+01,
2.1263833262e+01,
2.1627365535e+01,
2.1964471708e+01,
2.2275045308e+01,
2.2559254055e+01,
2.2817518105e+01,
2.3050486577e+01,
2.3259013117e+01,
2.3444131042e+01,
2.3607028440e+01,
2.3749023359e+01,
2.3871539111e+01,
2.3976079655e+01,
2.4064204999e+01,
2.4137506658e+01,
2.4197583274e+01,
2.4246016591e+01,
2.4284348150e+01,
2.4314057093e+01,
2.4336539621e+01,
2.4353090649e+01,
2.4364888256e+01,
2.4372981484e+01,
2.4378281988e+01,
2.4381559922e+01,
2.4383444334e+01,
2.4384428145e+01,
2.4384877651e+01,
2.4385046276e+01,
2.4385092145e+01,
2.4385098916e+01,
2.4385099558e+01,
2.4385112661e+01,
2.4385201435e+01,
2.4385527775e+01,
2.4386397659e+01,
2.4388301296e+01,
2.4391946663e+01,
2.4398284971e+01,
2.4408526633e+01,
2.4424146457e+01,
2.4446876892e+01,
2.4478688419e+01,
2.4521756462e+01,
2.4578414666e+01,
2.4651094971e+01,
2.4742255644e+01,
2.4854299297e+01,
2.4989483804e+01,
2.5149829947e+01,
2.5337030339e+01,
2.5552364679e+01,
2.5796626413e+01,
2.6070065459e+01,
2.6372350631e+01,
2.6702553960e+01,
2.7059157475e+01,
2.7440081542e+01,
2.7842732946e+01,
2.8264070576e+01,
2.8700686704e+01,
2.9148901851e+01,
2.9604870606e+01,
3.0064694396e+01,
3.0524535401e+01,
3.0980724352e+01,
3.1429854524e+01,
3.1868855341e+01,
3.2295041372e+01,
3.2706135730e+01,
3.3100270042e+01,
3.3475965675e+01,
3.3832102209e+01,
3.4167879353e+01,
3.4482777572e+01,
3.4776521298e+01,
3.5049046917e+01,
3.5300476268e+01,
3.5531095290e+01,
3.5741336817e+01,
3.5931766257e+01,
3.6103068957e+01,
3.6256038288e+01,
3.6391563747e+01,
3.6510618654e+01,
3.6614247219e+01,
3.6703550923e+01,
3.6779674210e+01,
3.6843789601e+01,
3.6897082334e+01,
3.6940734731e+01,
3.6975910502e+01,
3.7003739283e+01,
3.7025301757e+01,
3.7041615736e+01,
3.7053623650e+01,
3.7062181885e+01,
3.7068052389e+01,
3.7071896944e+01,
3.7074274405e+01,
3.7075641124e+01,
3.7076354650e+01,
3.7076680661e+01,
3.7076802958e+01,
3.7076836225e+01,
3.7076841136e+01,
3.7076841572e+01,
3.7076850174e+01,
3.7076908453e+01,
3.7077122692e+01,
3.7077693762e+01,
3.7078943475e+01,
3.7081336597e+01,
3.7085497546e+01,
3.7092220837e+01,
3.7102474421e+01,
3.7117395141e+01,
3.7138275679e+01,
3.7166542595e+01,
3.7203725323e+01,
3.7251416434e+01,
3.7311223918e+01,
3.7384716813e+01,
3.7473366084e+01,
3.7578483206e+01,
3.7701159314e+01,
3.7842208134e+01,
3.8002115951e+01,
3.8181001868e+01,
3.8378591430e+01,
3.8594206418e+01,
3.8826773254e+01,
3.9074851664e+01,
3.9336683711e+01,
3.9610260663e+01,
3.9893401623e+01,
4.0183834484e+01,
4.0479268453e+01,
4.0777449614e+01,
4.1076196508e+01,
4.1373419140e+01,
4.1667129158e+01,
4.1955449336e+01,
4.2236627627e+01,
4.2509056874e+01,
4.2771297860e+01,
4.3022101713e+01,
4.3260427767e+01,
4.3485454146e+01,
4.3696579939e+01,
4.3893419268e+01,
4.4075788567e+01,
4.4243688939e+01,
4.4397285548e+01,
4.4536885819e+01,
4.4662917851e+01,
4.4775910008e+01,
4.4876472274e+01,
4.4965279584e+01,
4.5043057109e+01,
4.5110567280e+01,
4.5168598260e+01,
4.5217953522e+01,
4.5259442219e+01,
4.5293870070e+01,
4.5322030594e+01,
4.5344696558e+01,
4.5362611661e+01,
4.5376482518e+01,
4.5386971114e+01,
4.5394687951e+01,
4.5400186153e+01,
4.5403956808e+01,
4.5406425820e+01,
4.5407952505e+01,
4.5408830093e+01,
4.5409288243e+01,
4.5409497568e+01,
4.5409576092e+01,
4.5409597453e+01,
4.5409600605e+01,
4.5409600884e+01,
4.5409606350e+01,
4.5409643381e+01,
4.5409779511e+01,
4.5410142371e+01,
4.5410936423e+01,
4.5412456902e+01,
4.5415100323e+01,
4.5419370900e+01,
4.5425882267e+01,
4.5435353911e+01,
4.5448601828e+01,
4.5466523034e+01,
4.5490073782e+01,
4.5520241624e+01,
4.5558011820e+01,
4.5604329075e+01,
4.5660056051e+01,
4.5725930612e+01,
4.5802524205e+01,
4.5890204104e+01,
4.5989102355e+01,
4.6099094131e+01,
4.6219787760e+01,
4.6350527912e+01,
4.6490412401e+01,
4.6638321811e+01,
4.6792959960e+01,
4.6952902077e+01,
4.7116646922e+01,
4.7282668817e+01,
4.7449465905e+01,
4.7615601762e+01,
4.7779738622e+01,
4.7940661618e+01,
4.8097294529e+01,
4.8248708164e+01,
4.8394122854e+01,
4.8532906463e+01,
4.8664569078e+01,
4.8788755177e+01,
4.8905233853e+01,
4.9013887488e+01,
4.9114699298e+01,
4.9207740207e+01,
4.9293155611e+01,
4.9371152565e+01,
4.9441987882e+01,
4.9505957516e+01,
4.9563387401e+01,
4.9614625797e+01,
4.9660037026e+01,
4.9699996414e+01,
4.9734886201e+01,
4.9765092151e+01,
4.9791000646e+01,
4.9812996032e+01,
4.9831458080e+01,
4.9846759419e+01,
4.9859262886e+01,
4.9869318764e+01,
4.9877261934e+01,
4.9883408994e+01,
4.9888055447e+01,
4.9891473074e+01,
4.9893907632e+01,
4.9895577015e+01,
4.9896670021e+01,
4.9897345828e+01,
4.9897734290e+01,
4.9897937084e+01,
4.9898029739e+01,
4.9898064496e+01,
4.9898073951e+01,
4.9898075346e+01,
4.9898075472e+01,
4.9898077950e+01,
4.9898094741e+01,
4.9898156465e+01,
4.9898320991e+01,
4.9898681020e+01,
4.9899370387e+01,
4.9900568795e+01,
4.9902504649e+01,
4.9905455699e+01,
4.9909747199e+01,
4.9915747329e+01,
4.9923859699e+01,
4.9934512864e+01,
4.9948146947e+01,
4.9965197666e+01,
4.9986078334e+01,
5.0011160631e+01,
5.0040755236e+01,
5.0075093587e+01,
5.0114312116e+01,
5.0158440287e+01,
5.0207393519e+01,
5.0260971723e+01,
5.0318863657e+01,
5.0380656744e+01,
5.0445851492e+01,
5.0513879246e+01,
5.0584121835e+01,
5.0655931745e+01,
5.0728651625e+01,
5.0801632320e+01,
5.0874248881e+01,
5.0945914288e+01,
5.1016090726e+01,
5.1084298338e+01,
5.1150121399e+01,
5.1213211898e+01,
5.1273290599e+01,
5.1330145768e+01,
5.1383629849e+01,
5.1433654516e+01,
5.1480184548e+01,
5.1523231033e+01,
5.1562844334e+01,
5.1599107217e+01,
5.1632128431e+01,
5.1662036940e+01,
5.1688976915e+01,
5.1713103515e+01,
5.1734579431e+01,
5.1753572112e+01,
5.1770251579e+01,
5.1784788708e+01,
5.1797353879e+01,
5.1808115863e+01,
5.1817240877e+01,
5.1824891706e+01,
5.1831226834e+01,
5.1836399562e+01,
5.1840557064e+01,
5.1843839400e+01,
5.1846378504e+01,
5.1848297168e+01,
5.1849708081e+01,
5.1850712977e+01,
5.1851401955e+01,
5.1851853016e+01,
5.1852131894e+01,
5.1852292191e+01,
5.1852375872e+01,
5.1852414105e+01,
5.1852428447e+01,
5.1852432348e+01,
5.1852432924e+01,
5.1852432977e+01,
5.1852434043e+01,
5.1852441262e+01,
5.1852467800e+01,
5.1852538537e+01,
5.1852693326e+01,
5.1852989696e+01,
5.1853504872e+01,
5.1854336955e+01,
5.1855605141e+01,
5.1857448821e+01,
5.1860025447e+01,
5.1863507077e+01,
5.1868075551e+01,
5.1873916338e+01,
5.1881211204e+01,
5.1890129945e+01,
5.1900821601e+01,
5.1913405655e+01,
5.1927963844e+01,
5.1944533236e+01,
5.1963101250e+01,
5.1983603129e+01,
5.2005922279e+01,
5.2029893561e+01,
5.2055309396e+01,
5.2081928232e+01,
5.2109484666e+01,
5.2137700401e+01,
5.2166295118e+01,
5.2194996451e+01,
5.2223548391e+01,
5.2251717713e+01,
5.2279298250e+01,
5.2306113092e+01,
5.2332014986e+01,
5.2356885313e+01,
5.2380632070e+01,
5.2403187271e+01,
5.2424504093e+01,
5.2444554044e+01,
5.2463324313e+01,
5.2480815384e+01,
5.2497038973e+01,
5.2512016250e+01,
5.2525776342e+01,
5.2538355061e+01,
5.2549793826e+01,
5.2560138740e+01,
5.2569439792e+01,
5.2577750165e+01,
5.2585125619e+01,
5.2591623934e+01,
5.2597304410e+01,
5.2602227386e+01,
5.2606453779e+01,
5.2610044629e+01,
5.2613060636e+01,
5.2615561681e+01,
5.2617606337e+01,
5.2619251352e+01,
5.2620551136e+01,
5.2621557244e+01,
5.2622317876e+01,
5.2622877421e+01,
5.2623276052e+01,
5.2623549414e+01,
5.2623728401e+01,
5.2623839072e+01,
5.2623902688e+01,
5.2623935899e+01,
5.2623951073e+01,
5.2623956765e+01,
5.2623958314e+01,
5.2623958542e+01,
5.2623958564e+01,
5.2623959009e+01,
5.2623962023e+01,
5.2623973104e+01,
5.2624002641e+01,
5.2624067276e+01,
5.2624191035e+01,
5.2624406178e+01,
5.2624753702e+01,
5.2625283459e+01,
5.2626053810e+01,
5.2627130800e+01,
5.2628586793e+01,
5.2630498570e+01,
5.2632944897e+01,
5.2636003621e+01,
5.2639748393e+01,
5.2644245155e+01,
5.2649548583e+01,
5.2655698709e+01,
5.2662717950e+01,
5.2670608782e+01,
5.2679352250e+01,
5.2688907454e+01,
5.2699212087e+01,
5.2710184015e+01,
5.2721723804e+01,
5.2733718056e+01,
5.2746043328e+01,
5.2758570418e+01,
5.2771168751e+01,
5.2783710638e+01,
5.2796075168e+01,
5.2808151552e+01,
5.2819841780e+01,
5.2831062498e+01,
5.2841746075e+01,
5.2851840894e+01,
5.2861310945e+01,
5.2870134829e+01,
5.2878304329e+01,
5.2885822678e+01,
5.2892702691e+01,
5.2898964864e+01,
5.2904635558e+01,
5.2909745339e+01,
5.2914327523e+01,
5.2918416949e+01,
5.2922048984e+01,
5.2925258754e+01,
5.2928080578e+01,
5.2930547572e+01,
5.2932691401e+01,
5.2934542148e+01,
5.2936128258e+01,
5.2937476554e+01,
5.2938612278e+01,
5.2939559153e+01,
5.2940339449e+01,
5.2940974031e+01,
5.2941482398e+01,
5.2941882696e+01,
5.2942191709e+01,
5.2942424841e+01,
5.2942596071e+01,
5.2942717920e+01,
5.2942801410e+01,
5.2942856048e+01,
5.2942889820e+01,
5.2942909228e+01,
5.2942919359e+01,
5.2942923988e+01,
5.2942925724e+01,
5.2942926196e+01,
5.2942926266e+01,
5.2942926273e+01,
5.2942926417e+01,
5.2942927390e+01,
5.2942930967e+01,
5.2942940503e+01,
5.2942961365e+01,
5.2943001302e+01,
5.2943070697e+01,
5.2943182706e+01,
5.2943353247e+01,
5.2943600804e+01,
5.2943946032e+01,
5.2944411133e+01,
5.2945019002e+01,
5.2945792140e+01,
5.2946751375e+01,
5.2947914438e+01,
5.2949294497e+01,
5.2950898749e+01,
5.2952727219e+01,
5.2954771894e+01,
5.2957016331e+01,
5.2959435837e+01,
5.2961998244e+01,
5.2964665283e+01,
5.2967394453e+01,
5.2970141215e+01,
5.2972861344e+01,
5.2975513180e+01,
5.2978059607e+01,
5.2980469578e+01,
5.2982719080e+01,
5.2984791531e+01,
5.2986677618e+01,
5.2988374690e+01,
5.2989885819e+01,
5.2991218674e+01,
5.2992384331e+01,
5.2993396129e+01,
5.2994268649e+01,
5.2995016869e+01,
5.2995655494e+01,
5.2996198483e+01,
5.2996658736e+01,
5.2997047919e+01,
5.2997376397e+01,
5.2997653245e+01,
5.2997886320e+01,
5.2998082354e+01,
5.2998247078e+01,
5.2998385339e+01,
5.2998501224e+01,
5.2998598171e+01,
5.2998679069e+01,
5.2998746348e+01,
5.2998802059e+01,
5.2998847933e+01,
5.2998885447e+01,
5.2998915861e+01,
5.2998940264e+01,
5.2998959598e+01,
5.2998974688e+01,
5.2998986256e+01,
5.2998994937e+01,
5.2999001288e+01,
5.2999005794e+01,
5.2999008875e+01,
5.2999010888e+01,
5.2999012132e+01,
5.2999012846e+01,
5.2999013219e+01,
5.2999013389e+01,
5.2999013453e+01,
5.2999013470e+01,
5.2999013473e+01,
5.2999013473e+01,
5.2999013478e+01,
5.2999013517e+01,
5.2999013656e+01,
5.2999014029e+01,
5.2999014844e+01,
5.2999016403e+01,
5.2999019109e+01,
5.2999023467e+01,
5.2999030082e+01,
5.2999039640e+01,
5.2999052879e+01,
5.2999070553e+01,
5.2999093370e+01,
5.2999121930e+01,
5.2999156652e+01,
5.2999197700e+01,
5.2999244918e+01,
5.2999297794e+01,
5.2999355444e+01,
5.2999416648e+01,
5.2999479915e+01,
5.2999543592e+01,
5.2999605995e+01,
5.2999665546e+01,
5.2999720896e+01,
5.2999771018e+01,
5.2999815265e+01,
5.2999853367e+01,
5.2999885404e+01,
5.2999911735e+01,
5.2999932918e+01,
5.2999949621e+01,
5.2999962552e+01,
5.2999972398e+01,
5.2999979786e+01,
5.2999985265e+01,
5.2999989286e+01,
5.2999992214e+01,
5.2999994331e+01,
5.2999995853e+01,
5.2999996948e+01,
5.2999997742e+01,
5.2999998328e+01,
5.2999998772e+01,
5.2999999121e+01,
5.2999999415e+01,
5.3000000000e+01,
5.3000000000e+01,
5.3000000000e+01,
5.2999999584e+01,
5.2999999563e+01,
5.2999999593e+01,
5.3000000000e+01,
5.3000000000e+01,
5.3000000000e+01,
5.3000000000e+01,
5.3000000000e+01,
5.3000000000e+01,
5.3000000000e+01,
5.3000000000e+01,
5.3000000000e+01,
5.3000000000e+01,
5.3000000000e+01,
5.3000000000e+01,
5.3000000000e+01,
5.3000000000e+01,
5.3000000000e+01,
5.3000000000e+01,
5.3000000000e+01,
5.3000000000e+01,
5.3000000000e+01,
5.3000000000e+01,
5.3000000000e+01,
5.3000000000e+01,
