0.0000000000e+00,
1.8258759837e-07,
5.8285571995e-06,
4.4080926003e-05,
1.8470208460e-04,
5.5955725140e-04,
1.3799733365e-03,
2.9513778421e-03,
5.6847184532e-03,
1.0104278613e-02,
1.6851629892e-02,
2.6685587055e-02,
4.0478141872e-02,
5.9206430721e-02,
8.3940824080e-02,
1.1582920500e-01,
1.5607743302e-01,
2.0592589312e-01,
2.6662195173e-01,
3.3938814613e-01,
4.2538609204e-01,
5.2567646070e-01,
6.4117596902e-01,
7.7261309504e-01,
9.2048505316e-01,
1.0850192539e+00,
1.2661428206e+00,
1.4634635647e+00,
1.6762650489e+00,
1.9035170562e+00,
2.1439011249e+00,
2.3958491246e+00,
2.6575914500e+00,
2.9272105881e+00,
3.2026956866e+00,
3.4819942982e+00,
3.7630585185e+00,
4.0438840009e+00,
4.3225415535e+00,
4.5972019667e+00,
4.8661552785e+00,
5.1278258365e+00,
5.3807843462e+00,
5.6237577312e+00,
5.8556372184e+00,
6.0754846987e+00,
6.2825371840e+00,
6.4762090946e+00,
6.6560921346e+00,
6.8219526228e+00,
6.9737262740e+00,
7.1115105423e+00,
7.2355547256e+00,
7.3462480770e+00,
7.4441061875e+00,
7.5297559058e+00,
7.6039190573e+00,
7.6673952225e+00,
7.7210438456e+00,
7.7657659583e+00,
7.8024858282e+00,
7.8321328698e+00,
7.8556241787e+00,
7.8738480698e+00,
7.8876490059e+00,
7.8978143008e+00,
7.9050629524e+00,
7.9100369231e+00,
7.9132951261e+00,
7.9153102984e+00,
7.9164688579e+00,
7.9170737406e+00,
7.9173501189e+00,
7.9174537983e+00,
7.9174820017e+00,
7.9174861644e+00,
7.9174867343e+00,
7.9175001915e+00,
7.9175913665e+00,
7.9179265335e+00,
7.9188199519e+00,
7.9207751067e+00,
7.9245191959e+00,
7.9310293652e+00,
7.9415492936e+00,
7.9575948549e+00,
7.9809477484e+00,
8.0136362264e+00,
8.0579023741e+00,
8.1161558408e+00,
8.1909145024e+00,
8.2847332422e+00,
8.4001228632e+00,
8.5394620428e+00,
8.7049061592e+00,
8.8982976568e+00,
9.1210832647e+00,
9.3742436218e+00,
9.6582404300e+00,
9.9729848473e+00,
1.0317828342e+01,
1.0691574068e+01,
1.1092504115e+01,
1.1518417094e+01,
1.1966672289e+01,
1.2434240064e+01,
1.2917761346e+01,
1.3413619632e+01,
1.3918026630e+01,
1.4427118525e+01,
1.4937056076e+01,
1.5444119874e+01,
1.5944792696e+01,
1.6435823469e+01,
1.6914270883e+01,
1.7377527933e+01,
1.7823330965e+01,
1.8249757767e+01,
1.8655219000e+01,
1.9038446256e+01,
1.9398478757e+01,
1.9734649524e+01,
2.0046571070e+01,
2.0334120271e+01,
2.0597422052e+01,
2.0836831694e+01,
2.1052915751e+01,
2.1246431753e+01,
2.1418306953e+01,
2.1569616347e+01,
2.1701560185e+01,
2.1815441118e+01,
2.1912641067e+01,
2.1994597930e+01,
2.2062782224e+01,
2.2118673845e+01,
2.2163739190e+01,
2.2199408977e+01,
2.2227057176e+01,
2.2247981526e+01,
2.2263386187e+01,
2.2274367033e+01,
2.2281900138e+01,
2.2286833878e+01,
2.2289885030e+01,
2.2291639080e+01,
2.2292554835e+01,
2.2292973247e+01,
2.2293130207e+01,
2.2293172904e+01,
2.2293179206e+01,
2.2293179805e+01,
2.2293192001e+01,
2.2293274634e+01,
2.2293578400e+01,
2.2294388114e+01,
2.2296160079e+01,
2.2299553326e+01,
2.2305453334e+01,
2.2314986965e+01,
2.2329527398e+01,
2.2350688032e+01,
2.2380304514e+01,
2.2420404328e+01,
2.2473163836e+01,
2.2540853119e+01,
2.2625769700e+01,
2.2730162923e+01,
2.2856151623e+01,
2.3005638500e+01,
2.3180225340e+01,
2.3381133737e+01,
2.3609136180e+01,
2.3864502163e+01,
2.4146963265e+01,
2.4455699835e+01,
2.4789350121e+01,
2.5146040590e+01,
2.5523434266e+01,
2.5918792791e+01,
2.6329047864e+01,
2.6750878806e+01,
2.7180794461e+01,
2.7615218622e+01,
2.8050578030e+01,
2.8483390732e+01,
2.8910350899e+01,
2.9328404979e+01,
2.9734813961e+01,
3.0127197679e+01,
3.0503559164e+01,
3.0862289496e+01,
3.1202155726e+01,
3.1522275905e+01,
3.1822085828e+01,
3.2101301899e+01,
3.2359883770e+01,
3.2597999329e+01,
3.2815993550e+01,
3.3014361754e+01,
3.3193727143e+01,
3.3354822007e+01,
3.3498471821e+01,
3.3625581364e+01,
3.3737122110e+01,
3.3834120231e+01,
3.3917644744e+01,
3.3988795451e+01,
3.4048690506e+01,
3.4098453539e+01,
3.4139200390e+01,
3.4172025637e+01,
3.4197989136e+01,
3.4218102934e+01,
3.4233318905e+01,
3.4244517568e+01,
3.4252498490e+01,
3.4257972727e+01,
3.4261557654e+01,
3.4263774516e+01,
3.4265048898e+01,
3.4265714212e+01,
3.4266018194e+01,
3.4266132227e+01,
3.4266163246e+01,
3.4266167825e+01,
3.4266168232e+01,
3.4266176253e+01,
3.4266230594e+01,
3.4266430355e+01,
3.4266962834e+01,
3.4268128088e+01,
3.4270359451e+01,
3.4274239064e+01,
3.4280507549e+01,
3.4290066989e+01,
3.4303976484e+01,
3.4323439664e+01,
3.4349783780e+01,
3.4384430268e+01,
3.4428857117e+01,
3.4484553866e+01,
3.4552970626e+01,
3.4635463174e+01,
3.4733236661e+01,
3.4847290954e+01,
3.4978370737e+01,
3.5126923402e+01,
3.5293067233e+01,
3.5476571610e+01,
3.5676849984e+01,
3.5892965485e+01,
3.6123648417e+01,
3.6367324747e+01,
3.6622155094e+01,
3.6886084284e+01,
3.7156901663e+01,
3.7432311460e+01,
3.7710009953e+01,
3.7987762813e+01,
3.8263473276e+01,
3.8535231899e+01,
3.8801342536e+01,
3.9060325502e+01,
3.9310904634e+01,
3.9551987512e+01,
3.9782646794e+01,
4.0002107091e+01,
4.0209738064e+01,
4.0405051982e+01,
4.0587703066e+01,
4.0757486246e+01,
4.0914333796e+01,
4.1058309237e+01,
4.1189598620e+01,
4.1308499699e+01,
4.1415409739e+01,
4.1510812610e+01,
4.1595265768e+01,
4.1669387488e+01,
4.1733844605e+01,
4.1789340816e+01,
4.1836605562e+01,
4.1876383388e+01,
4.1909423724e+01,
4.1936470994e+01,
4.1958255065e+01,
4.1975482037e+01,
4.1988825504e+01,
4.1998918434e+01,
4.2006345882e+01,
4.2011638783e+01,
4.2015269069e+01,
4.2017646356e+01,
4.2019116398e+01,
4.2019961452e+01,
4.2020402624e+01,
4.2020604195e+01,
4.2020679810e+01,
4.2020700379e+01,
4.2020703415e+01,
4.2020703683e+01,
4.2020708947e+01,
4.2020744606e+01,
4.2020875694e+01,
4.2021225116e+01,
4.2021989772e+01,
4.2023454006e+01,
4.2025999775e+01,
4.2030112952e+01,
4.2036385185e+01,
4.2045510819e+01,
4.2058278431e+01,
4.2075556678e+01,
4.2098274316e+01,
4.2127394511e+01,
4.2163883842e+01,
4.2208676798e+01,
4.2262636913e+01,
4.2326516151e+01,
4.2400914460e+01,
4.2486241788e+01,
4.2582684961e+01,
4.2690181924e+01,
4.2808405608e+01,
4.2936759339e+01,
4.3074385020e+01,
4.3220184524e+01,
4.3372853636e+01,
4.3530926829e+01,
4.3692830090e+01,
4.3856938203e+01,
4.4021632426e+01,
4.4185354541e+01,
4.4346653751e+01,
4.4504223812e+01,
4.4656928952e+01,
4.4803818327e+01,
4.4944129874e+01,
4.5077285155e+01,
4.5202877326e+01,
4.5320654401e+01,
4.5430499919e+01,
4.5532412745e+01,
4.5626487355e+01,
4.5712895516e+01,
4.5791869936e+01,
4.5863690122e+01,
4.5928670469e+01,
4.5987150487e+01,
4.6039486920e+01,
4.6086047528e+01,
4.6127206233e+01,
4.6163339370e+01,
4.6194822774e+01,
4.6222029468e+01,
4.6245327741e+01,
4.6265079441e+01,
4.6281638334e+01,
4.6295348417e+01,
4.6306542130e+01,
4.6315538415e+01,
4.6322640659e+01,
4.6328134535e+01,
4.6332285858e+01,
4.6335338528e+01,
4.6337512707e+01,
4.6339003356e+01,
4.6339979252e+01,
4.6340582616e+01,
4.6340929426e+01,
4.6341110473e+01,
4.6341193190e+01,
4.6341224219e+01,
4.6341232660e+01,
4.6341233906e+01,
4.6341234018e+01,
4.6341236230e+01,
4.6341251220e+01,
4.6341306324e+01,
4.6341453203e+01,
4.6341774608e+01,
4.6342390000e+01,
4.6343459746e+01,
4.6345187592e+01,
4.6347821143e+01,
4.6351650045e+01,
4.6357001638e+01,
4.6364233889e+01,
4.6373725526e+01,
4.6385863452e+01,
4.6401027727e+01,
4.6419574643e+01,
4.6441818669e+01,
4.6468014323e+01,
4.6498339168e+01,
4.6532879260e+01,
4.6571618324e+01,
4.6614431737e+01,
4.6661086074e+01,
4.6711244501e+01,
4.6764477803e+01,
4.6820280316e+01,
4.6878089606e+01,
4.6937308428e+01,
4.6997327376e+01,
4.7057546659e+01,
4.7117395623e+01,
4.7176348955e+01,
4.7233938873e+01,
4.7289763026e+01,
4.7343488208e+01,
4.7394850338e+01,
4.7443651379e+01,
4.7489754000e+01,
4.7533074804e+01,
4.7573576885e+01,
4.7611262305e+01,
4.7646164972e+01,
4.7678344188e+01,
4.7707879042e+01,
4.7734863671e+01,
4.7759403377e+01,
4.7781611514e+01,
4.7801607039e+01,
4.7819512629e+01,
4.7835453242e+01,
4.7849555030e+01,
4.7861944505e+01,
4.7872747884e+01,
4.7882090541e+01,
4.7890096505e+01,
4.7896887965e+01,
4.7902584741e+01,
4.7907303699e+01,
4.7911158108e+01,
4.7914256918e+01,
4.7916703997e+01,
4.7918597333e+01,
4.7920028234e+01,
4.7921080583e+01,
4.7921830160e+01,
4.7922344115e+01,
4.7922680605e+01,
4.7922888652e+01,
4.7923008238e+01,
4.7923070667e+01,
4.7923099190e+01,
4.7923109890e+01,
4.7923112800e+01,
4.7923113230e+01,
4.7923113269e+01,
4.7923114064e+01,
4.7923119450e+01,
4.7923139249e+01,
4.7923192022e+01,
4.7923307501e+01,
4.7923528611e+01,
4.7923912973e+01,
4.7924533804e+01,
4.7925480086e+01,
4.7926855936e+01,
4.7928779053e+01,
4.7931378210e+01,
4.7934789755e+01,
4.7939153150e+01,
4.7944605664e+01,
4.7951276413e+01,
4.7959280037e+01,
4.7968710384e+01,
4.7979634643e+01,
4.7992088379e+01,
4.8006071904e+01,
4.8021548347e+01,
4.8038443622e+01,
4.8056648370e+01,
4.8076021728e+01,
4.8096396638e+01,
4.8117586269e+01,
4.8139391049e+01,
4.8161605785e+01,
4.8184026415e+01,
4.8206455992e+01,
4.8228709649e+01,
4.8250618393e+01,
4.8272031708e+01,
4.8292819035e+01,
4.8312870259e+01,
4.8332095396e+01,
4.8350423659e+01,
4.8367802084e+01,
4.8384193912e+01,
4.8399576823e+01,
4.8413941172e+01,
4.8427288274e+01,
4.8439628818e+01,
4.8450981419e+01,
4.8461371337e+01,
4.8470829364e+01,
4.8479390857e+01,
4.8487094924e+01,
4.8493983726e+01,
4.8500101881e+01,
4.8505495948e+01,
4.8510213972e+01,
4.8514305062e+01,
4.8517818993e+01,
4.8520805811e+01,
4.8523315432e+01,
4.8525397232e+01,
4.8527099614e+01,
4.8528469567e+01,
4.8529552216e+01,
4.8530390372e+01,
4.8531024103e+01,
4.8531490335e+01,
4.8531822509e+01,
4.8532050308e+01,
4.8532199466e+01,
4.8532291696e+01,
4.8532344712e+01,
4.8532372389e+01,
4.8532385035e+01,
4.8532389779e+01,
4.8532391069e+01,
4.8532391260e+01,
4.8532391278e+01,
4.8532391648e+01,
4.8532394161e+01,
4.8532403395e+01,
4.8532428011e+01,
4.8532481877e+01,
4.8532585019e+01,
4.8532764323e+01,
4.8533053968e+01,
4.8533495521e+01,
4.8534137666e+01,
4.8535035531e+01,
4.8536249574e+01,
4.8537844037e+01,
4.8539884962e+01,
4.8542437836e+01,
4.8545564926e+01,
4.8549322448e+01,
4.8553757704e+01,
4.8558906392e+01,
4.8564790267e+01,
4.8571415356e+01,
4.8578770883e+01,
4.8586828999e+01,
4.8595545380e+01,
4.8604860637e+01,
4.8614702439e+01,
4.8624988176e+01,
4.8635627957e+01,
4.8646527716e+01,
4.8657592217e+01,
4.8668727781e+01,
4.8679844607e+01,
4.8690858615e+01,
4.8701692800e+01,
4.8712278114e+01,
4.8722553946e+01,
4.8732468263e+01,
4.8741977512e+01,
4.8751046320e+01,
4.8759647090e+01,
4.8767759503e+01,
4.8775369983e+01,
4.8782471127e+01,
4.8789061126e+01,
4.8795143188e+01,
4.8800724965e+01,
4.8805818004e+01,
4.8810437212e+01,
4.8814600365e+01,
4.8818327641e+01,
4.8821641199e+01,
4.8824564787e+01,
4.8827123391e+01,
4.8829342912e+01,
4.8831249858e+01,
4.8832871071e+01,
4.8834233444e+01,
4.8835363663e+01,
4.8836287940e+01,
4.8837031752e+01,
4.8837619580e+01,
4.8838074663e+01,
4.8838418752e+01,
4.8838671896e+01,
4.8838852252e+01,
4.8838975936e+01,
4.8839056923e+01,
4.8839106999e+01,
4.8839135784e+01,
4.8839150812e+01,
4.8839157678e+01,
4.8839160253e+01,
4.8839160954e+01,
4.8839161057e+01,
4.8839161068e+01,
4.8839161281e+01,
4.8839162724e+01,
4.8839168031e+01,
4.8839182177e+01,
4.8839213133e+01,
4.8839272404e+01,
4.8839375440e+01,
4.8839541876e+01,
4.8839795581e+01,
4.8840164500e+01,
4.8840680248e+01,
4.8841377457e+01,
4.8842292847e+01,
4.8843464059e+01,
4.8844928232e+01,
4.8846720408e+01,
4.8848871804e+01,
4.8851408047e+01,
4.8854347485e+01,
4.8857699679e+01,
4.8861464199e+01,
4.8865629836e+01,
4.8870174299e+01,
4.8875064472e+01,
4.8880257223e+01,
4.8885700754e+01,
4.8891336406e+01,
4.8897100827e+01,
4.8902928345e+01,
4.8908753409e+01,
4.8914512938e+01,
4.8920148421e+01,
4.8925607657e+01,
4.8930846047e+01,
4.8935827388e+01,
4.8940524190e+01,
4.8944917526e+01,
4.8948996515e+01,
4.8952757513e+01,
4.8956203110e+01,
4.8959341038e+01,
4.8962183061e+01,
4.8964743917e+01,
4.8967040363e+01,
4.8969090347e+01,
4.8970912326e+01,
4.8972524723e+01,
4.8973945520e+01,
4.8975191968e+01,
4.8976280404e+01,
4.8977226146e+01,
4.8978043454e+01,
4.8978745536e+01,
4.8979344593e+01,
4.8979851878e+01,
4.8980277768e+01,
4.8980631836e+01,
4.8980922917e+01,
4.8981159173e+01,
4.8981348133e+01,
4.8981496730e+01,
4.8981611324e+01,
4.8981697710e+01,
4.8981761122e+01,
4.8981806227e+01,
4.8981837123e+01,
4.8981857339e+01,
4.8981869832e+01,
4.8981877011e+01,
4.8981880759e+01,
4.8981882471e+01,
4.8981883113e+01,
4.8981883288e+01,
4.8981883314e+01,
4.8981883316e+01,
4.8981883373e+01,
4.8981883755e+01,
4.8981885161e+01,
4.8981888909e+01,
4.8981897109e+01,
4.8981912803e+01,
4.8981940066e+01,
4.8981984056e+01,
4.8982050992e+01,
4.8982148072e+01,
4.8982283283e+01,
4.8982465128e+01,
4.8982702244e+01,
4.8983002923e+01,
4.8983374550e+01,
4.8983822999e+01,
4.8984352013e+01,
4.8984962643e+01,
4.8985652810e+01,
4.8986417044e+01,
4.8987246463e+01,
4.8988129030e+01,
4.8989050077e+01,
4.8989993074e+01,
4.8990940572e+01,
4.8991875228e+01,
4.8992780806e+01,
4.8993643052e+01,
4.8994450359e+01,
4.8995194166e+01,
4.8995869081e+01,
4.8996472743e+01,
4.8997005485e+01,
4.8997469859e+01,
4.8997870103e+01,
4.8998211610e+01,
4.8998500433e+01,
4.8998742870e+01,
4.8998945119e+01,
4.8999113033e+01,
4.8999251957e+01,
4.8999366654e+01,
4.8999461287e+01,
4.8999539442e+01,
4.8999604172e+01,
4.8999658043e+01,
4.8999703184e+01,
4.8999741335e+01,
4.8999773908e+01,
4.8999802029e+01,
4.8999826586e+01,
4.8999848266e+01,
4.8999867590e+01,
4.8999884943e+01,
4.8999900598e+01,
4.8999914749e+01,
4.8999927528e+01,
4.8999939026e+01,
4.8999949311e+01,
4.8999958435e+01,
4.8999966448e+01,
4.8999973401e+01,
4.8999979347e+01,
4.8999984350e+01,
4.8999988477e+01,
4.8999991805e+01,
4.8999994414e+01,
4.8999996391e+01,
4.8999997826e+01,
4.8999998809e+01,
4.8999999431e+01,
4.9000000000e+01,
4.9000000000e+01,
4.9000000000e+01,
