0.0000000000e+00,
3.5013870558e-07,
1.1177123895e-05,
8.4531745401e-05,
3.5419414711e-04,
1.0730385538e-03,
2.6463308791e-03,
5.6598290427e-03,
1.0901748666e-02,
1.9377884829e-02,
3.2319422666e-02,
5.1183193488e-02,
7.7644296497e-02,
1.1358106236e-01,
1.6105224636e-01,
2.2226609787e-01,
2.9954060702e-01,
3.9525390265e-01,
5.1178366949e-01,
6.5143481824e-01,
8.1635570069e-01,
1.0084450041e+00,
1.2292539268e+00,
1.4798908674e+00,
1.7609379307e+00,
2.0723892526e+00,
2.4136198504e+00,
2.7833902818e+00,
3.1798873522e+00,
3.6007955501e+00,
4.0433892367e+00,
4.5046331155e+00,
4.9812788467e+00,
5.4699486928e+00,
5.9672018598e+00,
6.4695843296e+00,
6.9736670325e+00,
7.4760791393e+00,
7.9735426744e+00,
8.4629119673e+00,
8.9412177337e+00,
9.4057122429e+00,
9.8539103519e+00,
1.0283621684e+01,
1.0692971416e+01,
1.1080409811e+01,
1.1444712619e+01,
1.1784975152e+01,
1.2100602484e+01,
1.2391297283e+01,
1.2657045898e+01,
1.2898102723e+01,
1.3114972586e+01,
1.3308390924e+01,
1.3479301619e+01,
1.3628832522e+01,
1.3758268858e+01,
1.3869024817e+01,
1.3962613754e+01,
1.4040617477e+01,
1.4104655195e+01,
1.4156352739e+01,
1.4197312711e+01,
1.4229086259e+01,
1.4253147171e+01,
1.4270868975e+01,
1.4283505682e+01,
1.4292176740e+01,
1.4297856654e+01,
1.4301369607e+01,
1.4303389259e+01,
1.4304443715e+01,
1.4304925508e+01,
1.4305106246e+01,
1.4305155411e+01,
1.4305162668e+01,
1.4305163661e+01,
1.4305187120e+01,
1.4305346060e+01,
1.4305930334e+01,
1.4307487769e+01,
1.4310896043e+01,
1.4317422775e+01,
1.4328771197e+01,
1.4347108913e+01,
1.4375077521e+01,
1.4415781081e+01,
1.4472751912e+01,
1.4549892734e+01,
1.4651395036e+01,
1.4781634614e+01,
1.4945046483e+01,
1.5145982802e+01,
1.5388558833e+01,
1.5676493214e+01,
1.6012949703e+01,
1.6400388109e+01,
1.6840432333e+01,
1.7333763449e+01,
1.7880045574e+01,
1.8477891656e+01,
1.9124874604e+01,
1.9817585811e+01,
2.0551737862e+01,
2.1322302089e+01,
2.2123666413e+01,
2.2949797104e+01,
2.3794390943e+01,
2.4651011436e+01,
2.5513211126e+01,
2.6374647672e+01,
2.7229200526e+01,
2.8071087903e+01,
2.8894974461e+01,
2.9696055483e+01,
3.0470107157e+01,
3.1213502500e+01,
3.1923201823e+01,
3.2596730087e+01,
3.3232150833e+01,
3.3828041044e+01,
3.4383466989e+01,
3.4897959217e+01,
3.5371484965e+01,
3.5804417264e+01,
3.6197501025e+01,
3.6551816975e+01,
3.6868744420e+01,
3.7149923656e+01,
3.7397218543e+01,
3.7612679456e+01,
3.7798506614e+01,
3.7957013677e+01,
3.8090591516e+01,
3.8201672113e+01,
3.8292692696e+01,
3.8366060407e+01,
3.8424117935e+01,
3.8469110760e+01,
3.8503156745e+01,
3.8528218955e+01,
3.8546082562e+01,
3.8558336724e+01,
3.8566362183e+01,
3.8571325217e+01,
3.8574178332e+01,
3.8575667875e+01,
3.8576348450e+01,
3.8576603756e+01,
3.8576673205e+01,
3.8576683456e+01,
3.8576684429e+01,
3.8576704267e+01,
3.8576838675e+01,
3.8577332769e+01,
3.8578649814e+01,
3.8581531993e+01,
3.8587051171e+01,
3.8596647382e+01,
3.8612152879e+01,
3.8635799763e+01,
3.8670209365e+01,
3.8718361951e+01,
3.8783545765e+01,
3.8869285134e+01,
3.8979248311e+01,
3.9117136870e+01,
3.9286559857e+01,
3.9490897361e+01,
3.9733159644e+01,
4.0015849237e+01,
4.0340834289e+01,
4.0709241700e+01,
4.1121377991e+01,
4.1576684277e+01,
4.2073729068e+01,
4.2610239100e+01,
4.3183164452e+01,
4.3788770557e+01,
4.4422747365e+01,
4.5080325883e+01,
4.5756394806e+01,
4.6445614623e+01,
4.7142531411e+01,
4.7841695003e+01,
4.8537783957e+01,
4.9225732877e+01,
4.9900849472e+01,
5.0558905158e+01,
5.1196187550e+01,
5.1809514301e+01,
5.2396218618e+01,
5.2954121407e+01,
5.3481502277e+01,
5.3977075102e+01,
5.4439967920e+01,
5.4869703924e+01,
5.5266180138e+01,
5.5629641745e+01,
5.5960651764e+01,
5.6260057042e+01,
5.6528952172e+01,
5.6768642975e+01,
5.6980610905e+01,
5.7166479271e+01,
5.7327981667e+01,
5.7466932670e+01,
5.7585200541e+01,
5.7684681588e+01,
5.7767275803e+01,
5.7834863471e+01,
5.7889282583e+01,
5.7932307082e+01,
5.7965626134e+01,
5.7990824796e+01,
5.8009366608e+01,
5.8022578702e+01,
5.8031640083e+01,
5.8037573691e+01,
5.8041242765e+01,
5.8043351901e+01,
5.8044452997e+01,
5.8044956083e+01,
5.8045144805e+01,
5.8045196142e+01,
5.8045203719e+01,
5.8045204394e+01,
5.8045217668e+01,
5.8045307601e+01,
5.8045638201e+01,
5.8046519435e+01,
5.8048447863e+01,
5.8052140533e+01,
5.8058560558e+01,
5.8068932830e+01,
5.8084748440e+01,
5.8107756402e+01,
5.8139941552e+01,
5.8183487758e+01,
5.8240726066e+01,
5.8314068066e+01,
5.8405925588e+01,
5.8518618829e+01,
5.8654276152e+01,
5.8814729883e+01,
5.9001413551e+01,
5.9215266838e+01,
5.9456655023e+01,
5.9725309735e+01,
6.0020297187e+01,
6.0340018721e+01,
6.0682246318e+01,
6.1044192882e+01,
6.1422613734e+01,
6.1813932377e+01,
6.2214380677e+01,
6.2620141882e+01,
6.3027484708e+01,
6.3432878314e+01,
6.3833081092e+01,
6.4225200158e+01,
6.4606722455e+01,
6.4975521612e+01,
6.5329846656e+01,
6.5668299093e+01,
6.5989804106e+01,
6.6293580035e+01,
6.6579108566e+01,
6.6846106609e+01,
6.7094499915e+01,
6.7324398158e+01,
6.7536071250e+01,
6.7729926890e+01,
6.7906489584e+01,
6.8066381414e+01,
6.8210304840e+01,
6.8339027583e+01,
6.8453369548e+01,
6.8554191512e+01,
6.8642385237e+01,
6.8718864628e+01,
6.8784557540e+01,
6.8840397899e+01,
6.8887317875e+01,
6.8926239925e+01,
6.8958068617e+01,
6.8983682247e+01,
6.9003924348e+01,
6.9019595273e+01,
6.9031444111e+01,
6.9040161251e+01,
6.9046371923e+01,
6.9050631074e+01,
6.9053419904e+01,
6.9055144325e+01,
6.9056135571e+01,
6.9056653055e+01,
6.9056889489e+01,
6.9056978182e+01,
6.9057002309e+01,
6.9057005870e+01,
6.9057006185e+01,
6.9057012359e+01,
6.9057054186e+01,
6.9057207945e+01,
6.9057617796e+01,
6.9058514677e+01,
6.9060232045e+01,
6.9063217733e+01,
6.9068041169e+01,
6.9075395272e+01,
6.9086092345e+01,
6.9101053415e+01,
6.9121290619e+01,
6.9147882504e+01,
6.9181942452e+01,
6.9224580935e+01,
6.9276862816e+01,
6.9339761502e+01,
6.9414112315e+01,
6.9500567844e+01,
6.9599558286e+01,
6.9711259673e+01,
6.9835572496e+01,
6.9972112472e+01,
7.0120214186e+01,
7.0278947262e+01,
7.0447143644e+01,
7.0623433842e+01,
7.0806289570e+01,
7.0994070241e+01,
7.1185071007e+01,
7.1377570437e+01,
7.1569876202e+01,
7.1760367311e+01,
7.1947531521e+01,
7.2129996619e+01,
7.2306554484e+01,
7.2476177205e+01,
7.2638025055e+01,
7.2791446700e+01,
7.2935972567e+01,
7.3071302662e+01,
7.3197290398e+01,
7.3313923960e+01,
7.3421306658e+01,
7.3519637462e+01,
7.3609192626e+01,
7.3690309017e+01,
7.3763369501e+01,
7.3828790518e+01,
7.3887011771e+01,
7.3938487882e+01,
7.3983681739e+01,
7.4023059259e+01,
7.4057085241e+01,
7.4086220023e+01,
7.4110916677e+01,
7.4131618495e+01,
7.4148756601e+01,
7.4162747541e+01,
7.4173990796e+01,
7.4182866179e+01,
7.4189731169e+01,
7.4194918254e+01,
7.4198732408e+01,
7.4201448847e+01,
7.4203311235e+01,
7.4204530483e+01,
7.4205284296e+01,
7.4205717580e+01,
7.4205943768e+01,
7.4206047110e+01,
7.4206085876e+01,
7.4206096422e+01,
7.4206097978e+01,
7.4206098118e+01,
7.4206100882e+01,
7.4206119609e+01,
7.4206188452e+01,
7.4206371953e+01,
7.4206773493e+01,
7.4207542316e+01,
7.4208878758e+01,
7.4211037333e+01,
7.4214327300e+01,
7.4219110359e+01,
7.4225795155e+01,
7.4234828346e+01,
7.4246682134e+01,
7.4261838343e+01,
7.4280769367e+01,
7.4303916666e+01,
7.4331667751e+01,
7.4364332986e+01,
7.4402123743e+01,
7.4445133619e+01,
7.4493324403e+01,
7.4546518256e+01,
7.4604397192e+01,
7.4666510326e+01,
7.4732288690e+01,
7.4801066704e+01,
7.4872108726e+01,
7.4944638687e+01,
7.5017870533e+01,
7.5091037289e+01,
7.5163416807e+01,
7.5234352760e+01,
7.5303270001e+01,
7.5369684037e+01,
7.5433204857e+01,
7.5493535824e+01,
7.5550468561e+01,
7.5603874927e+01,
7.5653697147e+01,
7.5699937074e+01,
7.5742645384e+01,
7.5781911318e+01,
7.5817853390e+01,
7.5850611302e+01,
7.5880339163e+01,
7.5907199989e+01,
7.5931361412e+01,
7.5952992436e+01,
7.5972261096e+01,
7.5989332844e+01,
7.6004369500e+01,
7.6017528626e+01,
7.6028963185e+01,
7.6038821383e+01,
7.6047246589e+01,
7.6054377277e+01,
7.6060346921e+01,
7.6065283807e+01,
7.6069310750e+01,
7.6072544696e+01,
7.6075096234e+01,
7.6077069021e+01,
7.6078559177e+01,
7.6079654667e+01,
7.6080434748e+01,
7.6080969510e+01,
7.6081319575e+01,
7.6081535996e+01,
7.6081660389e+01,
7.6081725325e+01,
7.6081754993e+01,
7.6081766122e+01,
7.6081769150e+01,
7.6081769596e+01,
7.6081769638e+01,
7.6081770464e+01,
7.6081776066e+01,
7.6081796660e+01,
7.6081851550e+01,
7.6081971660e+01,
7.6082201623e+01,
7.6082601335e+01,
7.6083246855e+01,
7.6084230523e+01,
7.6085660193e+01,
7.6087657475e+01,
7.6090354897e+01,
7.6093891974e+01,
7.6098410213e+01,
7.6104047189e+01,
7.6110929929e+01,
7.6119167965e+01,
7.6128846514e+01,
7.6140020300e+01,
7.6152708599e+01,
7.6166891986e+01,
7.6182511182e+01,
7.6199468220e+01,
7.6217629881e+01,
7.6236833164e+01,
7.6256892305e+01,
7.6277606728e+01,
7.6298769255e+01,
7.6320173900e+01,
7.6341622729e+01,
7.6362931386e+01,
7.6383933113e+01,
7.6404481238e+01,
7.6424450278e+01,
7.6443735894e+01,
7.6462253965e+01,
7.6479939076e+01,
7.6496742680e+01,
7.6512631126e+01,
7.6527583721e+01,
7.6541590908e+01,
7.6554652635e+01,
7.6566776918e+01,
7.6577978606e+01,
7.6588278325e+01,
7.6597701591e+01,
7.6606278050e+01,
7.6614040839e+01,
7.6621026033e+01,
7.6627272168e+01,
7.6632819811e+01,
7.6637711180e+01,
7.6641989784e+01,
7.6645700075e+01,
7.6648887111e+01,
7.6651596207e+01,
7.6653872576e+01,
7.6655760954e+01,
7.6657305212e+01,
7.6658547948e+01,
7.6659530077e+01,
7.6660290425e+01,
7.6660865331e+01,
7.6661288289e+01,
7.6661589635e+01,
7.6661796292e+01,
7.6661931608e+01,
7.6662015278e+01,
7.6662063374e+01,
7.6662088483e+01,
7.6662099955e+01,
7.6662104259e+01,
7.6662105429e+01,
7.6662105602e+01,
7.6662105618e+01,
7.6662105955e+01,
7.6662108234e+01,
7.6662116612e+01,
7.6662138943e+01,
7.6662187810e+01,
7.6662281380e+01,
7.6662444046e+01,
7.6662706814e+01,
7.6663107395e+01,
7.6663689960e+01,
7.6664504527e+01,
7.6665605955e+01,
7.6667052540e+01,
7.6668904222e+01,
7.6671220442e+01,
7.6674057726e+01,
7.6677467106e+01,
7.6681491505e+01,
7.6686163265e+01,
7.6691501969e+01,
7.6697512744e+01,
7.6704185166e+01,
7.6711492882e+01,
7.6719393975e+01,
7.6727832060e+01,
7.6736738043e+01,
7.6746032416e+01,
7.6755627933e+01,
7.6765432505e+01,
7.6775352144e+01,
7.6785293801e+01,
7.6795167962e+01,
7.6804890907e+01,
7.6814386542e+01,
7.6823587778e+01,
7.6832437430e+01,
7.6840888654e+01,
7.6848904967e+01,
7.6856459898e+01,
7.6863536344e+01,
7.6870125712e+01,
7.6876226911e+01,
7.6881845280e+01,
7.6886991499e+01,
7.6891680551e+01,
7.6895930753e+01,
7.6899762897e+01,
7.6903199503e+01,
7.6906264196e+01,
7.6908981201e+01,
7.6911374944e+01,
7.6913469746e+01,
7.6915289596e+01,
7.6916857987e+01,
7.6918197797e+01,
7.6919331205e+01,
7.6920279612e+01,
7.6921063589e+01,
7.6921702805e+01,
7.6922215962e+01,
7.6922620713e+01,
7.6922933580e+01,
7.6923169859e+01,
7.6923343535e+01,
7.6923467193e+01,
7.6923551956e+01,
7.6923607441e+01,
7.6923641742e+01,
7.6923661457e+01,
7.6923671749e+01,
7.6923676451e+01,
7.6923678215e+01,
7.6923678695e+01,
7.6923678766e+01,
7.6923678773e+01,
7.6923678918e+01,
7.6923679907e+01,
7.6923683541e+01,
7.6923693229e+01,
7.6923714425e+01,
7.6923755005e+01,
7.6923825532e+01,
7.6923939408e+01,
7.6924112887e+01,
7.6924364910e+01,
7.6924716772e+01,
7.6925191561e+01,
7.6925813408e+01,
7.6926606511e+01,
7.6927593985e+01,
7.6928796569e+01,
7.6930231263e+01,
7.6931909975e+01,
7.6933838306e+01,
7.6936014565e+01,
7.6938429134e+01,
7.6941064284e+01,
7.6943894478e+01,
7.6946887198e+01,
7.6950004235e+01,
7.6953203372e+01,
7.6956440311e+01,
7.6959670705e+01,
7.6962852107e+01,
7.6965945703e+01,
7.6968917701e+01,
7.6971740288e+01,
7.6974392150e+01,
7.6976858547e+01,
7.6979131013e+01,
7.6981206761e+01,
7.6983087884e+01,
7.6984780449e+01,
7.6986293558e+01,
7.6987638462e+01,
7.6988827755e+01,
7.6989874691e+01,
7.6990792626e+01,
7.6991594599e+01,
7.6992293021e+01,
7.6992899477e+01,
7.6993424612e+01,
7.6993878083e+01,
7.6994268566e+01,
7.6994603789e+01,
7.6994890601e+01,
7.6995135047e+01,
7.6995342450e+01,
7.6995517498e+01,
7.6995664324e+01,
7.6995786582e+01,
7.6995887512e+01,
7.6995969999e+01,
7.6996036624e+01,
7.6996089700e+01,
7.6996131306e+01,
7.6996163311e+01,
7.6996187392e+01,
7.6996205043e+01,
7.6996217586e+01,
7.6996226171e+01,
7.6996231785e+01,
7.6996235254e+01,
7.6996237247e+01,
7.6996238287e+01,
7.6996238762e+01,
7.6996238941e+01,
7.6996238989e+01,
7.6996238996e+01,
7.6996238997e+01,
7.6996239013e+01,
7.6996239119e+01,
7.6996239509e+01,
7.6996240549e+01,
7.6996242824e+01,
7.6996247178e+01,
7.6996254738e+01,
7.6996266927e+01,
7.6996285455e+01,
7.6996312284e+01,
7.6996349566e+01,
7.6996399550e+01,
7.6996464455e+01,
7.6996546313e+01,
7.6996646790e+01,
7.6996767001e+01,
7.6996907323e+01,
7.6997067259e+01,
7.6997245338e+01,
7.6997439104e+01,
7.6997645191e+01,
7.6997859495e+01,
7.6998077419e+01,
7.6998294180e+01,
7.6998505139e+01,
7.6998706106e+01,
7.6998893593e+01,
7.6999064995e+01,
7.6999218662e+01,
7.6999353891e+01,
7.6999470824e+01,
7.6999570294e+01,
7.6999653642e+01,
7.6999722523e+01,
7.6999778743e+01,
7.6999824131e+01,
7.6999860439e+01,
7.6999889280e+01,
7.6999912075e+01,
7.6999930034e+01,
7.6999944157e+01,
7.6999955273e+01,
7.6999964086e+01,
7.6999971207e+01,
7.6999977145e+01,
7.6999982273e+01,
7.6999986808e+01,
7.6999990818e+01,
7.6999994274e+01,
7.6999997130e+01,
7.6999999525e+01,
7.6999998790e+01,
7.6999998829e+01,
7.6999999297e+01,
7.7000000000e+01,
7.6999999478e+01,
7.6999999466e+01,
7.7000000000e+01,
7.7000000000e+01,
7.7000000000e+01,
7.6999999556e+01,
7.6999999535e+01,
7.6999999568e+01,
7.7000000000e+01,
7.7000000000e+01,
7.7000000000e+01,
7.7000000000e+01,
7.7000000000e+01,
7.7000000000e+01,
7.7000000000e+01,
7.7000000000e+01,
7.7000000000e+01,
7.7000000000e+01,
7.7000000000e+01,
