0.0000000000e+00,
4.5285499795e-08,
1.4456018000e-06,
1.0932970198e-05,
4.5809824201e-05,
1.3878089710e-04,
3.4225690270e-04,
7.3198027450e-04,
1.4098453916e-03,
2.5058123463e-03,
4.1788431966e-03,
6.6168212209e-03,
1.0035445060e-02,
1.4676118707e-02,
2.0802883097e-02,
2.8698453876e-02,
3.8659441979e-02,
5.0990839134e-02,
6.5999851086e-02,
8.3989160318e-02,
1.0524970180e-01,
1.3005304451e-01,
1.5864349251e-01,
1.9123005444e-01,
2.2797847884e-01,
2.6900360951e-01,
3.1436237258e-01,
3.6404775263e-01,
4.1798413735e-01,
4.7602439844e-01,
5.3794902312e-01,
6.0346751749e-01,
6.7222217474e-01,
7.4379415282e-01,
8.1771165387e-01,
8.9345986030e-01,
9.7049217568e-01,
1.0482422547e+00,
1.1261362884e+00,
1.2036050373e+00,
1.2800951707e+00,
1.3550795556e+00,
1.4280662420e+00,
1.4986059909e+00,
1.5662982805e+00,
1.6307958027e+00,
1.6918075149e+00,
1.7491003489e+00,
1.8024996991e+00,
1.8518888149e+00,
1.8972072236e+00,
1.9384482975e+00,
1.9756560715e+00,
2.0089214066e+00,
2.0383775883e+00,
2.0641954430e+00,
2.0865780576e+00,
2.1057551878e+00,
2.1219774470e+00,
2.1355103749e+00,
2.1466284921e+00,
2.1556094543e+00,
2.1627284272e+00,
2.1682528029e+00,
2.1724373815e+00,
2.1755201341e+00,
2.1777186556e+00,
2.1792273982e+00,
2.1802157599e+00,
2.1808270770e+00,
2.1811785424e+00,
2.1813620445e+00,
2.1814458894e+00,
2.1814773427e+00,
2.1814858988e+00,
2.1814871616e+00,
2.1814873345e+00,
2.1814914171e+00,
2.1815190769e+00,
2.1816207574e+00,
2.1818917982e+00,
2.1824849557e+00,
2.1836208892e+00,
2.1855961805e+00,
2.1887884903e+00,
2.1936585050e+00,
2.2007483883e+00,
2.2106765213e+00,
2.2241284105e+00,
2.2418437544e+00,
2.2645998027e+00,
2.2931913018e+00,
2.3284075155e+00,
2.3710070131e+00,
2.4216911325e+00,
2.4810772338e+00,
2.5496730270e+00,
2.6278533686e+00,
2.7158409203e+00,
2.8136919327e+00,
2.9212881273e+00,
3.0383352085e+00,
3.1643679918e+00,
3.2987615562e+00,
3.4407473328e+00,
3.5894327121e+00,
3.7438226834e+00,
3.9028422038e+00,
4.0653583839e+00,
4.2302020562e+00,
4.3961887069e+00,
4.5621389785e+00,
4.7268989151e+00,
4.8893598475e+00,
5.0484774083e+00,
5.2032888094e+00,
5.3529273511e+00,
5.4966332740e+00,
5.6337604597e+00,
5.7637790179e+00,
5.8862742806e+00,
6.0009430312e+00,
6.1075878764e+00,
6.2061105522e+00,
6.2965047448e+00,
6.3788487648e+00,
6.4532982209e+00,
6.5200787062e+00,
6.5794784420e+00,
6.6318408033e+00,
6.6775566598e+00,
6.7170564926e+00,
6.7508022798e+00,
6.7792791786e+00,
6.8029870668e+00,
6.8224320380e+00,
6.8381179786e+00,
6.8505383769e+00,
6.8601685431e+00,
6.8674584280e+00,
6.8728262387e+00,
6.8766530452e+00,
6.8792785560e+00,
6.8809982156e+00,
6.8820617387e+00,
6.8826731525e+00,
6.8829923638e+00,
6.8831382137e+00,
6.8831929269e+00,
6.8832078103e+00,
6.8832100070e+00,
6.8832102155e+00,
6.8832144670e+00,
6.8832432713e+00,
6.8833491585e+00,
6.8836314114e+00,
6.8842490974e+00,
6.8854319722e+00,
6.8874887895e+00,
6.8908125844e+00,
6.8958825439e+00,
6.9032621309e+00,
6.9135932087e+00,
6.9275860118e+00,
6.9460049476e+00,
6.9696503871e+00,
6.9993368086e+00,
7.0358678965e+00,
7.0800094363e+00,
7.1324610786e+00,
7.1938282255e+00,
7.2645953947e+00,
7.3451024203e+00,
7.4355247284e+00,
7.5358587084e+00,
7.6459129054e+00,
7.7653054461e+00,
7.8934678202e+00,
8.0296549159e+00,
8.1729610255e+00,
8.3223413810e+00,
8.4766385770e+00,
8.6346129779e+00,
8.7949758837e+00,
8.9564239128e+00,
9.1176728370e+00,
9.2774890515e+00,
9.4347170284e+00,
9.5883014813e+00,
9.7373034875e+00,
9.8809104018e+00,
1.0018439936e+01,
1.0149339201e+01,
1.0273179785e+01,
1.0389650017e+01,
1.0498545533e+01,
1.0599759080e+01,
1.0693270300e+01,
1.0779135969e+01,
1.0857480977e+01,
1.0928490148e+01,
1.0992400848e+01,
1.1049496281e+01,
1.1100099306e+01,
1.1144566594e+01,
1.1183282981e+01,
1.1216655873e+01,
1.1245109612e+01,
1.1269079748e+01,
1.1289007201e+01,
1.1305332340e+01,
1.1318489046e+01,
1.1328898856e+01,
1.1336965324e+01,
1.1343068740e+01,
1.1347561386e+01,
1.1350763484e+01,
1.1352960014e+01,
1.1354398531e+01,
1.1355288116e+01,
1.1355799511e+01,
1.1356066497e+01,
1.1356188483e+01,
1.1356234244e+01,
1.1356246692e+01,
1.1356248529e+01,
1.1356248693e+01,
1.1356251912e+01,
1.1356273718e+01,
1.1356353882e+01,
1.1356567565e+01,
1.1357035185e+01,
1.1357930652e+01,
1.1359487631e+01,
1.1362003458e+01,
1.1365840425e+01,
1.1371424129e+01,
1.1379238672e+01,
1.1389818565e+01,
1.1403737314e+01,
1.1421592808e+01,
1.1443989828e+01,
1.1471520200e+01,
1.1504741369e+01,
1.1544154342e+01,
1.1590182184e+01,
1.1643150275e+01,
1.1703269585e+01,
1.1770624017e+01,
1.1845162639e+01,
1.1926697191e+01,
1.2014904827e+01,
1.2109335570e+01,
1.2209423616e+01,
1.2314501431e+01,
1.2423815551e+01,
1.2536543279e+01,
1.2651809807e+01,
1.2768705739e+01,
1.2886305326e+01,
1.3003685784e+01,
1.3119947827e+01,
1.3234236975e+01,
1.3345764403e+01,
1.3453825499e+01,
1.3557814073e+01,
1.3657230551e+01,
1.3751683474e+01,
1.3840884862e+01,
1.3924640978e+01,
1.4002840606e+01,
1.4075442814e+01,
1.4142465710e+01,
1.4203976976e+01,
1.4260086387e+01,
1.4310940075e+01,
1.4356716118e+01,
1.4397620977e+01,
1.4433886364e+01,
1.4465766237e+01,
1.4493533706e+01,
1.4517477724e+01,
1.4537899527e+01,
1.4555108799e+01,
1.4569419623e+01,
1.4581146256e+01,
1.4590598836e+01,
1.4598079100e+01,
1.4603876242e+01,
1.4608263037e+01,
1.4611492346e+01,
1.4613794139e+01,
1.4615373152e+01,
1.4616407282e+01,
1.4617046804e+01,
1.4617414448e+01,
1.4617606387e+01,
1.4617694085e+01,
1.4617726983e+01,
1.4617735932e+01,
1.4617737253e+01,
1.4617737369e+01,
1.4617739659e+01,
1.4617755174e+01,
1.4617812207e+01,
1.4617964233e+01,
1.4618296927e+01,
1.4618934025e+01,
1.4620041792e+01,
1.4621831827e+01,
1.4624562013e+01,
1.4628535408e+01,
1.4634096922e+01,
1.4641627706e+01,
1.4651537221e+01,
1.4664253109e+01,
1.4680209055e+01,
1.4699831042e+01,
1.4723522476e+01,
1.4751648846e+01,
1.4784522635e+01,
1.4822389246e+01,
1.4865414667e+01,
1.4913675481e+01,
1.4967151673e+01,
1.5025722497e+01,
1.5089165510e+01,
1.5157158765e+01,
1.5229286081e+01,
1.5305045336e+01,
1.5383859641e+01,
1.5465091249e+01,
1.5548057834e+01,
1.5632050644e+01,
1.5716353710e+01,
1.5800263177e+01,
1.5883105657e+01,
1.5964254582e+01,
1.6043143682e+01,
1.6119276989e+01,
1.6192235121e+01,
1.6261677904e+01,
1.6327343703e+01,
1.6389046010e+01,
1.6446667980e+01,
1.6500155592e+01,
1.6549510085e+01,
1.6594780223e+01,
1.6636054796e+01,
1.6673455655e+01,
1.6707131461e+01,
1.6737252209e+01,
1.6764004518e+01,
1.6787587638e+01,
1.6808210056e+01,
1.6826086602e+01,
1.6841435919e+01,
1.6854478207e+01,
1.6865433115e+01,
1.6874517736e+01,
1.6881944631e+01,
1.6887919869e+01,
1.6892641077e+01,
1.6896295531e+01,
1.6899058328e+01,
1.6901090712e+01,
1.6902538616e+01,
1.6903531510e+01,
1.6904181620e+01,
1.6904583595e+01,
1.6904814659e+01,
1.6904935286e+01,
1.6904990399e+01,
1.6905011074e+01,
1.6905016698e+01,
1.6905017528e+01,
1.6905017602e+01,
1.6905019076e+01,
1.6905029064e+01,
1.6905065779e+01,
1.6905163644e+01,
1.6905377801e+01,
1.6905787867e+01,
1.6906500753e+01,
1.6907652369e+01,
1.6909408041e+01,
1.6911961462e+01,
1.6915532047e+01,
1.6920360578e+01,
1.6926703094e+01,
1.6934823076e+01,
1.6944982073e+01,
1.6957429072e+01,
1.6972389050e+01,
1.6990051296e+01,
1.7010558204e+01,
1.7033995337e+01,
1.7060383558e+01,
1.7089673950e+01,
1.7121746090e+01,
1.7156409998e+01,
1.7193411762e+01,
1.7232442499e+01,
1.7273149995e+01,
1.7315152126e+01,
1.7358050985e+01,
1.7401446679e+01,
1.7444949817e+01,
1.7488192017e+01,
1.7530833972e+01,
1.7572570990e+01,
1.7613136161e+01,
1.7652301487e+01,
1.7689877456e+01,
1.7725711512e+01,
1.7759685856e+01,
1.7791714901e+01,
1.7821742589e+01,
1.7849739702e+01,
1.7875701204e+01,
1.7899643622e+01,
1.7921602453e+01,
1.7941629596e+01,
1.7959790827e+01,
1.7976163348e+01,
1.7990833454e+01,
1.8003894375e+01,
1.8015444323e+01,
1.8025584777e+01,
1.8034419016e+01,
1.8042050880e+01,
1.8048583737e+01,
1.8054119622e+01,
1.8058758491e+01,
1.8062597569e+01,
1.8065730733e+01,
1.8068247920e+01,
1.8070234539e+01,
1.8071770884e+01,
1.8072931557e+01,
1.8073784925e+01,
1.8074392644e+01,
1.8074809272e+01,
1.8075082014e+01,
1.8075250635e+01,
1.8075347556e+01,
1.8075398151e+01,
1.8075421267e+01,
1.8075429938e+01,
1.8075432297e+01,
1.8075432645e+01,
1.8075432677e+01,
1.8075433322e+01,
1.8075437686e+01,
1.8075453732e+01,
1.8075496500e+01,
1.8075590086e+01,
1.8075769268e+01,
1.8076080723e+01,
1.8076583731e+01,
1.8077350281e+01,
1.8078464492e+01,
1.8080021257e+01,
1.8082124064e+01,
1.8084881934e+01,
1.8088405510e+01,
1.8092802348e+01,
1.8098171561e+01,
1.8104598038e+01,
1.8112146541e+01,
1.8120856067e+01,
1.8130734908e+01,
1.8141756883e+01,
1.8153859201e+01,
1.8166942373e+01,
1.8180872471e+01,
1.8195485888e+01,
1.8210596510e+01,
1.8226004933e+01,
1.8241509032e+01,
1.8256914902e+01,
1.8272046984e+01,
1.8286756209e+01,
1.8300925201e+01,
1.8314470085e+01,
1.8327338994e+01,
1.8339507935e+01,
1.8350974993e+01,
1.8361753973e+01,
1.8371868380e+01,
1.8381346396e+01,
1.8390217130e+01,
1.8398508191e+01,
1.8406244392e+01,
1.8413447354e+01,
1.8420135725e+01,
1.8426325767e+01,
1.8432032125e+01,
1.8437268636e+01,
1.8442049069e+01,
1.8446387766e+01,
1.8450300137e+01,
1.8453803008e+01,
1.8456914832e+01,
1.8459655758e+01,
1.8462047592e+01,
1.8464113652e+01,
1.8465878536e+01,
1.8467367831e+01,
1.8468607763e+01,
1.8469624812e+01,
1.8470445315e+01,
1.8471095056e+01,
1.8471598869e+01,
1.8471980270e+01,
1.8472261124e+01,
1.8472461357e+01,
1.8472598738e+01,
1.8472688721e+01,
1.8472744372e+01,
1.8472776365e+01,
1.8472793069e+01,
1.8472800701e+01,
1.8472803564e+01,
1.8472804342e+01,
1.8472804457e+01,
1.8472804468e+01,
1.8472804692e+01,
1.8472806208e+01,
1.8472811782e+01,
1.8472826639e+01,
1.8472859153e+01,
1.8472921418e+01,
1.8473029688e+01,
1.8473204655e+01,
1.8473471550e+01,
1.8473860052e+01,
1.8474403981e+01,
1.8475140789e+01,
1.8476110833e+01,
1.8477356452e+01,
1.8478920873e+01,
1.8480846983e+01,
1.8483176011e+01,
1.8485946200e+01,
1.8489191509e+01,
1.8492940424e+01,
1.8497214932e+01,
1.8502029682e+01,
1.8507391384e+01,
1.8513298409e+01,
1.8519740629e+01,
1.8526699439e+01,
1.8534147972e+01,
1.8542051477e+01,
1.8550367850e+01,
1.8559048315e+01,
1.8568038231e+01,
1.8577278031e+01,
1.8586704272e+01,
1.8596250776e+01,
1.8605849844e+01,
1.8615433523e+01,
1.8624934870e+01,
1.8634289202e+01,
1.8643435267e+01,
1.8652316314e+01,
1.8660881003e+01,
1.8669084142e+01,
1.8676887227e+01,
1.8684258764e+01,
1.8691174403e+01,
1.8697616871e+01,
1.8703575758e+01,
1.8709047156e+01,
1.8714033210e+01,
1.8718541583e+01,
1.8722584888e+01,
1.8726180085e+01,
1.8729347874e+01,
1.8732112091e+01,
1.8734499115e+01,
1.8736537278e+01,
1.8738256305e+01,
1.8739686758e+01,
1.8740859501e+01,
1.8741805188e+01,
1.8742553772e+01,
1.8743134045e+01,
1.8743573217e+01,
1.8743896548e+01,
1.8744127032e+01,
1.8744285151e+01,
1.8744388710e+01,
1.8744452755e+01,
1.8744489573e+01,
1.8744508795e+01,
1.8744517577e+01,
1.8744520872e+01,
1.8744521768e+01,
1.8744521900e+01,
1.8744521913e+01,
1.8744522186e+01,
1.8744524033e+01,
1.8744530821e+01,
1.8744548917e+01,
1.8744588518e+01,
1.8744664352e+01,
1.8744796206e+01,
1.8745009260e+01,
1.8745334195e+01,
1.8745807048e+01,
1.8746468808e+01,
1.8747364718e+01,
1.8748543295e+01,
1.8750055062e+01,
1.8751951014e+01,
1.8754280848e+01,
1.8757091003e+01,
1.8760422590e+01,
1.8764309276e+01,
1.8768775247e+01,
1.8773833333e+01,
1.8779483447e+01,
1.8785711435e+01,
1.8792488465e+01,
1.8799771040e+01,
1.8807501703e+01,
1.8815610461e+01,
1.8824016870e+01,
1.8832632726e+01,
1.8841365172e+01,
1.8850120061e+01,
1.8858805319e+01,
1.8867334101e+01,
1.8875627519e+01,
1.8883616787e+01,
1.8891244673e+01,
1.8898466245e+01,
1.8905248932e+01,
1.8911571989e+01,
1.8917425507e+01,
1.8922809082e+01,
1.8927730317e+01,
1.8932203249e+01,
1.8936246838e+01,
1.8939883558e+01,
1.8943138181e+01,
1.8946036733e+01,
1.8948605670e+01,
1.8950871234e+01,
1.8952858986e+01,
1.8954593487e+01,
1.8956098105e+01,
1.8957394908e+01,
1.8958504643e+01,
1.8959446747e+01,
1.8960239401e+01,
1.8960899590e+01,
1.8961443171e+01,
1.8961884928e+01,
1.8962238614e+01,
1.8962516980e+01,
1.8962731788e+01,
1.8962893800e+01,
1.8963012769e+01,
1.8963097415e+01,
1.8963155408e+01,
1.8963193356e+01,
1.8963216811e+01,
1.8963230291e+01,
1.8963237327e+01,
1.8963240541e+01,
1.8963241747e+01,
1.8963242075e+01,
1.8963242123e+01,
1.8963242128e+01,
1.8963242234e+01,
1.8963242952e+01,
1.8963245593e+01,
1.8963252629e+01,
1.8963268025e+01,
1.8963297495e+01,
1.8963348696e+01,
1.8963431322e+01,
1.8963557085e+01,
1.8963739556e+01,
1.8963993848e+01,
1.8964336120e+01,
1.8964782901e+01,
1.8965350233e+01,
1.8966052666e+01,
1.8966902146e+01,
1.8967906886e+01,
1.8969070303e+01,
1.8970390140e+01,
1.8971857895e+01,
1.8973458651e+01,
1.8975171381e+01,
1.8976969762e+01,
1.8978823433e+01,
1.8980699640e+01,
1.8982565075e+01,
1.8984387757e+01,
1.8986138756e+01,
1.8987793582e+01,
1.8989333146e+01,
1.8990744219e+01,
1.8992019404e+01,
1.8993156699e+01,
1.8994158747e+01,
1.8995031899e+01,
1.8995785208e+01,
1.8996429455e+01,
1.8996976286e+01,
1.8997437507e+01,
1.8997824560e+01,
1.8998148169e+01,
1.8998418120e+01,
1.8998643162e+01,
1.8998830967e+01,
1.8998988148e+01,
1.8999120326e+01,
1.8999232208e+01,
1.8999327698e+01,
1.8999409991e+01,
1.8999481666e+01,
1.8999544767e+01,
1.8999600877e+01,
1.8999651188e+01,
1.8999696575e+01,
1.8999737663e+01,
1.8999774888e+01,
1.8999808555e+01,
1.8999838880e+01,
1.8999866023e+01,
1.8999890116e+01,
1.8999911284e+01,
1.8999929657e+01,
1.8999945377e+01,
1.8999958604e+01,
1.8999969519e+01,
1.8999978321e+01,
1.8999985223e+01,
1.8999990453e+01,
1.8999994249e+01,
1.8999996849e+01,
1.8999998495e+01,
1.8999999421e+01,
1.9000000000e+01,
1.9000000000e+01,
