0.0000000000e+00,
1.1722700322e-07,
3.7421192971e-06,
2.8301353296e-05,
1.1858453020e-04,
3.5925274530e-04,
8.8598178210e-04,
1.8948555237e-03,
3.6496851308e-03,
6.4870013550e-03,
1.0818546941e-02,
1.7131177648e-02,
2.5984156736e-02,
3.8003890721e-02,
5.3876196203e-02,
7.4336203371e-02,
1.0015599114e-01,
1.3213001877e-01,
1.7105838524e-01,
2.1772793445e-01,
2.7289126148e-01,
3.3724378864e-01,
4.1139928719e-01,
4.9586451639e-01,
5.9101400364e-01,
6.9706633914e-01,
8.1406362550e-01,
9.4185582623e-01,
1.0800916322e+00,
1.2282170905e+00,
1.3854826400e+00,
1.5509584599e+00,
1.7235572646e+00,
1.9020630160e+00,
2.0851635594e+00,
2.2714850058e+00,
2.4596257722e+00,
2.6481885226e+00,
2.8358087274e+00,
3.0211790989e+00,
3.2030696506e+00,
3.3803435289e+00,
3.5519690226e+00,
3.7170282805e+00,
3.8747232777e+00,
4.0243795054e+00,
4.1654477514e+00,
4.2975042281e+00,
4.4202492054e+00,
4.5335042389e+00,
4.6372080424e+00,
4.7314110389e+00,
4.8162686326e+00,
4.8920332569e+00,
4.9590452818e+00,
5.0177228882e+00,
5.0685510425e+00,
5.1120697341e+00,
5.1488616619e+00,
5.1795395805e+00,
5.2047335402e+00,
5.2250782753e+00,
5.2412010080e+00,
5.2537099475e+00,
5.2631837621e+00,
5.2701622939e+00,
5.2751387652e+00,
5.2785536943e+00,
5.2807906953e+00,
5.2821742820e+00,
5.2829697381e+00,
5.2833850469e+00,
5.2835748070e+00,
5.2836459929e+00,
5.2836653572e+00,
5.2836682154e+00,
5.2836686066e+00,
5.2836778463e+00,
5.2837404467e+00,
5.2839705716e+00,
5.2845839925e+00,
5.2859264116e+00,
5.2884971614e+00,
5.2929672680e+00,
5.3001909443e+00,
5.3112096736e+00,
5.3272481675e+00,
5.3497016511e+00,
5.3801141533e+00,
5.4201477798e+00,
5.4715433239e+00,
5.5360730204e+00,
5.6154867449e+00,
5.7114534710e+00,
5.8255002544e+00,
5.9589513642e+00,
6.1128703707e+00,
6.2880080275e+00,
6.4847586722e+00,
6.7031277313e+00,
6.9427127955e+00,
7.2027006171e+00,
7.4818819899e+00,
7.7786853292e+00,
8.0912274524e+00,
8.4173767822e+00,
8.7548211642e+00,
9.1011316005e+00,
9.4538156063e+00,
9.8103587574e+00,
1.0168257743e+01,
1.0525050392e+01,
1.0878347107e+01,
1.1225865192e+01,
1.1565464610e+01,
1.1895182004e+01,
1.2213259640e+01,
1.2518166837e+01,
1.2808612839e+01,
1.3083551321e+01,
1.3342177702e+01,
1.3583920854e+01,
1.3808430904e+01,
1.4015564606e+01,
1.4205369435e+01,
1.4378067188e+01,
1.4534037519e+01,
1.4673801615e+01,
1.4798006018e+01,
1.4907406501e+01,
1.5002851894e+01,
1.5085267735e+01,
1.5155639690e+01,
1.5214996724e+01,
1.5264394098e+01,
1.5304896316e+01,
1.5337560244e+01,
1.5363418691e+01,
1.5383464765e+01,
1.5398637417e+01,
1.5409808545e+01,
1.5417772092e+01,
1.5423235493e+01,
1.5426813800e+01,
1.5429026758e+01,
1.5430298960e+01,
1.5430963155e+01,
1.5431266630e+01,
1.5431380473e+01,
1.5431411441e+01,
1.5431416012e+01,
1.5431416446e+01,
1.5431425292e+01,
1.5431485226e+01,
1.5431705548e+01,
1.5432292837e+01,
1.5433578060e+01,
1.5436039241e+01,
1.5440318710e+01,
1.5447234011e+01,
1.5457781625e+01,
1.5473132796e+01,
1.5494620887e+01,
1.5523719905e+01,
1.5562014149e+01,
1.5611159306e+01,
1.5672835789e+01,
1.5748695643e+01,
1.5840304936e+01,
1.5949084032e+01,
1.6076248661e+01,
1.6222754894e+01,
1.6389251167e+01,
1.6576040194e+01,
1.6783052969e+01,
1.7009836193e+01,
1.7255553427e+01,
1.7518999344e+01,
1.7798625740e+01,
1.8092577704e+01,
1.8398738495e+01,
1.8714782062e+01,
1.9038232350e+01,
1.9366528207e+01,
1.9697091513e+01,
2.0027394578e+01,
2.0355021521e+01,
2.0677718394e+01,
2.0993428596e+01,
2.1300313147e+01,
2.1596758332e+01,
2.1881374933e+01,
2.2152993195e+01,
2.2410656433e+01,
2.2653614522e+01,
2.2881317275e+01,
2.3093407048e+01,
2.3289709913e+01,
2.3470225000e+01,
2.3635111977e+01,
2.3784676979e+01,
2.3919357436e+01,
2.4039706307e+01,
2.4146376158e+01,
2.4240103423e+01,
2.4321693034e+01,
2.4392003516e+01,
2.4451932548e+01,
2.4502402938e+01,
2.4544348981e+01,
2.4578703161e+01,
2.4606383233e+01,
2.4628279779e+01,
2.4645244418e+01,
2.4658078870e+01,
2.4667525194e+01,
2.4674257486e+01,
2.4678875363e+01,
2.4681899525e+01,
2.4683769635e+01,
2.4684844688e+01,
2.4685405941e+01,
2.4685662377e+01,
2.4685758575e+01,
2.4685784743e+01,
2.4685788605e+01,
2.4685788949e+01,
2.4685795715e+01,
2.4685841556e+01,
2.4686010074e+01,
2.4686459270e+01,
2.4687442273e+01,
2.4689324651e+01,
2.4692597520e+01,
2.4697885731e+01,
2.4705950423e+01,
2.4717685324e+01,
2.4734106286e+01,
2.4756333684e+01,
2.4785567545e+01,
2.4823055562e+01,
2.4870054535e+01,
2.4927786176e+01,
2.4997388734e+01,
2.5079866345e+01,
2.5176038458e+01,
2.5286492044e+01,
2.5411539503e+01,
2.5551185230e+01,
2.5705103584e+01,
2.5872630592e+01,
2.6052770994e+01,
2.6244221275e+01,
2.6445408185e+01,
2.6654540907e+01,
2.6869673809e+01,
2.7088775605e+01,
2.7309800097e+01,
2.7530753492e+01,
2.7749753775e+01,
2.7965078624e+01,
2.8175199742e+01,
2.8378803062e+01,
2.8574795719e+01,
2.8762301811e+01,
2.8940649658e+01,
2.9109353489e+01,
2.9268092270e+01,
2.9416687921e+01,
2.9555084549e+01,
2.9683329686e+01,
2.9801557995e+01,
2.9909977476e+01,
3.0008857965e+01,
3.0098521554e+01,
3.0179334568e+01,
3.0251700699e+01,
3.0316054998e+01,
3.0372858464e+01,
3.0422593009e+01,
3.0465756649e+01,
3.0502858783e+01,
3.0534415465e+01,
3.0560944592e+01,
3.0582960974e+01,
3.0600971280e+01,
3.0615468893e+01,
3.0626928741e+01,
3.0635802229e+01,
3.0642512405e+01,
3.0647449548e+01,
3.0650967354e+01,
3.0653379917e+01,
3.0654959681e+01,
3.0655936520e+01,
3.0656498043e+01,
3.0656791190e+01,
3.0656925127e+01,
3.0656975371e+01,
3.0656989038e+01,
3.0656991055e+01,
3.0656991234e+01,
3.0656994731e+01,
3.0657018426e+01,
3.0657105528e+01,
3.0657337706e+01,
3.0657845784e+01,
3.0658818676e+01,
3.0660510112e+01,
3.0663242763e+01,
3.0667409375e+01,
3.0673470540e+01,
3.0681948817e+01,
3.0693418962e+01,
3.0708494221e+01,
3.0727808777e+01,
3.0751996727e+01,
3.0781668230e+01,
3.0817383768e+01,
3.0859627750e+01,
3.0908782921e+01,
3.0965107151e+01,
3.1028714194e+01,
3.1099559845e+01,
3.1177434671e+01,
3.1261964072e+01,
3.1352616017e+01,
3.1448716314e+01,
3.1549470804e+01,
3.1653993355e+01,
3.1761338026e+01,
3.1870533258e+01,
3.1980615511e+01,
3.2090659645e+01,
3.2199803634e+01,
3.2307265998e+01,
3.2412355532e+01,
3.2514474109e+01,
3.2613114249e+01,
3.2707853538e+01,
3.2798347764e+01,
3.2884324117e+01,
3.2965575148e+01,
3.3041953628e+01,
3.3113368128e+01,
3.3179779011e+01,
3.3241194535e+01,
3.3297666887e+01,
3.3349288070e+01,
3.3396185662e+01,
3.3438518517e+01,
3.3476472512e+01,
3.3510256413e+01,
3.3540097934e+01,
3.3566240011e+01,
3.3588937295e+01,
3.3608452832e+01,
3.3625054900e+01,
3.3639013950e+01,
3.3650599621e+01,
3.3660077793e+01,
3.3667707687e+01,
3.3673739013e+01,
3.3678409217e+01,
3.3681940888e+01,
3.3684539401e+01,
3.3686390897e+01,
3.3687660683e+01,
3.3688492150e+01,
3.3689006284e+01,
3.3689301827e+01,
3.3689456117e+01,
3.3689526611e+01,
3.3689553056e+01,
3.3689560250e+01,
3.3689561311e+01,
3.3689561407e+01,
3.3689563292e+01,
3.3689576067e+01,
3.3689623029e+01,
3.3689748208e+01,
3.3690022140e+01,
3.3690546675e+01,
3.3691458605e+01,
3.3692931880e+01,
3.3695178205e+01,
3.3698445817e+01,
3.3703016273e+01,
3.3709199124e+01,
3.3717324426e+01,
3.3727733127e+01,
3.3740765527e+01,
3.3756748110e+01,
3.3775979262e+01,
3.3798714506e+01,
3.3825152057e+01,
3.3855419573e+01,
3.3889563027e+01,
3.3927538564e+01,
3.3969208103e+01,
3.4014339236e+01,
3.4062609669e+01,
3.4113616176e+01,
3.4166887650e+01,
3.4221901506e+01,
3.4278102435e+01,
3.4334922256e+01,
3.4391799565e+01,
3.4448197922e+01,
3.4503621483e+01,
3.4557627268e+01,
3.4609833641e+01,
3.4659924906e+01,
3.4707652274e+01,
3.4752831737e+01,
3.4795339498e+01,
3.4835105743e+01,
3.4872107440e+01,
3.4906360825e+01,
3.4937914075e+01,
3.4966840524e+01,
3.4993232668e+01,
3.5017197053e+01,
3.5038850071e+01,
3.5058314608e+01,
3.5075717455e+01,
3.5091187364e+01,
3.5104853620e+01,
3.5116845017e+01,
3.5127289119e+01,
3.5136311709e+01,
3.5144036350e+01,
3.5150583984e+01,
3.5156072524e+01,
3.5160616403e+01,
3.5164326056e+01,
3.5167307339e+01,
3.5169660882e+01,
3.5171481407e+01,
3.5172857025e+01,
3.5173868575e+01,
3.5174589018e+01,
3.5175082963e+01,
3.5175406337e+01,
3.5175606268e+01,
3.5175721187e+01,
3.5175781178e+01,
3.5175808588e+01,
3.5175818870e+01,
3.5175821667e+01,
3.5175822079e+01,
3.5175822117e+01,
3.5175822881e+01,
3.5175828057e+01,
3.5175847082e+01,
3.5175897794e+01,
3.5176008763e+01,
3.5176221233e+01,
3.5176590562e+01,
3.5177187076e+01,
3.5178096217e+01,
3.5179417890e+01,
3.5181264936e+01,
3.5183760641e+01,
3.5187035280e+01,
3.5191221714e+01,
3.5196450158e+01,
3.5202842315e+01,
3.5210505186e+01,
3.5219524916e+01,
3.5229961156e+01,
3.5241842387e+01,
3.5255162664e+01,
3.5269880120e+01,
3.5285917449e+01,
3.5303164362e+01,
3.5321481852e+01,
3.5340707882e+01,
3.5360663998e+01,
3.5381162296e+01,
3.5402012184e+01,
3.5423026480e+01,
3.5444026507e+01,
3.5464846013e+01,
3.5485333912e+01,
3.5505355917e+01,
3.5524795270e+01,
3.5543552759e+01,
3.5561546225e+01,
3.5578709740e+01,
3.5594992579e+01,
3.5610358076e+01,
3.5624782433e+01,
3.5638253505e+01,
3.5650769586e+01,
3.5662338219e+01,
3.5672975032e+01,
3.5682702627e+01,
3.5691549528e+01,
3.5699549199e+01,
3.5706739154e+01,
3.5713160148e+01,
3.5718855463e+01,
3.5723870276e+01,
3.5728251105e+01,
3.5732045313e+01,
3.5735300674e+01,
3.5738064956e+01,
3.5740385544e+01,
3.5742309054e+01,
3.5743880964e+01,
3.5745145231e+01,
3.5746143912e+01,
3.5746916787e+01,
3.5747500998e+01,
3.5747930708e+01,
3.5748236816e+01,
3.5748446715e+01,
3.5748584144e+01,
3.5748669117e+01,
3.5748717960e+01,
3.5748743459e+01,
3.5748755109e+01,
3.5748759479e+01,
3.5748760668e+01,
3.5748760843e+01,
3.5748760860e+01,
3.5748761201e+01,
3.5748763516e+01,
3.5748772023e+01,
3.5748794701e+01,
3.5748844325e+01,
3.5748939340e+01,
3.5749104509e+01,
3.5749371295e+01,
3.5749777942e+01,
3.5750369198e+01,
3.5751195653e+01,
3.5752312665e+01,
3.5753778843e+01,
3.5755654124e+01,
3.5757997459e+01,
3.5760864198e+01,
3.5764303276e+01,
3.5768354359e+01,
3.5773045116e+01,
3.5778388830e+01,
3.5784382524e+01,
3.5791005791e+01,
3.5798220464e+01,
3.5805971193e+01,
3.5814186947e+01,
3.5822783367e+01,
3.5831665836e+01,
3.5840733068e+01,
3.5849880973e+01,
3.5859006546e+01,
3.5868011523e+01,
3.5876805583e+01,
3.5885308920e+01,
3.5893454077e+01,
3.5901186997e+01,
3.5908467318e+01,
3.5915267984e+01,
3.5921574312e+01,
3.5927382640e+01,
3.5932698719e+01,
3.5937535988e+01,
3.5941913857e+01,
3.5945856085e+01,
3.5949389327e+01,
3.5952541884e+01,
3.5955342684e+01,
3.5957820468e+01,
3.5960003196e+01,
3.5961917619e+01,
3.5963589019e+01,
3.5965041056e+01,
3.5966295730e+01,
3.5967373395e+01,
3.5968292836e+01,
3.5969071364e+01,
3.5969724934e+01,
3.5970268258e+01,
3.5970714910e+01,
3.5971077423e+01,
3.5971367357e+01,
3.5971595356e+01,
3.5971771179e+01,
3.5971903721e+01,
3.5972001013e+01,
3.5972070216e+01,
3.5972117620e+01,
3.5972148636e+01,
3.5972167804e+01,
3.5972178819e+01,
3.5972184568e+01,
3.5972187195e+01,
3.5972188180e+01,
3.5972188448e+01,
3.5972188488e+01,
3.5972188492e+01,
3.5972188573e+01,
3.5972189126e+01,
3.5972191156e+01,
3.5972196567e+01,
3.5972208406e+01,
3.5972231066e+01,
3.5972270434e+01,
3.5972333960e+01,
3.5972430643e+01,
3.5972570898e+01,
3.5972766316e+01,
3.5973029266e+01,
3.5973372370e+01,
3.5973807831e+01,
3.5974346647e+01,
3.5974997758e+01,
3.5975767167e+01,
3.5976657135e+01,
3.5977665529e+01,
3.5978785414e+01,
3.5980004963e+01,
3.5981307746e+01,
3.5982673394e+01,
3.5984078615e+01,
3.5985498460e+01,
3.5986907746e+01,
3.5988282467e+01,
3.5989601069e+01,
3.5990845461e+01,
3.5992001687e+01,
3.5993060220e+01,
3.5994015905e+01,
3.5994867587e+01,
3.5995617528e+01,
3.5996270695e+01,
3.5996834004e+01,
3.5997315603e+01,
3.5997724237e+01,
3.5998068734e+01,
3.5998357612e+01,
3.5998598808e+01,
3.5998799525e+01,
3.5998966148e+01,
3.5999104241e+01,
3.5999218578e+01,
3.5999313204e+01,
3.5999391517e+01,
3.5999456340e+01,
3.5999510011e+01,
3.5999554453e+01,
3.5999591246e+01,
3.5999621685e+01,
3.5999646834e+01,
3.5999667566e+01,
3.5999684602e+01,
3.5999698538e+01,
3.5999709870e+01,
3.5999719014e+01,
3.5999726321e+01,
3.5999732092e+01,
3.5999736585e+01,
3.5999740021e+01,
3.5999742596e+01,
3.5999744478e+01,
3.5999745812e+01,
3.5999746723e+01,
3.5999747318e+01,
3.5999747686e+01,
3.5999747897e+01,
3.5999748007e+01,
3.5999748058e+01,
3.5999748076e+01,
3.5999748082e+01,
3.5999748082e+01,
3.5999748082e+01,
3.5999748084e+01,
3.5999748095e+01,
3.5999748137e+01,
3.5999748247e+01,
3.5999748488e+01,
3.5999748948e+01,
3.5999749747e+01,
3.5999751034e+01,
3.5999752985e+01,
3.5999755800e+01,
3.5999759692e+01,
3.5999764875e+01,
3.5999771543e+01,
3.5999779853e+01,
3.5999789898e+01,
3.5999801690e+01,
3.5999815137e+01,
3.5999830039e+01,
3.5999846086e+01,
3.5999862877e+01,
3.5999879946e+01,
3.5999896802e+01,
3.5999912973e+01,
3.5999928044e+01,
3.5999941690e+01,
3.5999953698e+01,
3.5999963972e+01,
3.5999972531e+01,
3.5999979487e+01,
3.5999985023e+01,
3.5999989361e+01,
3.5999992729e+01,
3.5999995341e+01,
3.5999997408e+01,
3.5999999282e+01,
3.5999998637e+01,
3.5999997892e+01,
3.5999997430e+01,
3.5999997145e+01,
3.5999997044e+01,
3.5999997148e+01,
3.5999997444e+01,
3.5999997876e+01,
3.5999998359e+01,
3.5999998802e+01,
3.5999999139e+01,
3.5999999347e+01,
3.5999999460e+01,
3.5999999535e+01,
3.5999999617e+01,
3.6000000000e+01,
3.6000000000e+01,
3.6000000000e+01,
3.6000000000e+01,
3.6000000000e+01,
3.6000000000e+01,
3.6000000000e+01,
3.6000000000e+01,
3.6000000000e+01,
3.6000000000e+01,
3.6000000000e+01,
3.6000000000e+01,
3.6000000000e+01,
3.6000000000e+01,
3.6000000000e+01,
3.6000000000e+01,
3.6000000000e+01,
3.6000000000e+01,
3.6000000000e+01,
3.6000000000e+01,
3.6000000000e+01,
3.6000000000e+01,
3.6000000000e+01,
3.6000000000e+01,
