0.0000000000e+00,
2.2578650061e-07,
7.2075533026e-06,
5.4510171502e-05,
2.2840141290e-04,
6.9194554200e-04,
1.7064711575e-03,
3.6496795010e-03,
7.0297800872e-03,
1.2495184175e-02,
2.0839442586e-02,
3.3001266775e-02,
5.0059600279e-02,
7.3223788649e-02,
1.0381890946e-01,
1.4326626044e-01,
1.9305887428e-01,
2.5473177477e-01,
3.2982658506e-01,
4.1985014728e-01,
5.2622711930e-01,
6.5024715423e-01,
7.9300824037e-01,
9.5535897504e-01,
1.1378437339e+00,
1.3406555661e+00,
1.5636018694e+00,
1.8060872518e+00,
2.0671164304e+00,
2.3453177578e+00,
2.6389854243e+00,
2.9461360953e+00,
3.2645742017e+00,
3.5919596267e+00,
3.9258721650e+00,
4.2638686454e+00,
4.6035305714e+00,
4.9425020797e+00,
5.2785195144e+00,
5.6094347396e+00,
5.9332344179e+00,
6.2480570183e+00,
6.5522085260e+00,
6.8441770063e+00,
7.1226455348e+00,
7.3865026931e+00,
7.6348498355e+00,
7.8670045836e+00,
8.0825003585e+00,
8.2810820988e+00,
8.4626985429e+00,
8.6274915622e+00,
8.7757830350e+00,
8.9080596872e+00,
9.0249562494e+00,
9.1272372078e+00,
9.2157773897e+00,
9.2915416132e+00,
9.3555636475e+00,
9.4089247672e+00,
9.4527322264e+00,
9.4880980272e+00,
9.5161183982e+00,
9.5378544260e+00,
9.5543143032e+00,
9.5664376460e+00,
9.5750823137e+00,
9.5810141122e+00,
9.5848996932e+00,
9.5873028750e+00,
9.5886845017e+00,
9.5894058458e+00,
9.5897354362e+00,
9.5898590773e+00,
9.5898927107e+00,
9.5898976750e+00,
9.5898983545e+00,
9.5899144027e+00,
9.5900231318e+00,
9.5904228291e+00,
9.5914882571e+00,
9.5938198274e+00,
9.5982847081e+00,
9.6060480620e+00,
9.6185927246e+00,
9.6377257740e+00,
9.6655706357e+00,
9.7045436530e+00,
9.7573144573e+00,
9.8267500439e+00,
9.9158432045e+00,
1.0027626898e+01,
1.0165077217e+01,
1.0331008763e+01,
1.0527967304e+01,
1.0758125438e+01,
1.1023187210e+01,
1.1324307190e+01,
1.1662028050e+01,
1.2036238672e+01,
1.2446152666e+01,
1.2890306093e+01,
1.3366573512e+01,
1.3872203172e+01,
1.4403873692e+01,
1.4957774496e+01,
1.5529709660e+01,
1.6115220421e+01,
1.6709717143e+01,
1.7308608922e+01,
1.7907419397e+01,
1.8501880573e+01,
1.9088001339e+01,
1.9662112350e+01,
2.0220892399e+01,
2.0761382729e+01,
2.1280994879e+01,
2.1777515451e+01,
2.2249108677e+01,
2.2694315867e+01,
2.3112050132e+01,
2.3501585257e+01,
2.3862538582e+01,
2.4194848822e+01,
2.4498750349e+01,
2.4774745590e+01,
2.5023576849e+01,
2.5246198425e+01,
2.5443749406e+01,
2.5617527190e+01,
2.5768961566e+01,
2.5899589146e+01,
2.6011027928e+01,
2.6104951870e+01,
2.6183065437e+01,
2.6247078236e+01,
2.6298679964e+01,
2.6339516011e+01,
2.6371164197e+01,
2.6395113187e+01,
2.6412743194e+01,
2.6425309593e+01,
2.6433930071e+01,
2.6439575823e+01,
2.6443067239e+01,
2.6445074368e+01,
2.6446122244e+01,
2.6446601021e+01,
2.6446780626e+01,
2.6446829483e+01,
2.6446836694e+01,
2.6446837379e+01,
2.6446851335e+01,
2.6446945889e+01,
2.6447293479e+01,
2.6448220007e+01,
2.6450247596e+01,
2.6454130307e+01,
2.6460881235e+01,
2.6471789469e+01,
2.6488425532e+01,
2.6512634039e+01,
2.6546512580e+01,
2.6592376151e+01,
2.6652706955e+01,
2.6730090045e+01,
2.6827136051e+01,
2.6946393185e+01,
2.7090251655e+01,
2.7260844574e+01,
2.7459950167e+01,
2.7688900554e+01,
2.7948502361e+01,
2.8238974011e+01,
2.8559903620e+01,
2.8910230326e+01,
2.9288250678e+01,
2.9691650636e+01,
3.0117562850e+01,
3.0562647932e+01,
3.1023197156e+01,
3.1495252239e+01,
3.1974735637e+01,
3.2457582694e+01,
3.2939865718e+01,
3.3417900354e+01,
3.3888326644e+01,
3.4348160692e+01,
3.4794817033e+01,
3.5226105720e+01,
3.5640210851e+01,
3.6035658424e+01,
3.6411280850e+01,
3.6766183757e+01,
3.7099718350e+01,
3.7411460276e+01,
3.7701194141e+01,
3.7968901786e+01,
3.8214752173e+01,
3.8439091085e+01,
3.8642429469e+01,
3.8825429964e+01,
3.8988891728e+01,
3.9133733932e+01,
3.9260978437e+01,
3.9371732073e+01,
3.9467168802e+01,
3.9548511931e+01,
3.9617016425e+01,
3.9673951360e+01,
3.9720582543e+01,
3.9758155425e+01,
3.9787878473e+01,
3.9810907298e+01,
3.9828329881e+01,
3.9841153322e+01,
3.9850292552e+01,
3.9856561470e+01,
3.9860666891e+01,
3.9863205650e+01,
3.9864665087e+01,
3.9865427016e+01,
3.9865775141e+01,
3.9865905734e+01,
3.9865941258e+01,
3.9865946502e+01,
3.9865946968e+01,
3.9865956154e+01,
3.9866018386e+01,
3.9866247157e+01,
3.9866856964e+01,
3.9868191445e+01,
3.9870746879e+01,
3.9875190003e+01,
3.9882369130e+01,
3.9893317648e+01,
3.9909249063e+01,
3.9931542885e+01,
3.9961720905e+01,
4.0001413711e+01,
4.0052317730e+01,
4.0116143599e+01,
4.0194557319e+01,
4.0289116320e+01,
4.0401203297e+01,
4.0531961304e+01,
4.0682234146e+01,
4.0852516371e+01,
4.1042917037e+01,
4.1253140759e+01,
4.1482488093e+01,
4.1729875121e+01,
4.1993869420e+01,
4.2272737113e+01,
4.2564494456e+01,
4.2866958191e+01,
4.3177791592e+01,
4.3494546728e+01,
4.3814706172e+01,
4.4135728025e+01,
4.4455096515e+01,
4.4770377603e+01,
4.5079276216e+01,
4.5379690099e+01,
4.5669755159e+01,
4.5947878317e+01,
4.6212755860e+01,
4.6463377287e+01,
4.6699016386e+01,
4.6919212350e+01,
4.7123744194e+01,
4.7312601615e+01,
4.7485954961e+01,
4.7644126292e+01,
4.7787562833e+01,
4.7916813476e+01,
4.8032508522e+01,
4.8135342500e+01,
4.8226059667e+01,
4.8305441728e+01,
4.8374297250e+01,
4.8433452279e+01,
4.8483741760e+01,
4.8526001382e+01,
4.8561059630e+01,
4.8589729870e+01,
4.8612802424e+01,
4.8631036679e+01,
4.8645153346e+01,
4.8655827087e+01,
4.8663679751e+01,
4.8669274530e+01,
4.8673111323e+01,
4.8675623601e+01,
4.8677177023e+01,
4.8678069974e+01,
4.8678536143e+01,
4.8678749132e+01,
4.8678829030e+01,
4.8678850764e+01,
4.8678853972e+01,
4.8678854256e+01,
4.8678859817e+01,
4.8678897497e+01,
4.8679036009e+01,
4.8679405218e+01,
4.8680213162e+01,
4.8681760233e+01,
4.8684449856e+01,
4.8688794999e+01,
4.8695419875e+01,
4.8705056251e+01,
4.8718533833e+01,
4.8736764389e+01,
4.8760719446e+01,
4.8791401758e+01,
4.8829811123e+01,
4.8876905611e+01,
4.8933559794e+01,
4.9000522075e+01,
4.9078373590e+01,
4.9167491456e+01,
4.9268019077e+01,
4.9379845950e+01,
4.9502598785e+01,
4.9635644886e+01,
4.9778107676e+01,
4.9928893248e+01,
5.0086725936e+01,
5.0250190385e+01,
5.0417777434e+01,
5.0587931353e+01,
5.0759096368e+01,
5.0929760770e+01,
5.1098497144e+01,
5.1263997173e+01,
5.1425099426e+01,
5.1580808554e+01,
5.1730304869e+01,
5.1872944191e+01,
5.2008249064e+01,
5.2135893484e+01,
5.2255683849e+01,
5.2367538762e+01,
5.2471469801e+01,
5.2567564525e+01,
5.2655972252e+01,
5.2736892569e+01,
5.2810566204e+01,
5.2877267773e+01,
5.2937299926e+01,
5.2990988504e+01,
5.3038678390e+01,
5.3080729839e+01,
5.3117515096e+01,
5.3149415206e+01,
5.3176816882e+01,
5.3200109367e+01,
5.3219681238e+01,
5.3235917097e+01,
5.3249194153e+01,
5.3259878704e+01,
5.3268322584e+01,
5.3274859634e+01,
5.3279802323e+01,
5.3283438640e+01,
5.3286029396e+01,
5.3287806083e+01,
5.3288969431e+01,
5.3289688766e+01,
5.3290102260e+01,
5.3290318126e+01,
5.3290416753e+01,
5.3290453751e+01,
5.3290463816e+01,
5.3290465301e+01,
5.3290465435e+01,
5.3290468073e+01,
5.3290485946e+01,
5.3290551649e+01,
5.3290726785e+01,
5.3291110033e+01,
5.3291843882e+01,
5.3293119684e+01,
5.3295180732e+01,
5.3298323049e+01,
5.3302893597e+01,
5.3309285671e+01,
5.3317931290e+01,
5.3329290537e+01,
5.3343837920e+01,
5.3362046056e+01,
5.3384367201e+01,
5.3411213369e+01,
5.3442936069e+01,
5.3479806814e+01,
5.3521999682e+01,
5.3569577209e+01,
5.3622480709e+01,
5.3680525909e+01,
5.3743404400e+01,
5.3810690991e+01,
5.3881856634e+01,
5.3956286148e+01,
5.4033299654e+01,
5.4112176305e+01,
5.4192178786e+01,
5.4272577015e+01,
5.4352669589e+01,
5.4431801834e+01,
5.4509379673e+01,
5.4584878993e+01,
5.4657850660e+01,
5.4727921673e+01,
5.4794793222e+01,
5.4858236510e+01,
5.4918087169e+01,
5.4974238975e+01,
5.5026637397e+01,
5.5075273311e+01,
5.5120177070e+01,
5.5161413000e+01,
5.5199074330e+01,
5.5233278533e+01,
5.5264163062e+01,
5.5291881471e+01,
5.5316599910e+01,
5.5338494003e+01,
5.5357746097e+01,
5.5374542869e+01,
5.5389073242e+01,
5.5401526580e+01,
5.5412091079e+01,
5.5420952322e+01,
5.5428291911e+01,
5.5434286152e+01,
5.5439104747e+01,
5.5442909493e+01,
5.5445852988e+01,
5.5448077376e+01,
5.5449713186e+01,
5.5450878300e+01,
5.5451677144e+01,
5.5452200142e+01,
5.5452523499e+01,
5.5452709363e+01,
5.5452806392e+01,
5.5452850722e+01,
5.5452867352e+01,
5.5452871876e+01,
5.5452872543e+01,
5.5452872605e+01,
5.5452873840e+01,
5.5452882211e+01,
5.5452912982e+01,
5.5452995003e+01,
5.5453174482e+01,
5.5453518129e+01,
5.5454115490e+01,
5.5455080332e+01,
5.5456550896e+01,
5.5458688869e+01,
5.5461676931e+01,
5.5465714760e+01,
5.5471013443e+01,
5.5477788319e+01,
5.5486250381e+01,
5.5496596505e+01,
5.5508998903e+01,
5.5523594345e+01,
5.5540473817e+01,
5.5559673369e+01,
5.5581166939e+01,
5.5604861931e+01,
5.5630598203e+01,
5.5658150973e+01,
5.5687237896e+01,
5.5717530235e+01,
5.5748667617e+01,
5.5780275423e+01,
5.5811983338e+01,
5.5843443258e+01,
5.5874344608e+01,
5.5904425388e+01,
5.5933477922e+01,
5.5961349154e+01,
5.5987936277e+01,
5.6013179137e+01,
5.6037051103e+01,
5.6059549955e+01,
5.6080689890e+01,
5.6100495236e+01,
5.6118996015e+01,
5.6136225139e+01,
5.6152216922e+01,
5.6167006501e+01,
5.6180629828e+01,
5.6193123970e+01,
5.6204527517e+01,
5.6214880980e+01,
5.6224227115e+01,
5.6232611128e+01,
5.6240080763e+01,
5.6246686260e+01,
5.6252480198e+01,
5.6257517229e+01,
5.6261853715e+01,
5.6265547277e+01,
5.6268656270e+01,
5.6271239200e+01,
5.6273354081e+01,
5.6275057777e+01,
5.6276405322e+01,
5.6277449254e+01,
5.6278238981e+01,
5.6278820205e+01,
5.6279234425e+01,
5.6279518545e+01,
5.6279704607e+01,
5.6279819666e+01,
5.6279885808e+01,
5.6279920338e+01,
5.6279936115e+01,
5.6279942034e+01,
5.6279943644e+01,
5.6279943881e+01,
5.6279943904e+01,
5.6279944367e+01,
5.6279947501e+01,
5.6279959023e+01,
5.6279989735e+01,
5.6280056944e+01,
5.6280185642e+01,
5.6280409396e+01,
5.6280770906e+01,
5.6281322158e+01,
5.6282124152e+01,
5.6283246149e+01,
5.6284764422e+01,
5.6286760512e+01,
5.6289318991e+01,
5.6292524813e+01,
5.6296460326e+01,
5.6301202089e+01,
5.6306817644e+01,
5.6313362453e+01,
5.6320877169e+01,
5.6329385443e+01,
5.6338892397e+01,
5.6349383863e+01,
5.6360826436e+01,
5.6373168281e+01,
5.6386340644e+01,
5.6400259901e+01,
5.6414830015e+01,
5.6429945204e+01,
5.6445492687e+01,
5.6461355357e+01,
5.6477414290e+01,
5.6493551038e+01,
5.6509649683e+01,
5.6525598661e+01,
5.6541292360e+01,
5.6556632535e+01,
5.6571529516e+01,
5.6585903224e+01,
5.6599683953e+01,
5.6612812921e+01,
5.6625242547e+01,
5.6636936465e+01,
5.6647869273e+01,
5.6658026060e+01,
5.6667401721e+01,
5.6676000144e+01,
5.6683833292e+01,
5.6690920236e+01,
5.6697286191e+01,
5.6702961567e+01,
5.6707981077e+01,
5.6712382900e+01,
5.6716207909e+01,
5.6719498953e+01,
5.6722300199e+01,
5.6724656511e+01,
5.6726612862e+01,
5.6728213772e+01,
5.6729502769e+01,
5.6730521868e+01,
5.6731311077e+01,
5.6731907943e+01,
5.6732347132e+01,
5.6732660078e+01,
5.6732874709e+01,
5.6733015254e+01,
5.6733102161e+01,
5.6733152119e+01,
5.6733178199e+01,
5.6733190116e+01,
5.6733194586e+01,
5.6733195802e+01,
5.6733195981e+01,
5.6733195999e+01,
5.6733196369e+01,
5.6733198875e+01,
5.6733208085e+01,
5.6733232637e+01,
5.6733286363e+01,
5.6733389237e+01,
5.6733568080e+01,
5.6733856990e+01,
5.6734297442e+01,
5.6734938030e+01,
5.6735833799e+01,
5.6737045150e+01,
5.6738636296e+01,
5.6740673279e+01,
5.6743221581e+01,
5.6746343382e+01,
5.6750094574e+01,
5.6754521656e+01,
5.6759658675e+01,
5.6765524407e+01,
5.6772119982e+01,
5.6779427152e+01,
5.6787407401e+01,
5.6796002030e+01,
5.6805133318e+01,
5.6814706757e+01,
5.6824614295e+01,
5.6834738407e+01,
5.6844956736e+01,
5.6855146979e+01,
5.6865191675e+01,
5.6874982525e+01,
5.6884423973e+01,
5.6893435810e+01,
5.6901954709e+01,
5.6909934695e+01,
5.6917346641e+01,
5.6924176971e+01,
5.6930425786e+01,
5.6936104651e+01,
5.6941234231e+01,
5.6945841986e+01,
5.6949960033e+01,
5.6953623275e+01,
5.6956867837e+01,
5.6959729834e+01,
5.6962244429e+01,
5.6964445178e+01,
5.6966363606e+01,
5.6968028975e+01,
5.6969468199e+01,
5.6970705872e+01,
5.6971764371e+01,
5.6972664008e+01,
5.6973423207e+01,
5.6974058689e+01,
5.6974585654e+01,
5.6975017942e+01,
5.6975368179e+01,
5.6975647891e+01,
5.6975867597e+01,
5.6976036871e+01,
5.6976164387e+01,
5.6976257940e+01,
5.6976324458e+01,
5.6976370011e+01,
5.6976399810e+01,
5.6976418224e+01,
5.6976428805e+01,
5.6976434328e+01,
5.6976436851e+01,
5.6976437797e+01,
5.6976438055e+01,
5.6976438093e+01,
5.6976438097e+01,
5.6976438180e+01,
5.6976438743e+01,
5.6976440816e+01,
5.6976446339e+01,
5.6976458421e+01,
5.6976481546e+01,
5.6976521712e+01,
5.6976586502e+01,
5.6976685051e+01,
5.6976827892e+01,
5.6977026670e+01,
5.6977293694e+01,
5.6977641332e+01,
5.6978081261e+01,
5.6978623584e+01,
5.6979275889e+01,
5.6980042314e+01,
5.6980922724e+01,
5.6981912103e+01,
5.6983000272e+01,
5.6984172010e+01,
5.6985407624e+01,
5.6986683946e+01,
5.6987975683e+01,
5.6989256995e+01,
5.6990503114e+01,
5.6991691845e+01,
5.6992804774e+01,
5.6993828063e+01,
5.6994752798e+01,
5.6995574879e+01,
5.6996294545e+01,
5.6996915624e+01,
5.6997444656e+01,
5.6997889999e+01,
5.6998261003e+01,
5.6998567324e+01,
5.6998818379e+01,
5.6999022957e+01,
5.6999188983e+01,
5.6999323395e+01,
5.6999432135e+01,
5.6999520205e+01,
5.6999591760e+01,
5.6999650207e+01,
5.6999698313e+01,
5.6999738292e+01,
5.6999771897e+01,
5.6999800502e+01,
5.6999825173e+01,
5.6999846727e+01,
5.6999865782e+01,
5.6999882797e+01,
5.6999898102e+01,
5.6999911931e+01,
5.6999924447e+01,
5.6999935759e+01,
5.6999945944e+01,
5.6999955058e+01,
5.6999963145e+01,
5.6999970249e+01,
5.6999976413e+01,
5.6999981686e+01,
5.6999986122e+01,
5.6999989782e+01,
5.6999992732e+01,
5.6999995046e+01,
5.6999996800e+01,
5.6999998072e+01,
5.6999998944e+01,
5.6999999496e+01,
5.7000000000e+01,
5.7000000000e+01,
5.7000000000e+01,
