0.0000000000e+00,
2.5275701532e-09,
8.0685070181e-08,
6.1021447006e-07,
2.5568333499e-06,
7.7459028298e-06,
1.9102552970e-05,
4.0853806980e-05,
7.8685399140e-05,
1.3984736596e-04,
2.3320405971e-04,
3.6922593227e-04,
5.5992220270e-04,
8.1871528828e-04,
1.1602595790e-03,
1.6002087113e-03,
2.1549368918e-03,
2.8412210072e-03,
3.6758911924e-03,
4.6754582313e-03,
5.8557266218e-03,
7.2314023888e-03,
8.8157047980e-03,
1.0619991049e-02,
1.2653402842e-02,
1.4922543444e-02,
1.7431193495e-02,
2.0180073397e-02,
2.3166659494e-02,
2.6385060585e-02,
2.9825960349e-02,
3.3476630105e-02,
3.7321014917e-02,
4.1339894312e-02,
4.5511116978e-02,
4.9809906637e-02,
5.4209234051e-02,
5.8680247878e-02,
6.3192754964e-02,
6.7715738760e-02,
7.2217903036e-02,
7.6668226965e-02,
8.1036517062e-02,
8.5293941456e-02,
8.9413532416e-02,
9.3370644116e-02,
9.7143354009e-02,
1.0071279804e-01,
1.0406343200e-01,
1.0718321354e-01,
1.1006370185e-01,
1.1270007431e-01,
1.1509106163e-01,
1.1723880547e-01,
1.1914864422e-01,
1.2082883456e-01,
1.2229021803e-01,
1.2354584290e-01,
1.2461055262e-01,
1.2550055293e-01,
1.2623296976e-01,
1.2682541010e-01,
1.2729553776e-01,
1.2766067510e-01,
1.2793744097e-01,
1.2814143382e-01,
1.2828696753e-01,
1.2838686581e-01,
1.2845231930e-01,
1.2849280773e-01,
1.2851608734e-01,
1.2852824219e-01,
1.2853379603e-01,
1.2853587950e-01,
1.2853644625e-01,
1.2853652991e-01,
1.2853654136e-01,
1.2853681179e-01,
1.2853864399e-01,
1.2854537939e-01,
1.2856333386e-01,
1.2860262850e-01,
1.2867788907e-01,
1.2880878860e-01,
1.2902041280e-01,
1.2934343318e-01,
1.2981407868e-01,
1.3047390260e-01,
1.3136934754e-01,
1.3255111674e-01,
1.3407336514e-01,
1.3599272791e-01,
1.3836720748e-01,
1.4125494289e-01,
1.4471288722e-01,
1.4879542017e-01,
1.5355292463e-01,
1.5903035728e-01,
1.6526584528e-01,
1.7228934385e-01,
1.8012139193e-01,
1.8877200620e-01,
1.9823975534e-01,
2.0851105731e-01,
2.1955974025e-01,
2.3134690276e-01,
2.4382110110e-01,
2.5691887923e-01,
2.7056564315e-01,
2.8467686494e-01,
2.9915958530e-01,
3.1391416811e-01,
3.2883624734e-01,
3.4381879787e-01,
3.5875425680e-01,
3.7353662189e-01,
3.8806345853e-01,
4.0223775446e-01,
4.1596957266e-01,
4.2917746522e-01,
4.4178962388e-01,
4.5374475523e-01,
4.6499267931e-01,
4.7549465955e-01,
4.8522347851e-01,
4.9416327896e-01,
5.0230919256e-01,
5.0966677995e-01,
5.1625130625e-01,
5.2208687609e-01,
5.2720545127e-01,
5.3164577412e-01,
5.3545221920e-01,
5.3867359610e-01,
5.4136192668e-01,
5.4357122040e-01,
5.4535627254e-01,
5.4677151005e-01,
5.4786991027e-01,
5.4870201704e-01,
5.4931507735e-01,
5.4975231965e-01,
5.5005239164e-01,
5.5024897145e-01,
5.5037056139e-01,
5.5044046806e-01,
5.5047696696e-01,
5.5049364391e-01,
5.5049990005e-01,
5.5050160188e-01,
5.5050185307e-01,
5.5050187691e-01,
5.5050236305e-01,
5.5050565667e-01,
5.5051776441e-01,
5.5055003936e-01,
5.5062067314e-01,
5.5075594845e-01,
5.5099120331e-01,
5.5137146441e-01,
5.5195171485e-01,
5.5279676994e-01,
5.5398074414e-01,
5.5558610325e-01,
5.5770230693e-01,
5.6042405984e-01,
5.6384920241e-01,
5.6807628633e-01,
5.7320189345e-01,
5.7931777052e-01,
5.8650786470e-01,
5.9484535643e-01,
6.0438979542e-01,
6.1518445208e-01,
6.2725399931e-01,
6.4060263696e-01,
6.5521276279e-01,
6.7104427736e-01,
6.8803458746e-01,
7.0609934130e-01,
7.2513389281e-01,
7.4501545231e-01,
7.6560584127e-01,
7.8675473328e-01,
8.0830323518e-01,
8.3008764516e-01,
8.5194321986e-01,
8.7370779064e-01,
8.9522508883e-01,
9.1634766853e-01,
9.3693934933e-01,
9.5687713742e-01,
9.7605261714e-01,
9.9437283451e-01,
1.0117607169e+00,
1.0281550883e+00,
1.0435103468e+00,
1.0577958743e+00,
1.0709952415e+00,
1.0831052670e+00,
1.0941349770e+00,
1.1041045026e+00,
1.1130439420e+00,
1.1209922049e+00,
1.1279958496e+00,
1.1341079181e+00,
1.1393867713e+00,
1.1438949249e+00,
1.1476978874e+00,
1.1508630058e+00,
1.1534583232e+00,
1.1555514615e+00,
1.1572085447e+00,
1.1584931796e+00,
1.1594655184e+00,
1.1601814263e+00,
1.1606917777e+00,
1.1610419062e+00,
1.1612712269e+00,
1.1614130475e+00,
1.1614945785e+00,
1.1615371445e+00,
1.1615565931e+00,
1.1615638890e+00,
1.1615658736e+00,
1.1615661665e+00,
1.1615661926e+00,
1.1615667058e+00,
1.1615701825e+00,
1.1615829634e+00,
1.1616170321e+00,
1.1616915884e+00,
1.1618343648e+00,
1.1620826290e+00,
1.1624838225e+00,
1.1630957871e+00,
1.1639865385e+00,
1.1652335588e+00,
1.1669225845e+00,
1.1691458899e+00,
1.1720000803e+00,
1.1755834349e+00,
1.1799928665e+00,
1.1853205949e+00,
1.1916506576e+00,
1.1990554096e+00,
1.2075921830e+00,
1.2173002876e+00,
1.2281985323e+00,
1.2402834309e+00,
1.2535282244e+00,
1.2678828076e+00,
1.2832745901e+00,
1.2996102606e+00,
1.3167783590e+00,
1.3346525052e+00,
1.3530950906e+00,
1.3719612115e+00,
1.3911026205e+00,
1.4103714876e+00,
1.4296237966e+00,
1.4487222495e+00,
1.4675386028e+00,
1.4859554134e+00,
1.5038672162e+00,
1.5211811910e+00,
1.5378174000e+00,
1.5537086853e+00,
1.5688003174e+00,
1.5830494760e+00,
1.5964246288e+00,
1.6089048596e+00,
1.6204791805e+00,
1.6311458459e+00,
1.6409116788e+00,
1.6497914071e+00,
1.6578070049e+00,
1.6649870303e+00,
1.6713659503e+00,
1.6769834435e+00,
1.6818836759e+00,
1.6861145453e+00,
1.6897268924e+00,
1.6927736847e+00,
1.6953091764e+00,
1.6973880566e+00,
1.6990645991e+00,
1.7003918287e+00,
1.7014207249e+00,
1.7021994840e+00,
1.7027728585e+00,
1.7031815992e+00,
1.7034620162e+00,
1.7036456781e+00,
1.7037592614e+00,
1.7038245590e+00,
1.7038586498e+00,
1.7038742261e+00,
1.7038800693e+00,
1.7038816588e+00,
1.7038818934e+00,
1.7038819141e+00,
1.7038823209e+00,
1.7038850765e+00,
1.7038952064e+00,
1.7039222087e+00,
1.7039813009e+00,
1.7040944633e+00,
1.7042912340e+00,
1.7046092149e+00,
1.7050942518e+00,
1.7058002565e+00,
1.7067886475e+00,
1.7081273952e+00,
1.7098896703e+00,
1.7121521124e+00,
1.7149927537e+00,
1.7184886594e+00,
1.7227133653e+00,
1.7277342199e+00,
1.7336097548e+00,
1.7403872159e+00,
1.7481003917e+00,
1.7567678590e+00,
1.7663917444e+00,
1.7769570642e+00,
1.7884316621e+00,
1.8007667242e+00,
1.8138978087e+00,
1.8277463026e+00,
1.8422212020e+00,
1.8572211130e+00,
1.8726363849e+00,
1.8883513084e+00,
1.9042463371e+00,
1.9202003098e+00,
1.9360926671e+00,
1.9518056509e+00,
1.9672264721e+00,
1.9822494046e+00,
1.9967777484e+00,
2.0107255804e+00,
2.0240192028e+00,
2.0365982007e+00,
2.0484160425e+00,
2.0594401853e+00,
2.0696516920e+00,
2.0790444083e+00,
2.0876237834e+00,
2.0954054441e+00,
2.1024136370e+00,
2.1086796486e+00,
2.1142402926e+00,
2.1191365289e+00,
2.1234122502e+00,
2.1271132467e+00,
2.1302863428e+00,
2.1329786811e+00,
2.1352371284e+00,
2.1371077712e+00,
2.1386354754e+00,
2.1398634881e+00,
2.1408330658e+00,
2.1415831253e+00,
2.1421499148e+00,
2.1425667134e+00,
2.1428635713e+00,
2.1430671032e+00,
2.1432003520e+00,
2.1432827356e+00,
2.1433300891e+00,
2.1433548094e+00,
2.1433661037e+00,
2.1433703405e+00,
2.1433714930e+00,
2.1433716631e+00,
2.1433716784e+00,
2.1433719805e+00,
2.1433740272e+00,
2.1433815511e+00,
2.1434016061e+00,
2.1434454910e+00,
2.1435295175e+00,
2.1436755823e+00,
2.1439115061e+00,
2.1442710983e+00,
2.1447939085e+00,
2.1455246295e+00,
2.1465121237e+00,
2.1478080541e+00,
2.1494651242e+00,
2.1515349481e+00,
2.1540656096e+00,
2.1570989992e+00,
2.1606680601e+00,
2.1647941160e+00,
2.1694844877e+00,
2.1747306410e+00,
2.1805071149e+00,
2.1867714686e+00,
2.1934654304e+00,
2.2005173275e+00,
2.2078457263e+00,
2.2153640177e+00,
2.2229854964e+00,
2.2306283362e+00,
2.2382198281e+00,
2.2456993431e+00,
2.2530197094e+00,
2.2601469874e+00,
2.2670589086e+00,
2.2737424361e+00,
2.2801909719e+00,
2.2864016753e+00,
2.2923732280e+00,
2.2981042193e+00,
2.3035921837e+00,
2.3088332215e+00,
2.3138220781e+00,
2.3185525367e+00,
2.3230179915e+00,
2.3272120892e+00,
2.3311293544e+00,
2.3347657441e+00,
2.3381190977e+00,
2.3411894668e+00,
2.3439793233e+00,
2.3464936511e+00,
2.3487399316e+00,
2.3507280369e+00,
2.3524700450e+00,
2.3539799896e+00,
2.3552735599e+00,
2.3563677620e+00,
2.3572805552e+00,
2.3580304751e+00,
2.3586362534e+00,
2.3591164478e+00,
2.3594890897e+00,
2.3597713618e+00,
2.3599793131e+00,
2.3601276190e+00,
2.3602293953e+00,
2.3602960682e+00,
2.3603373067e+00,
2.3603610160e+00,
2.3603733948e+00,
2.3603790509e+00,
2.3603811727e+00,
2.3603817499e+00,
2.3603818350e+00,
2.3603818429e+00,
2.3603820005e+00,
2.3603830686e+00,
2.3603869948e+00,
2.3603974608e+00,
2.3604203656e+00,
2.3604642318e+00,
2.3605405176e+00,
2.3606638220e+00,
2.3608519695e+00,
2.3611259682e+00,
2.3615098336e+00,
2.3620302773e+00,
2.3627162641e+00,
2.3635984421e+00,
2.3647084614e+00,
2.3660781974e+00,
2.3677389012e+00,
2.3697203045e+00,
2.3720497076e+00,
2.3747510805e+00,
2.3778442073e+00,
2.3813439005e+00,
2.3852593125e+00,
2.3895933684e+00,
2.3943423435e+00,
2.3994956081e+00,
2.4050355623e+00,
2.4109377764e+00,
2.4171713473e+00,
2.4236994688e+00,
2.4304801989e+00,
2.4374673922e+00,
2.4446117531e+00,
2.4518619557e+00,
2.4591657743e+00,
2.4664711729e+00,
2.4737273093e+00,
2.4808854251e+00,
2.4878996011e+00,
2.4947273762e+00,
2.5013302306e+00,
2.5076739467e+00,
2.5137288597e+00,
2.5194700132e+00,
2.5248772320e+00,
2.5299351232e+00,
2.5346330143e+00,
2.5389648343e+00,
2.5429289415e+00,
2.5465279035e+00,
2.5497682293e+00,
2.5526600601e+00,
2.5552168184e+00,
2.5574548225e+00,
2.5593928688e+00,
2.5610517880e+00,
2.5624539831e+00,
2.5636229535e+00,
2.5645828169e+00,
2.5653578363e+00,
2.5659719620e+00,
2.5664483998e+00,
2.5668092155e+00,
2.5670749854e+00,
2.5672645030e+00,
2.5673945499e+00,
2.5674797379e+00,
2.5675324262e+00,
2.5675627177e+00,
2.5675785330e+00,
2.5675857591e+00,
2.5675884699e+00,
2.5675892073e+00,
2.5675893162e+00,
2.5675893265e+00,
2.5675895384e+00,
2.5675909740e+00,
2.5675962514e+00,
2.5676103190e+00,
2.5676411055e+00,
2.5677000645e+00,
2.5678025928e+00,
2.5679683006e+00,
2.5682211182e+00,
2.5685892258e+00,
2.5691047954e+00,
2.5698035415e+00,
2.5707240819e+00,
2.5719071166e+00,
2.5733944405e+00,
2.5752278172e+00,
2.5774477459e+00,
2.5800921643e+00,
2.5831951374e+00,
2.5867855863e+00,
2.5908861117e+00,
2.5955119650e+00,
2.6006702149e+00,
2.6063591442e+00,
2.6125679027e+00,
2.6192764259e+00,
2.6264556195e+00,
2.6340677969e+00,
2.6420673519e+00,
2.6504016431e+00,
2.6590120644e+00,
2.6678352738e+00,
2.6768045492e+00,
2.6858512349e+00,
2.6949062360e+00,
2.7039015095e+00,
2.7127714995e+00,
2.7214544580e+00,
2.7298935998e+00,
2.7380380495e+00,
2.7458435489e+00,
2.7532729140e+00,
2.7602962440e+00,
2.7668909009e+00,
2.7730412922e+00,
2.7787384919e+00,
2.7839797443e+00,
2.7887678882e+00,
2.7931107394e+00,
2.7970204602e+00,
2.8005129405e+00,
2.8036072028e+00,
2.8063248433e+00,
2.8086895089e+00,
2.8107264115e+00,
2.8124618734e+00,
2.8139229006e+00,
2.8151367779e+00,
2.8161306825e+00,
2.8169313137e+00,
2.8175645403e+00,
2.8180550671e+00,
2.8184261274e+00,
2.8186992084e+00,
2.8188938176e+00,
2.8190272996e+00,
2.8191147118e+00,
2.8191687655e+00,
2.8191998385e+00,
2.8192160606e+00,
2.8192234725e+00,
2.8192262529e+00,
2.8192270093e+00,
2.8192271209e+00,
2.8192271320e+00,
2.8192273620e+00,
2.8192289205e+00,
2.8192346496e+00,
2.8192499209e+00,
2.8192833392e+00,
2.8193473299e+00,
2.8194585809e+00,
2.8196383130e+00,
2.8199123529e+00,
2.8203109832e+00,
2.8208685489e+00,
2.8216228049e+00,
2.8226139949e+00,
2.8238836664e+00,
2.8254732386e+00,
2.8274223579e+00,
2.8297670958e+00,
2.8325380631e+00,
2.8357585354e+00,
2.8394426977e+00,
2.8435941312e+00,
2.8482046635e+00,
2.8532536978e+00,
2.8587081164e+00,
2.8645228194e+00,
2.8706419172e+00,
2.8770005412e+00,
2.8835271802e+00,
2.8901463999e+00,
2.8967817605e+00,
2.9033587262e+00,
2.9098073610e+00,
2.9160646308e+00,
2.9220761744e+00,
2.9277974646e+00,
2.9331943432e+00,
2.9382429695e+00,
2.9429292683e+00,
2.9472479915e+00,
2.9512015217e+00,
2.9547985394e+00,
2.9580526637e+00,
2.9609811523e+00,
2.9636037234e+00,
2.9659415381e+00,
2.9680163600e+00,
2.9698498930e+00,
2.9714632859e+00,
2.9728767850e+00,
2.9741095111e+00,
2.9751793386e+00,
2.9761028526e+00,
2.9768953639e+00,
2.9775709639e+00,
2.9781426029e+00,
2.9786221809e+00,
2.9790206387e+00,
2.9793480441e+00,
2.9796136668e+00,
2.9798260387e+00,
2.9799929994e+00,
2.9801217259e+00,
2.9802187489e+00,
2.9802899592e+00,
2.9803406067e+00,
2.9803752977e+00,
2.9803979942e+00,
2.9804120208e+00,
2.9804200812e+00,
2.9804242884e+00,
2.9804262105e+00,
2.9804269315e+00,
2.9804271276e+00,
2.9804271566e+00,
2.9804271596e+00,
2.9804272229e+00,
2.9804276524e+00,
2.9804292310e+00,
2.9804334386e+00,
2.9804426439e+00,
2.9804602626e+00,
2.9804908687e+00,
2.9805402479e+00,
2.9806153785e+00,
2.9807243256e+00,
2.9808760336e+00,
2.9810800067e+00,
2.9813458728e+00,
2.9816828363e+00,
2.9820990391e+00,
2.9826008658e+00,
2.9831922460e+00,
2.9838740217e+00,
2.9846434558e+00,
2.9854939568e+00,
2.9864150837e+00,
2.9873928650e+00,
2.9884104347e+00,
2.9894489418e+00,
2.9904886536e+00,
2.9915101404e+00,
2.9924954175e+00,
2.9934289247e+00,
2.9942982475e+00,
2.9950945242e+00,
2.9958125269e+00,
2.9964504483e+00,
2.9970094630e+00,
2.9974931470e+00,
2.9979068421e+00,
2.9982570368e+00,
2.9985508102e+00,
2.9987953682e+00,
2.9989976819e+00,
2.9991642333e+00,
2.9993008622e+00,
2.9994127034e+00,
2.9995041897e+00,
2.9995790945e+00,
2.9996405928e+00,
2.9996913252e+00,
2.9997334619e+00,
2.9997687655e+00,
2.9997986520e+00,
2.9998242468e+00,
2.9998464334e+00,
2.9998658945e+00,
2.9998831467e+00,
2.9998985710e+00,
2.9999124409e+00,
2.9999249473e+00,
2.9999362216e+00,
2.9999463543e+00,
2.9999554103e+00,
2.9999634406e+00,
2.9999704909e+00,
2.9999766066e+00,
2.9999818371e+00,
2.9999862369e+00,
2.9999898667e+00,
2.9999927930e+00,
2.9999950877e+00,
2.9999968265e+00,
2.9999980882e+00,
2.9999989526e+00,
2.9999994997e+00,
3.0000000000e+00,
3.0000000000e+00,
3.0000000000e+00,
