0.0000000000e+00,
5.2835599718e-07,
1.6866183998e-05,
1.2755770700e-04,
5.3447651401e-04,
1.6192115040e-03,
3.9933244680e-03,
8.5407881910e-03,
1.6451215242e-02,
2.9242839702e-02,
4.8774575162e-02,
7.7246776607e-02,
1.1719049486e-01,
1.7144493779e-01,
2.4312247948e-01,
3.3555990678e-01,
4.5225382457e-01,
5.9677760603e-01,
7.7267748550e-01,
9.8334690609e-01,
1.2318814197e+00,
1.5209211747e+00,
1.8524934786e+00,
2.2278725268e+00,
2.6474752186e+00,
3.1108094342e+00,
3.6164837621e+00,
4.1622766916e+00,
4.7452515671e+00,
5.3618947973e+00,
6.0082520527e+00,
6.6800418052e+00,
7.3727364399e+00,
8.0816149111e+00,
8.8018027585e+00,
9.5283204589e+00,
1.0256156483e+01,
1.0980367785e+01,
1.1696193855e+01,
1.2399160570e+01,
1.3085153647e+01,
1.3750455983e+01,
1.4391757911e+01,
1.5006155594e+01,
1.5591149442e+01,
1.6144647154e+01,
1.6664970071e+01,
1.7150859081e+01,
1.7601476451e+01,
1.8016401384e+01,
1.8395618529e+01,
1.8739499668e+01,
1.9048779356e+01,
1.9324525468e+01,
1.9568105543e+01,
1.9781149752e+01,
1.9965511190e+01,
2.0123224109e+01,
2.0256460716e+01,
2.0367487168e+01,
2.0458619435e+01,
2.0532179815e+01,
2.0590454912e+01,
2.0635655988e+01,
2.0669882599e+01,
2.0695090472e+01,
2.0713064483e+01,
2.0725397549e+01,
2.0733476082e+01,
2.0738472491e+01,
2.0741344984e+01,
2.0742844699e+01,
2.0743529935e+01,
2.0743786991e+01,
2.0743856917e+01,
2.0743867238e+01,
2.0743868651e+01,
2.0743902016e+01,
2.0744128069e+01,
2.0744959059e+01,
2.0747174128e+01,
2.0752021530e+01,
2.0761304025e+01,
2.0777443673e+01,
2.0803522422e+01,
2.0843295163e+01,
2.0901172293e+01,
2.0982169401e+01,
2.1091822506e+01,
2.1236068470e+01,
2.1421091739e+01,
2.1653140530e+01,
2.1938317820e+01,
2.2282354929e+01,
2.2690377907e+01,
2.3166679017e+01,
2.3714506926e+01,
2.4335889402e+01,
2.5031500702e+01,
2.5800582313e+01,
2.6640920452e+01,
2.7548878069e+01,
2.8519475191e+01,
2.9546511387e+01,
3.0622728029e+01,
3.1740011939e+01,
3.2889639273e+01,
3.4062545089e+01,
3.5249586955e+01,
3.6441766248e+01,
3.7630388511e+01,
3.8807173635e+01,
3.9964344319e+01,
4.1094715728e+01,
4.2191789851e+01,
4.3249841789e+01,
4.4263981098e+01,
4.5230177593e+01,
4.6145250909e+01,
4.7006831072e+01,
4.7813300957e+01,
4.8563731081e+01,
4.9257814385e+01,
4.9895805210e+01,
5.0478463737e+01,
5.1007005332e+01,
5.1483053423e+01,
5.1908594438e+01,
5.2285933666e+01,
5.2617651235e+01,
5.2906557785e+01,
5.3155649598e+01,
5.3368063121e+01,
5.3547028931e+01,
5.3695825310e+01,
5.3817731739e+01,
5.3915982821e+01,
5.3993723299e+01,
5.4053965049e+01,
5.4099547100e+01,
5.4133099805e+01,
5.4157014397e+01,
5.4173419061e+01,
5.4184162587e+01,
5.4190806436e+01,
5.4194625783e+01,
5.4196619767e+01,
5.4197530821e+01,
5.4197872586e+01,
5.4197965555e+01,
5.4197979277e+01,
5.4197980579e+01,
5.4198007136e+01,
5.4198187061e+01,
5.4198848480e+01,
5.4200611539e+01,
5.4204469750e+01,
5.4211857916e+01,
5.4224703589e+01,
5.4245459145e+01,
5.4277111745e+01,
5.4323168733e+01,
5.4387616456e+01,
5.4474851144e+01,
5.4589581433e+01,
5.4736703375e+01,
5.4921150319e+01,
5.5147721897e+01,
5.5420898234e+01,
5.5744647446e+01,
5.6122236046e+01,
5.6556053102e+01,
5.7047459427e+01,
5.7596672696e+01,
5.8202697873e+01,
5.8863309376e+01,
5.9575086914e+01,
6.0333501200e+01,
6.1133040190e+01,
6.1967363423e+01,
6.2829473295e+01,
6.3711897454e+01,
6.4606882492e+01,
6.5506601330e+01,
6.6403372764e+01,
6.7289883396e+01,
6.8159394198e+01,
6.9005910722e+01,
6.9824299272e+01,
7.0610340004e+01,
7.1360718633e+01,
7.2072967892e+01,
7.2745375600e+01,
7.3376877543e+01,
7.3966950856e+01,
7.4515518871e+01,
7.5022873021e+01,
7.5489612716e+01,
7.5916600919e+01,
7.6304931506e+01,
7.6655904273e+01,
7.6971004015e+01,
7.7251881121e+01,
7.7500332097e+01,
7.7718279222e+01,
7.7907749045e+01,
7.8070849705e+01,
7.8209747176e+01,
7.8326640580e+01,
7.8423736744e+01,
7.8503224235e+01,
7.8567247206e+01,
7.8617879474e+01,
7.8657099412e+01,
7.8686766322e+01,
7.8708599061e+01,
7.8724157740e+01,
7.8734829285e+01,
7.8741817614e+01,
7.8746139018e+01,
7.8748623188e+01,
7.8749920088e+01,
7.8750512638e+01,
7.8750734922e+01,
7.8750795389e+01,
7.8750804314e+01,
7.8750805108e+01,
7.8750820742e+01,
7.8750926669e+01,
7.8751316063e+01,
7.8752354018e+01,
7.8754625427e+01,
7.8758974939e+01,
7.8766537195e+01,
7.8778755564e+01,
7.8797387753e+01,
7.8824496780e+01,
7.8862426075e+01,
7.8913757852e+01,
7.8981254500e+01,
7.9067783489e+01,
7.9176227293e+01,
7.9309380964e+01,
7.9469841197e+01,
7.9659891934e+01,
7.9881392561e+01,
8.0135675534e+01,
8.0423460597e+01,
8.0744792632e+01,
8.1099009310e+01,
8.1484742919e+01,
8.1899957547e+01,
8.2342018333e+01,
8.2807784226e+01,
8.3293711619e+01,
8.3795955567e+01,
8.4310459444e+01,
8.4833031549e+01,
8.5359414566e+01,
8.5885357054e+01,
8.6406693864e+01,
8.6919436335e+01,
8.7419866684e+01,
8.7904627022e+01,
8.8370792945e+01,
8.8815924118e+01,
8.9238088278e+01,
8.9635859243e+01,
9.0008292713e+01,
9.0354885539e+01,
9.0675524663e+01,
9.0970431455e+01,
9.1240106086e+01,
9.1485275227e+01,
9.1706845110e+01,
9.1905860872e+01,
9.2083472322e+01,
9.2240905686e+01,
9.2379440597e+01,
9.2500391385e+01,
9.2605091735e+01,
9.2694881805e+01,
9.2771096983e+01,
9.2835057625e+01,
9.2888059242e+01,
9.2931362792e+01,
9.2966184873e+01,
9.2993687822e+01,
9.3014969825e+01,
9.3031055328e+01,
9.3042886106e+01,
9.3051313449e+01,
9.3057091933e+01,
9.3060875237e+01,
9.3063214430e+01,
9.3064559015e+01,
9.3065260947e+01,
9.3065581650e+01,
9.3065701955e+01,
9.3065734681e+01,
9.3065739511e+01,
9.3065739938e+01,
9.3065748312e+01,
9.3065805046e+01,
9.3066013606e+01,
9.3066569526e+01,
9.3067786028e+01,
9.3070115333e+01,
9.3074164627e+01,
9.3080705644e+01,
9.3090676817e+01,
9.3105177018e+01,
9.3125450019e+01,
9.3152859039e+01,
9.3188851084e+01,
9.3234911357e+01,
9.3292508649e+01,
9.3363033483e+01,
9.3447731659e+01,
9.3547636684e+01,
9.3663505337e+01,
9.3795760987e+01,
9.3944449326e+01,
9.4109210643e+01,
9.4289271765e+01,
9.4483459263e+01,
9.4690233749e+01,
9.4907743225e+01,
9.5133891744e+01,
9.5366418448e+01,
9.5602981299e+01,
9.5841239805e+01,
9.6078931492e+01,
9.6313937815e+01,
9.6544336449e+01,
9.6768438302e+01,
9.6984809052e+01,
9.7192276327e+01,
9.7389924643e+01,
9.7577080882e+01,
9.7753293213e+01,
9.7918306208e+01,
9.8072034415e+01,
9.8214536127e+01,
9.8345988534e+01,
9.8466665007e+01,
9.8576914910e+01,
9.8677146099e+01,
9.8767810086e+01,
9.8849389733e+01,
9.8922389248e+01,
9.8987326220e+01,
9.9044725369e+01,
9.9095113699e+01,
9.9139016726e+01,
9.9176955478e+01,
9.9209443995e+01,
9.9236987075e+01,
9.9260078091e+01,
9.9279196711e+01,
9.9294806449e+01,
9.9307351994e+01,
9.9317256349e+01,
9.9324917840e+01,
9.9330707114e+01,
9.9334964272e+01,
9.9337996327e+01,
9.9340075154e+01,
9.9341436121e+01,
9.9342277563e+01,
9.9342761218e+01,
9.9343013703e+01,
9.9343129060e+01,
9.9343172333e+01,
9.9343184104e+01,
9.9343185842e+01,
9.9343185997e+01,
9.9343189083e+01,
9.9343209988e+01,
9.9343286834e+01,
9.9343491670e+01,
9.9343939897e+01,
9.9344798116e+01,
9.9346289972e+01,
9.9348699615e+01,
9.9352372362e+01,
9.9357712175e+01,
9.9365175609e+01,
9.9375261974e+01,
9.9388499600e+01,
9.9405428336e+01,
9.9426578666e+01,
9.9452448205e+01,
9.9483476663e+01,
9.9520020761e+01,
9.9562330782e+01,
9.9610530638e+01,
9.9664603201e+01,
9.9724382435e+01,
9.9789553318e+01,
9.9859659901e+01,
9.9934121098e+01,
1.0001225304e+02,
1.0009329621e+02,
1.0017644509e+02,
1.0026087811e+02,
1.0034578557e+02,
1.0043039384e+02,
1.0051398476e+02,
1.0059590955e+02,
1.0067559762e+02,
1.0075256074e+02,
1.0082639351e+02,
1.0089677119e+02,
1.0096344567e+02,
1.0102624041e+02,
1.0108504471e+02,
1.0113980753e+02,
1.0119053111e+02,
1.0123726428e+02,
1.0128009575e+02,
1.0131914728e+02,
1.0135456710e+02,
1.0138652367e+02,
1.0141520003e+02,
1.0144078885e+02,
1.0146348830e+02,
1.0148349872e+02,
1.0150102000e+02,
1.0151624972e+02,
1.0152938174e+02,
1.0154060518e+02,
1.0155010371e+02,
1.0155805494e+02,
1.0156462987e+02,
1.0156999232e+02,
1.0157429831e+02,
1.0157769535e+02,
1.0158032164e+02,
1.0158230529e+02,
1.0158376350e+02,
1.0158480183e+02,
1.0158551360e+02,
1.0158597953e+02,
1.0158626758e+02,
1.0158643315e+02,
1.0158651957e+02,
1.0158655906e+02,
1.0158657387e+02,
1.0158657790e+02,
1.0158657850e+02,
1.0158657855e+02,
1.0158657965e+02,
1.0158658711e+02,
1.0158661452e+02,
1.0158668757e+02,
1.0158684743e+02,
1.0158715350e+02,
1.0158768548e+02,
1.0158854459e+02,
1.0158985369e+02,
1.0159175624e+02,
1.0159441392e+02,
1.0159800282e+02,
1.0160270809e+02,
1.0160871719e+02,
1.0161621181e+02,
1.0162535884e+02,
1.0163630082e+02,
1.0164914653e+02,
1.0166396240e+02,
1.0168076569e+02,
1.0169952011e+02,
1.0172013451e+02,
1.0174246520e+02,
1.0176632179e+02,
1.0179147619e+02,
1.0181767395e+02,
1.0184464683e+02,
1.0187212518e+02,
1.0189984890e+02,
1.0192757604e+02,
1.0195508847e+02,
1.0198219477e+02,
1.0200873057e+02,
1.0203455729e+02,
1.0205955981e+02,
1.0208364377e+02,
1.0210673300e+02,
1.0212876730e+02,
1.0214970052e+02,
1.0216949905e+02,
1.0218814063e+02,
1.0220561327e+02,
1.0222191437e+02,
1.0223704986e+02,
1.0225103347e+02,
1.0226388600e+02,
1.0227563466e+02,
1.0228631244e+02,
1.0229595755e+02,
1.0230461286e+02,
1.0231232536e+02,
1.0231914568e+02,
1.0232512752e+02,
1.0233032715e+02,
1.0233480284e+02,
1.0233861425e+02,
1.0234182187e+02,
1.0234448628e+02,
1.0234666755e+02,
1.0234842451e+02,
1.0234981402e+02,
1.0235089038e+02,
1.0235170457e+02,
1.0235230378e+02,
1.0235273079e+02,
1.0235302368e+02,
1.0235321548e+02,
1.0235333409e+02,
1.0235340227e+02,
1.0235343786e+02,
1.0235345413e+02,
1.0235346023e+02,
1.0235346189e+02,
1.0235346213e+02,
1.0235346216e+02,
1.0235346263e+02,
1.0235346586e+02,
1.0235347774e+02,
1.0235350940e+02,
1.0235357868e+02,
1.0235371134e+02,
1.0235394198e+02,
1.0235431462e+02,
1.0235488281e+02,
1.0235570940e+02,
1.0235686571e+02,
1.0235843025e+02,
1.0236048685e+02,
1.0236312234e+02,
1.0236642376e+02,
1.0237047519e+02,
1.0237535439e+02,
1.0238112938e+02,
1.0238785514e+02,
1.0239557074e+02,
1.0240429699e+02,
1.0241403485e+02,
1.0242476468e+02,
1.0243644639e+02,
1.0244902047e+02,
1.0246240976e+02,
1.0247652179e+02,
1.0249125158e+02,
1.0250648461e+02,
1.0252209982e+02,
1.0253797256e+02,
1.0255397734e+02,
1.0256999034e+02,
1.0258589174e+02,
1.0260156778e+02,
1.0261691255e+02,
1.0263182960e+02,
1.0264623319e+02,
1.0266004922e+02,
1.0267321589e+02,
1.0268568389e+02,
1.0269741631e+02,
1.0270838821e+02,
1.0271858588e+02,
1.0272800591e+02,
1.0273665410e+02,
1.0274454431e+02,
1.0275169729e+02,
1.0275813952e+02,
1.0276390214e+02,
1.0276902001e+02,
1.0277353080e+02,
1.0277747427e+02,
1.0278089162e+02,
1.0278382487e+02,
1.0278631639e+02,
1.0278840847e+02,
1.0279014285e+02,
1.0279156036e+02,
1.0279270054e+02,
1.0279360125e+02,
1.0279429834e+02,
1.0279482527e+02,
1.0279521286e+02,
1.0279548897e+02,
1.0279567830e+02,
1.0279580226e+02,
1.0279587890e+02,
1.0279592296e+02,
1.0279594596e+02,
1.0279595647e+02,
1.0279596041e+02,
1.0279596148e+02,
1.0279596164e+02,
1.0279596166e+02,
1.0279596198e+02,
1.0279596419e+02,
1.0279597231e+02,
1.0279599397e+02,
1.0279604134e+02,
1.0279613205e+02,
1.0279628973e+02,
1.0279654441e+02,
1.0279693258e+02,
1.0279749691e+02,
1.0279828560e+02,
1.0279935136e+02,
1.0280074985e+02,
1.0280253785e+02,
1.0280477095e+02,
1.0280750094e+02,
1.0281077301e+02,
1.0281462285e+02,
1.0281907390e+02,
1.0282413488e+02,
1.0282979785e+02,
1.0283603701e+02,
1.0284280840e+02,
1.0285005054e+02,
1.0285768626e+02,
1.0286562534e+02,
1.0287376816e+02,
1.0288200982e+02,
1.0289024464e+02,
1.0289837053e+02,
1.0290629308e+02,
1.0291392887e+02,
1.0292120794e+02,
1.0292807530e+02,
1.0293449138e+02,
1.0294043161e+02,
1.0294588524e+02,
1.0295085364e+02,
1.0295534823e+02,
1.0295938836e+02,
1.0296299917e+02,
1.0296620966e+02,
1.0296905099e+02,
1.0297155507e+02,
1.0297375349e+02,
1.0297567670e+02,
1.0297735345e+02,
1.0297881045e+02,
1.0298007220e+02,
1.0298116093e+02,
1.0298209671e+02,
1.0298289751e+02,
1.0298357940e+02,
1.0298415674e+02,
1.0298464232e+02,
1.0298504760e+02,
1.0298538285e+02,
1.0298565730e+02,
1.0298587927e+02,
1.0298605630e+02,
1.0298619520e+02,
1.0298630212e+02,
1.0298638261e+02,
1.0298644163e+02,
1.0298648359e+02,
1.0298651231e+02,
1.0298653109e+02,
1.0298654270e+02,
1.0298654937e+02,
1.0298655285e+02,
1.0298655444e+02,
1.0298655503e+02,
1.0298655520e+02,
1.0298655522e+02,
1.0298655522e+02,
1.0298655528e+02,
1.0298655563e+02,
1.0298655694e+02,
1.0298656042e+02,
1.0298656803e+02,
1.0298658260e+02,
1.0298660791e+02,
1.0298664872e+02,
1.0298671078e+02,
1.0298680067e+02,
1.0298692566e+02,
1.0298709338e+02,
1.0298731142e+02,
1.0298758681e+02,
1.0298792548e+02,
1.0298833160e+02,
1.0298880703e+02,
1.0298935074e+02,
1.0298995856e+02,
1.0299062300e+02,
1.0299133345e+02,
1.0299207665e+02,
1.0299283746e+02,
1.0299359977e+02,
1.0299434762e+02,
1.0299506622e+02,
1.0299574286e+02,
1.0299636756e+02,
1.0299693349e+02,
1.0299743695e+02,
1.0299787722e+02,
1.0299825607e+02,
1.0299857726e+02,
1.0299884589e+02,
1.0299906785e+02,
1.0299924931e+02,
1.0299939631e+02,
1.0299951451e+02,
1.0299960897e+02,
1.0299968411e+02,
1.0299974370e+02,
1.0299979088e+02,
1.0299982824e+02,
1.0299985789e+02,
1.0299988149e+02,
1.0299990036e+02,
1.0299991557e+02,
1.0299992793e+02,
1.0299993809e+02,
1.0299994656e+02,
1.0299995373e+02,
1.0299995988e+02,
1.0299996523e+02,
1.0299996995e+02,
1.0299997414e+02,
1.0299997788e+02,
1.0299998122e+02,
1.0299998422e+02,
1.0299998688e+02,
1.0299998924e+02,
1.0299999132e+02,
1.0299999311e+02,
1.0299999465e+02,
1.0299999595e+02,
1.0299999701e+02,
1.0299999788e+02,
1.0299999855e+02,
1.0299999906e+02,
1.0299999944e+02,
1.0300000000e+02,
1.0300000000e+02,
1.0300000000e+02,
1.0300000000e+02,
1.0300000000e+02,
