0.0000000000e+00,
3.1141659917e-07,
9.9410368932e-06,
7.5183308297e-05,
3.1502345190e-04,
9.5436958991e-04,
2.3536662977e-03,
5.0338823818e-03,
9.6960357227e-03,
1.7234619529e-02,
2.8744509830e-02,
4.5521136902e-02,
6.9053858768e-02,
1.0101254440e-01,
1.4322732583e-01,
1.9766130262e-01,
2.6637571209e-01,
3.5148680649e-01,
4.5511355941e-01,
5.7931555441e-01,
7.2602117520e-01,
8.9694761086e-01,
1.0935161262e+00,
1.3167682051e+00,
1.5672900180e+00,
1.8451535515e+00,
2.1498821342e+00,
2.4804457693e+00,
2.8352879122e+00,
3.2123808435e+00,
3.6093026443e+00,
4.0233260210e+00,
4.4515085473e+00,
4.8907754088e+00,
5.3379889520e+00,
5.7900033101e+00,
6.2437060206e+00,
6.6960509680e+00,
7.1440876841e+00,
7.5849910678e+00,
8.0160934480e+00,
8.4349184308e+00,
8.8392140243e+00,
9.2269817230e+00,
9.5964987021e+00,
9.9463316157e+00,
1.0275342063e+01,
1.0582684945e+01,
1.0867801433e+01,
1.1130408129e+01,
1.1370483576e+01,
1.1588252724e+01,
1.1784169610e+01,
1.1958898268e+01,
1.2113291859e+01,
1.2248370018e+01,
1.2365294527e+01,
1.2465343520e+01,
1.2549884530e+01,
1.2620346762e+01,
1.2678193079e+01,
1.2724892236e+01,
1.2761891950e+01,
1.2790593425e+01,
1.2812327968e+01,
1.2828336308e+01,
1.2839751213e+01,
1.2847583895e+01,
1.2852714637e+01,
1.2855887935e+01,
1.2857712314e+01,
1.2858664817e+01,
1.2859100027e+01,
1.2859263290e+01,
1.2859307702e+01,
1.2859314257e+01,
1.2859315154e+01,
1.2859336345e+01,
1.2859479917e+01,
1.2860007700e+01,
1.2861414552e+01,
1.2864493291e+01,
1.2870388977e+01,
1.2880640159e+01,
1.2897204870e+01,
1.2922469306e+01,
1.2959237431e+01,
1.3010700101e+01,
1.3080382855e+01,
1.3172072302e+01,
1.3289722004e+01,
1.3437339950e+01,
1.3618861030e+01,
1.3838009228e+01,
1.4098155291e+01,
1.4402176376e+01,
1.4752324290e+01,
1.5150108740e+01,
1.5596201498e+01,
1.6090367069e+01,
1.6631425255e+01,
1.7217250739e+01,
1.7844813479e+01,
1.8510260728e+01,
1.9209036554e+01,
1.9936028990e+01,
2.0685730291e+01,
2.1452394339e+01,
2.2230178148e+01,
2.3013260948e+01,
2.3795942183e+01,
2.4572725516e+01,
2.5338397102e+01,
2.6088102416e+01,
2.6817419129e+01,
2.7522418043e+01,
2.8199703378e+01,
2.8846428078e+01,
2.9460286363e+01,
3.0039490485e+01,
3.0582739727e+01,
3.1089187569e+01,
3.1558409898e+01,
3.1990374692e+01,
3.2385412450e+01,
3.2744186471e+01,
3.3067662422e+01,
3.3357077048e+01,
3.3613906121e+01,
3.3839831838e+01,
3.4036709865e+01,
3.4206536151e+01,
3.4351413580e+01,
3.4473518534e+01,
3.4575067452e+01,
3.4658283589e+01,
3.4725364266e+01,
3.4778449073e+01,
3.4819589593e+01,
3.4850721351e+01,
3.4873638753e+01,
3.4889973829e+01,
3.4901179549e+01,
3.4908518414e+01,
3.4913056868e+01,
3.4915665910e+01,
3.4917028030e+01,
3.4917650386e+01,
3.4917883852e+01,
3.4917947360e+01,
3.4917956734e+01,
3.4917957624e+01,
3.4917975765e+01,
3.4918098675e+01,
3.4918550503e+01,
3.4919754883e+01,
3.4922390515e+01,
3.4927437586e+01,
3.4936212983e+01,
3.4950392326e+01,
3.4972017002e+01,
3.5003484564e+01,
3.5047521180e+01,
3.5107135243e+01,
3.5185551873e+01,
3.5286128887e+01,
3.5412255830e+01,
3.5567238850e+01,
3.5754175524e+01,
3.5975824990e+01,
3.6234479927e+01,
3.6531847734e+01,
3.6868948713e+01,
3.7246038829e+01,
3.7662563735e+01,
3.8117148980e+01,
3.8607628661e+01,
3.9131111358e+01,
3.9684078248e+01,
4.0262504491e+01,
4.0861992185e+01,
4.1477902288e+01,
4.2105474565e+01,
4.2739928797e+01,
4.3376546286e+01,
4.4010736304e+01,
4.4638095598e+01,
4.5254468652e+01,
4.5856011956e+01,
4.6439258795e+01,
4.7001175407e+01,
4.7539198027e+01,
4.8051244383e+01,
4.8535700340e+01,
4.8991388669e+01,
4.9417529406e+01,
4.9813699774e+01,
5.0179798131e+01,
5.0516012947e+01,
5.0822795789e+01,
5.1100836581e+01,
5.1351039696e+01,
5.1574500001e+01,
5.1772478523e+01,
5.1946377768e+01,
5.2097716862e+01,
5.2228106692e+01,
5.2339225190e+01,
5.2432792840e+01,
5.2510548454e+01,
5.2574225319e+01,
5.2625527824e+01,
5.2666108835e+01,
5.2697548157e+01,
5.2721332531e+01,
5.2738837716e+01,
5.2751313252e+01,
5.2759870484e+01,
5.2765474409e+01,
5.2768939800e+01,
5.2770931911e+01,
5.2771971931e+01,
5.2772447115e+01,
5.2772625372e+01,
5.2772673862e+01,
5.2772681019e+01,
5.2772681655e+01,
5.2772694193e+01,
5.2772779139e+01,
5.2773091407e+01,
5.2773923779e+01,
5.2775745309e+01,
5.2779233391e+01,
5.2785298046e+01,
5.2795097058e+01,
5.2810040653e+01,
5.2831784561e+01,
5.2862210489e+01,
5.2903393320e+01,
5.2957554782e+01,
5.3027003888e+01,
5.3114065116e+01,
5.3220996137e+01,
5.3349897720e+01,
5.3502619328e+01,
5.3680664674e+01,
5.3885102106e+01,
5.4116485062e+01,
5.4374787926e+01,
5.4659362390e+01,
5.4968918832e+01,
5.5301536246e+01,
5.5654702765e+01,
5.6025386798e+01,
5.6410136313e+01,
5.6805201020e+01,
5.7206669545e+01,
5.7610611699e+01,
5.8013215095e+01,
5.8410905992e+01,
5.8800446335e+01,
5.9179002087e+01,
5.9544181582e+01,
5.9894045953e+01,
6.0227096253e+01,
6.0542243278e+01,
6.0838766401e+01,
6.1116267099e+01,
6.1374621662e+01,
6.1613936237e+01,
6.1834506040e+01,
6.2036779590e+01,
6.2221328080e+01,
6.2388819605e+01,
6.2539997710e+01,
6.2675663714e+01,
6.2796662185e+01,
6.2903869043e+01,
6.2998181738e+01,
6.3080511040e+01,
6.3151773971e+01,
6.3212887497e+01,
6.3264762609e+01,
6.3308298520e+01,
6.3344376756e+01,
6.3373855025e+01,
6.3397560816e+01,
6.3416284785e+01,
6.3430774079e+01,
6.3441725800e+01,
6.3449780905e+01,
6.3455518847e+01,
6.3459453304e+01,
6.3462029304e+01,
6.3463622038e+01,
6.3464537556e+01,
6.3465015496e+01,
6.3465233862e+01,
6.3465315776e+01,
6.3465338059e+01,
6.3465341348e+01,
6.3465341639e+01,
6.3465347341e+01,
6.3465385971e+01,
6.3465527978e+01,
6.3465906501e+01,
6.3466734813e+01,
6.3468320834e+01,
6.3471078009e+01,
6.3475531850e+01,
6.3482321421e+01,
6.3492195132e+01,
6.3506000232e+01,
6.3524665600e+01,
6.3549177663e+01,
6.3580549626e+01,
6.3619784699e+01,
6.3667834531e+01,
6.3725554684e+01,
6.3793659535e+01,
6.3872679458e+01,
6.3962923367e+01,
6.4064449668e+01,
6.4177048310e+01,
6.4300235862e+01,
6.4433264590e+01,
6.4575145260e+01,
6.4724682188e+01,
6.4880517888e+01,
6.5041183846e+01,
6.5205153492e+01,
6.5370893549e+01,
6.5536910468e+01,
6.5701789646e+01,
6.5864226186e+01,
6.6023047017e+01,
6.6177224952e+01,
6.6325885701e+01,
6.6468309018e+01,
6.6603925081e+01,
6.6732307146e+01,
6.6853161328e+01,
6.6966314370e+01,
6.7071700152e+01,
6.7169345658e+01,
6.7259357059e+01,
6.7341906440e+01,
6.7417219588e+01,
6.7485565092e+01,
6.7547244901e+01,
6.7602586330e+01,
6.7651935428e+01,
6.7695651559e+01,
6.7734102987e+01,
6.7767663267e+01,
6.7796708218e+01,
6.7821613283e+01,
6.7842751110e+01,
6.7860489213e+01,
6.7875187606e+01,
6.7887196354e+01,
6.7896853010e+01,
6.7904479972e+01,
6.7910381797e+01,
6.7914842572e+01,
6.7918123456e+01,
6.7920460515e+01,
6.7922063001e+01,
6.7923112187e+01,
6.7923760893e+01,
6.7924133774e+01,
6.7924328434e+01,
6.7924417372e+01,
6.7924450735e+01,
6.7924459810e+01,
6.7924461150e+01,
6.7924461270e+01,
6.7924463649e+01,
6.7924479766e+01,
6.7924539014e+01,
6.7924696940e+01,
6.7925042524e+01,
6.7925704229e+01,
6.7926854534e+01,
6.7928712645e+01,
6.7931545092e+01,
6.7935663916e+01,
6.7941422223e+01,
6.7949206895e+01,
6.7959428408e+01,
6.7972507828e+01,
6.7988861283e+01,
6.8008882440e+01,
6.8032923763e+01,
6.8061277612e+01,
6.8094158383e+01,
6.8131687035e+01,
6.8173879275e+01,
6.8220638527e+01,
6.8271754427e+01,
6.8326907174e+01,
6.8385677479e+01,
6.8447561379e+01,
6.8511988715e+01,
6.8578343777e+01,
6.8645986598e+01,
6.8714273418e+01,
6.8782575231e+01,
6.8850293639e+01,
6.8916873705e+01,
6.8981813802e+01,
6.9044672686e+01,
6.9105074095e+01,
6.9162709159e+01,
6.9217336808e+01,
6.9268782308e+01,
6.9316934016e+01,
6.9361738523e+01,
6.9403194431e+01,
6.9441345147e+01,
6.9476271179e+01,
6.9508082409e+01,
6.9536910812e+01,
6.9562903960e+01,
6.9586219529e+01,
6.9607020873e+01,
6.9625473643e+01,
6.9641743323e+01,
6.9655993526e+01,
6.9668384861e+01,
6.9679074212e+01,
6.9688214268e+01,
6.9695953187e+01,
6.9702434284e+01,
6.9707795696e+01,
6.9712169964e+01,
6.9715683524e+01,
6.9718456104e+01,
6.9720600060e+01,
6.9722219660e+01,
6.9723410395e+01,
6.9724258342e+01,
6.9724839649e+01,
6.9725220192e+01,
6.9725455460e+01,
6.9725590686e+01,
6.9725661278e+01,
6.9725693530e+01,
6.9725705629e+01,
6.9725708920e+01,
6.9725709406e+01,
6.9725709450e+01,
6.9725710349e+01,
6.9725716439e+01,
6.9725738826e+01,
6.9725798497e+01,
6.9725929070e+01,
6.9726179068e+01,
6.9726613611e+01,
6.9727315402e+01,
6.9728384865e+01,
6.9729939335e+01,
6.9732111172e+01,
6.9735044725e+01,
6.9738892115e+01,
6.9743807883e+01,
6.9749942641e+01,
6.9757435994e+01,
6.9766409122e+01,
6.9776957507e+01,
6.9789144426e+01,
6.9802995774e+01,
6.9818496812e+01,
6.9835591238e+01,
6.9854182762e+01,
6.9874139105e+01,
6.9895298020e+01,
6.9917474710e+01,
6.9940469849e+01,
6.9964077434e+01,
6.9988091807e+01,
7.0012313416e+01,
7.0036553161e+01,
7.0060635370e+01,
7.0084399645e+01,
7.0107701835e+01,
7.0130414398e+01,
7.0152426359e+01,
7.0173642978e+01,
7.0193985214e+01,
7.0213389012e+01,
7.0231804452e+01,
7.0249194791e+01,
7.0265535423e+01,
7.0280812823e+01,
7.0295023485e+01,
7.0308172915e+01,
7.0320274685e+01,
7.0331349566e+01,
7.0341424743e+01,
7.0350533101e+01,
7.0358712572e+01,
7.0366005527e+01,
7.0372458196e+01,
7.0378120099e+01,
7.0383043479e+01,
7.0387282721e+01,
7.0390893745e+01,
7.0393933380e+01,
7.0396458718e+01,
7.0398526437e+01,
7.0400192121e+01,
7.0401509581e+01,
7.0402530192e+01,
7.0403302266e+01,
7.0403870491e+01,
7.0404275444e+01,
7.0404553205e+01,
7.0404735103e+01,
7.0404847585e+01,
7.0404912247e+01,
7.0404946004e+01,
7.0404961428e+01,
7.0404967214e+01,
7.0404968788e+01,
7.0404969020e+01,
7.0404969042e+01,
7.0404969495e+01,
7.0404972559e+01,
7.0404983823e+01,
7.0405013847e+01,
7.0405079552e+01,
7.0405205367e+01,
7.0405424110e+01,
7.0405777521e+01,
7.0406316418e+01,
7.0407100425e+01,
7.0408197231e+01,
7.0409681365e+01,
7.0411632469e+01,
7.0414133094e+01,
7.0417266076e+01,
7.0421111555e+01,
7.0425743796e+01,
7.0431227935e+01,
7.0437616871e+01,
7.0444948471e+01,
7.0453243298e+01,
7.0462503013e+01,
7.0472709564e+01,
7.0483825208e+01,
7.0495793345e+01,
7.0508540071e+01,
7.0521976324e+01,
7.0536000453e+01,
7.0550501047e+01,
7.0565359874e+01,
7.0580454809e+01,
7.0595662674e+01,
7.0610861921e+01,
7.0625935120e+01,
7.0640771213e+01,
7.0655267495e+01,
7.0669331272e+01,
7.0682881161e+01,
7.0695847985e+01,
7.0708175253e+01,
7.0719819228e+01,
7.0730748603e+01,
7.0740943850e+01,
7.0750396304e+01,
7.0759107053e+01,
7.0767085735e+01,
7.0774349279e+01,
7.0780920692e+01,
7.0786827904e+01,
7.0792102724e+01,
7.0796779915e+01,
7.0800896390e+01,
7.0804490538e+01,
7.0807601639e+01,
7.0810269388e+01,
7.0812533466e+01,
7.0814433180e+01,
7.0816007123e+01,
7.0817292858e+01,
7.0818326615e+01,
7.0819142986e+01,
7.0819774633e+01,
7.0820252007e+01,
7.0820603090e+01,
7.0820853162e+01,
7.0821024627e+01,
7.0821136886e+01,
7.0821206293e+01,
7.0821246189e+01,
7.0821267016e+01,
7.0821276532e+01,
7.0821280102e+01,
7.0821281073e+01,
7.0821281216e+01,
7.0821281230e+01,
7.0821281526e+01,
7.0821283526e+01,
7.0821290881e+01,
7.0821310486e+01,
7.0821353386e+01,
7.0821435523e+01,
7.0821578296e+01,
7.0821808882e+01,
7.0822160290e+01,
7.0822671096e+01,
7.0823384833e+01,
7.0824348999e+01,
7.0825613667e+01,
7.0827229716e+01,
7.0829246695e+01,
7.0831710406e+01,
7.0834660295e+01,
7.0838126805e+01,
7.0842128850e+01,
7.0846671621e+01,
7.0851744911e+01,
7.0857322164e+01,
7.0863360384e+01,
7.0869801008e+01,
7.0876571746e+01,
7.0883589319e+01,
7.0890762918e+01,
7.0897998142e+01,
7.0905201106e+01,
7.0912282395e+01,
7.0919160576e+01,
7.0925764992e+01,
7.0932037704e+01,
7.0937934501e+01,
7.0943425008e+01,
7.0948492018e+01,
7.0953130203e+01,
7.0957344415e+01,
7.0961147761e+01,
7.0964559646e+01,
7.0967603898e+01,
7.0970307108e+01,
7.0972697207e+01,
7.0974802330e+01,
7.0976649953e+01,
7.0978266271e+01,
7.0979675804e+01,
7.0980901164e+01,
7.0981962973e+01,
7.0982879871e+01,
7.0983668607e+01,
7.0984344163e+01,
7.0984919916e+01,
7.0985407803e+01,
7.0985818486e+01,
7.0986161513e+01,
7.0986445457e+01,
7.0986678044e+01,
7.0986866258e+01,
7.0987016428e+01,
7.0987134292e+01,
7.0987225047e+01,
7.0987293383e+01,
7.0987343500e+01,
7.0987379127e+01,
7.0987403520e+01,
7.0987419475e+01,
7.0987429334e+01,
7.0987434999e+01,
7.0987437956e+01,
7.0987439306e+01,
7.0987439813e+01,
7.0987439951e+01,
7.0987439971e+01,
7.0987439973e+01,
7.0987440018e+01,
7.0987440320e+01,
7.0987441429e+01,
7.0987444385e+01,
7.0987450854e+01,
7.0987463232e+01,
7.0987484731e+01,
7.0987519404e+01,
7.0987572129e+01,
7.0987648524e+01,
7.0987754780e+01,
7.0987897415e+01,
7.0988082937e+01,
7.0988317430e+01,
7.0988606071e+01,
7.0988952621e+01,
7.0989358936e+01,
7.0989824540e+01,
7.0990346349e+01,
7.0990918570e+01,
7.0991532833e+01,
7.0992178572e+01,
7.0992843610e+01,
7.0993514912e+01,
7.0994179423e+01,
7.0994824880e+01,
7.0995440522e+01,
7.0996017613e+01,
7.0996549739e+01,
7.0997032881e+01,
7.0997465281e+01,
7.0997847158e+01,
7.0998180337e+01,
7.0998467843e+01,
7.0998713510e+01,
7.0998921627e+01,
7.0999096639e+01,
7.0999242911e+01,
7.0999364552e+01,
7.0999465320e+01,
7.0999548568e+01,
7.0999617246e+01,
7.0999673910e+01,
7.0999720746e+01,
7.0999759597e+01,
7.0999791993e+01,
7.0999819193e+01,
7.0999842223e+01,
7.0999861921e+01,
7.0999878961e+01,
7.0999893879e+01,
7.0999907085e+01,
7.0999918886e+01,
7.0999929503e+01,
7.0999939090e+01,
7.0999947758e+01,
7.0999955582e+01,
7.0999962619e+01,
7.0999968913e+01,
7.0999974498e+01,
7.0999979404e+01,
7.0999983665e+01,
7.0999987312e+01,
7.0999990382e+01,
7.0999992917e+01,
7.0999994961e+01,
7.0999996565e+01,
7.0999997781e+01,
7.0999998663e+01,
7.0999999268e+01,
7.1000000000e+01,
7.1000000000e+01,
7.1000000000e+01,
7.1000000000e+01,
