0.0000000000e+00,
6.2360099662e-07,
1.9906586999e-05,
1.5055207101e-04,
6.3082491600e-04,
1.9111037900e-03,
4.7132051000e-03,
1.0080490823e-02,
1.9417133358e-02,
3.4515329750e-02,
5.7569679102e-02,
9.1178272201e-02,
1.3833017506e-01,
2.0237879710e-01,
2.8700004559e-01,
3.9613323192e-01,
5.3390167536e-01,
7.0450937353e-01,
9.1211071682e-01,
1.1606527643e+00,
1.4536944563e+00,
1.7942139000e+00,
2.1844220346e+00,
2.6256061124e+00,
3.1180268028e+00,
3.6608865303e+00,
4.2523741290e+00,
4.8897749159e+00,
5.5696207543e+00,
6.2878469379e+00,
7.0399253522e+00,
7.8209565588e+00,
8.6257233759e+00,
9.4487280744e+00,
1.0284245631e+01,
1.1126419182e+01,
1.1969400227e+01,
1.2807506655e+01,
1.3635356668e+01,
1.4447949304e+01,
1.5240692447e+01,
1.6009402726e+01,
1.6750303978e+01,
1.7460037967e+01,
1.8135686942e+01,
1.8774800277e+01,
1.9375417009e+01,
1.9936079011e+01,
2.0455832794e+01,
2.0934220314e+01,
2.1371260301e+01,
2.1767421939e+01,
2.2123592572e+01,
2.2441040748e+01,
2.2721375594e+01,
2.2966503235e+01,
2.3178580813e+01,
2.3359968625e+01,
2.3513180889e+01,
2.3640835734e+01,
2.3745605117e+01,
2.3830165469e+01,
2.3897149989e+01,
2.3949103592e+01,
2.3988441570e+01,
2.4017413027e+01,
2.4038070109e+01,
2.4052243961e+01,
2.4061528163e+01,
2.4067270213e+01,
2.4070571369e+01,
2.4072294884e+01,
2.4073082375e+01,
2.4073377791e+01,
2.4073458151e+01,
2.4073470012e+01,
2.4073471636e+01,
2.4073509980e+01,
2.4073769766e+01,
2.4074724760e+01,
2.4077270369e+01,
2.4082841092e+01,
2.4093508625e+01,
2.4112056212e+01,
2.4142025074e+01,
2.4187729016e+01,
2.4254233731e+01,
2.4347297976e+01,
2.4473274765e+01,
2.4638972127e+01,
2.4851474861e+01,
2.5117931055e+01,
2.5445309878e+01,
2.5840140042e+01,
2.6308241083e+01,
2.6854461736e+01,
2.7482440641e+01,
2.8194403985e+01,
2.8991012240e+01,
2.9871264437e+01,
3.0832464709e+01,
3.1870253742e+01,
3.2978707834e+01,
3.4150507900e+01,
3.5377174688e+01,
3.6649351271e+01,
3.7957096409e+01,
3.9290148879e+01,
4.0638143475e+01,
4.1990791473e+01,
4.3338055342e+01,
4.4670336870e+01,
4.5978671925e+01,
4.7254905779e+01,
4.8491821309e+01,
4.9683205367e+01,
5.0823855936e+01,
5.1909545530e+01,
5.2936960792e+01,
5.3903635388e+01,
5.4807886440e+01,
5.5648757691e+01,
5.6425967837e+01,
5.7139860669e+01,
5.7791354220e+01,
5.8381887681e+01,
5.8913366323e+01,
5.9388105475e+01,
5.9808774717e+01,
6.0178343057e+01,
6.0500025429e+01,
6.0777230401e+01,
6.1013508788e+01,
6.1212502846e+01,
6.1377895818e+01,
6.1513361840e+01,
6.1622516494e+01,
6.1708868573e+01,
6.1775773920e+01,
6.1826392411e+01,
6.1863649336e+01,
6.1890202505e+01,
6.1908416382e+01,
6.1920344436e+01,
6.1927720669e+01,
6.1931960995e+01,
6.1934174747e+01,
6.1935186211e+01,
6.1935565643e+01,
6.1935668857e+01,
6.1935684091e+01,
6.1935685537e+01,
6.1935715021e+01,
6.1935914776e+01,
6.1936649088e+01,
6.1938606448e+01,
6.1942889834e+01,
6.1951092078e+01,
6.1965352872e+01,
6.1988394118e+01,
6.2023530507e+01,
6.2074652514e+01,
6.2146179445e+01,
6.2242980932e+01,
6.2370266354e+01,
6.2533443111e+01,
6.2737946527e+01,
6.2989046330e+01,
6.3291636920e+01,
6.3650020888e+01,
6.4067697010e+01,
6.4547164995e+01,
6.5089759214e+01,
6.5695522322e+01,
6.6363127331e+01,
6.7089853711e+01,
6.7871620387e+01,
6.8703076636e+01,
6.9577750736e+01,
7.0488254709e+01,
7.1426539862e+01,
7.2384191206e+01,
7.3352740075e+01,
7.4323966439e+01,
7.5290159355e+01,
7.6244308347e+01,
7.7180210395e+01,
7.8092493423e+01,
7.8976573139e+01,
7.9828570825e+01,
8.0645222421e+01,
8.1423803686e+01,
8.2162084715e+01,
8.2858313762e+01,
8.3511219678e+01,
8.4120017501e+01,
8.4684403757e+01,
8.5204534689e+01,
8.5680988123e+01,
8.6114714854e+01,
8.6506986783e+01,
8.6859347486e+01,
8.7173568153e+01,
8.7451609350e+01,
8.7695587568e+01,
8.7907744964e+01,
8.8090420761e+01,
8.8246023171e+01,
8.8377001091e+01,
8.8485815270e+01,
8.8574908930e+01,
8.8646678115e+01,
8.8703442244e+01,
8.8747415537e+01,
8.8780680116e+01,
8.8805161662e+01,
8.8822608577e+01,
8.8834575543e+01,
8.8842412317e+01,
8.8847258431e+01,
8.8850044249e+01,
8.8851498635e+01,
8.8852163142e+01,
8.8852412419e+01,
8.8852480228e+01,
8.8852490237e+01,
8.8852491127e+01,
8.8852508661e+01,
8.8852627451e+01,
8.8853064131e+01,
8.8854228134e+01,
8.8856775385e+01,
8.8861653140e+01,
8.8870133918e+01,
8.8883836610e+01,
8.8904732916e+01,
8.8935137493e+01,
8.8977680447e+01,
8.9035261278e+01,
8.9110984028e+01,
8.9208074250e+01,
8.9329779507e+01,
8.9479256327e+01,
8.9659447817e+01,
8.9872957254e+01,
9.0121923796e+01,
9.0407906748e+01,
9.0731784554e+01,
9.1093673925e+01,
9.1492873463e+01,
9.1927835254e+01,
9.2396167328e+01,
9.2894669694e+01,
9.3419406278e+01,
9.3965813841e+01,
9.4528846182e+01,
9.5103147655e+01,
9.5683245067e+01,
9.6263742892e+01,
9.6839504857e+01,
9.7405806348e+01,
9.7958446481e+01,
9.8493815087e+01,
9.9008916487e+01,
9.9501357308e+01,
9.9969308554e+01,
1.0041145263e+02,
1.0082692446e+02,
1.0121525309e+02,
1.0157630752e+02,
1.0191024805e+02,
1.0221748306e+02,
1.0249863075e+02,
1.0275448498e+02,
1.0298598482e+02,
1.0319418756e+02,
1.0338024502e+02,
1.0354538296e+02,
1.0369088319e+02,
1.0381806827e+02,
1.0392828784e+02,
1.0402290652e+02,
1.0410329242e+02,
1.0417080614e+02,
1.0422678978e+02,
1.0427255570e+02,
1.0430937518e+02,
1.0433846676e+02,
1.0436098485e+02,
1.0437800859e+02,
1.0439053163e+02,
1.0439945323e+02,
1.0440557117e+02,
1.0440957697e+02,
1.0441205382e+02,
1.0441347757e+02,
1.0441422084e+02,
1.0441456043e+02,
1.0441468782e+02,
1.0441472247e+02,
1.0441472759e+02,
1.0441472804e+02,
1.0441473691e+02,
1.0441479698e+02,
1.0441501783e+02,
1.0441560650e+02,
1.0441689467e+02,
1.0441936128e+02,
1.0442364943e+02,
1.0443057675e+02,
1.0444113792e+02,
1.0445649854e+02,
1.0447797935e+02,
1.0450703041e+02,
1.0454519472e+02,
1.0459406191e+02,
1.0465521268e+02,
1.0473015608e+02,
1.0482026206e+02,
1.0492669312e+02,
1.0505033893e+02,
1.0519175880e+02,
1.0535113631e+02,
1.0552825011e+02,
1.0572246363e+02,
1.0593273472e+02,
1.0615764474e+02,
1.0639544425e+02,
1.0664411167e+02,
1.0690142019e+02,
1.0716500852e+02,
1.0743245187e+02,
1.0770133021e+02,
1.0796929200e+02,
1.0823411155e+02,
1.0849373848e+02,
1.0874633770e+02,
1.0899031826e+02,
1.0922435042e+02,
1.0944737070e+02,
1.0965857603e+02,
1.0985740870e+02,
1.1004353452e+02,
1.1021681685e+02,
1.1037728873e+02,
1.1052512526e+02,
1.1066061761e+02,
1.1078414962e+02,
1.1089617752e+02,
1.1099721270e+02,
1.1108780753e+02,
1.1116854384e+02,
1.1124002370e+02,
1.1130286191e+02,
1.1135768014e+02,
1.1140510188e+02,
1.1144574826e+02,
1.1148023419e+02,
1.1150916469e+02,
1.1153313120e+02,
1.1155270779e+02,
1.1156844714e+02,
1.1158087646e+02,
1.1159049327e+02,
1.1159776129e+02,
1.1160310653e+02,
1.1160691389e+02,
1.1160952445e+02,
1.1161123361e+02,
1.1161229035e+02,
1.1161289777e+02,
1.1161321487e+02,
1.1161335975e+02,
1.1161341410e+02,
1.1161342888e+02,
1.1161343106e+02,
1.1161343126e+02,
1.1161343513e+02,
1.1161346139e+02,
1.1161355790e+02,
1.1161381516e+02,
1.1161437810e+02,
1.1161545599e+02,
1.1161732974e+02,
1.1162035638e+02,
1.1162496990e+02,
1.1163167826e+02,
1.1164105601e+02,
1.1165373224e+02,
1.1167037373e+02,
1.1169166342e+02,
1.1171827474e+02,
1.1175084253e+02,
1.1178993198e+02,
1.1183600719e+02,
1.1188940145e+02,
1.1195029135e+02,
1.1201867689e+02,
1.1209436948e+02,
1.1217698905e+02,
1.1226597109e+02,
1.1236058323e+02,
1.1245995055e+02,
1.1256308798e+02,
1.1266893754e+02,
1.1277640800e+02,
1.1288441445e+02,
1.1299191512e+02,
1.1309794337e+02,
1.1320163290e+02,
1.1330223508e+02,
1.1339912799e+02,
1.1349181766e+02,
1.1357993271e+02,
1.1366321426e+02,
1.1374150271e+02,
1.1381472352e+02,
1.1388287302e+02,
1.1394600533e+02,
1.1400422083e+02,
1.1405765630e+02,
1.1410647674e+02,
1.1415086859e+02,
1.1419103424e+02,
1.1422718763e+02,
1.1425955062e+02,
1.1428835025e+02,
1.1431381640e+02,
1.1433618002e+02,
1.1435567168e+02,
1.1437252036e+02,
1.1438695235e+02,
1.1439919026e+02,
1.1440945202e+02,
1.1441794982e+02,
1.1442488893e+02,
1.1443046650e+02,
1.1443487022e+02,
1.1443827695e+02,
1.1444085132e+02,
1.1444274446e+02,
1.1444409284e+02,
1.1444501733e+02,
1.1444562259e+02,
1.1444599680e+02,
1.1444621190e+02,
1.1444632418e+02,
1.1444637549e+02,
1.1444639473e+02,
1.1444639997e+02,
1.1444640074e+02,
1.1444640081e+02,
1.1444640224e+02,
1.1444641193e+02,
1.1444644754e+02,
1.1444654246e+02,
1.1444675016e+02,
1.1444714785e+02,
1.1444783916e+02,
1.1444895573e+02,
1.1445065753e+02,
1.1445313167e+02,
1.1445658952e+02,
1.1446126214e+02,
1.1446739385e+02,
1.1447523399e+02,
1.1448502722e+02,
1.1449700245e+02,
1.1451136117e+02,
1.1452826574e+02,
1.1454782836e+02,
1.1457010182e+02,
1.1459507261e+02,
1.1462265720e+02,
1.1465270197e+02,
1.1468498695e+02,
1.1471923326e+02,
1.1475511362e+02,
1.1479226538e+02,
1.1483030491e+02,
1.1486884242e+02,
1.1490749598e+02,
1.1494590408e+02,
1.1498373572e+02,
1.1502069783e+02,
1.1505653983e+02,
1.1509105533e+02,
1.1512408158e+02,
1.1515549695e+02,
1.1518521712e+02,
1.1521319049e+02,
1.1523939336e+02,
1.1526382520e+02,
1.1528650421e+02,
1.1530746355e+02,
1.1532674805e+02,
1.1534441155e+02,
1.1536051480e+02,
1.1537512377e+02,
1.1538830838e+02,
1.1540014157e+02,
1.1541069849e+02,
1.1542005595e+02,
1.1542829195e+02,
1.1543548523e+02,
1.1544171490e+02,
1.1544706007e+02,
1.1545159938e+02,
1.1545541063e+02,
1.1545857023e+02,
1.1546115268e+02,
1.1546323001e+02,
1.1546487115e+02,
1.1546614137e+02,
1.1546710159e+02,
1.1546780792e+02,
1.1546831111e+02,
1.1546865615e+02,
1.1546888208e+02,
1.1546902177e+02,
1.1546910206e+02,
1.1546914398e+02,
1.1546916313e+02,
1.1546917032e+02,
1.1546917227e+02,
1.1546917256e+02,
1.1546917259e+02,
1.1546917315e+02,
1.1546917695e+02,
1.1546919094e+02,
1.1546922822e+02,
1.1546930980e+02,
1.1546946601e+02,
1.1546973755e+02,
1.1547017617e+02,
1.1547084476e+02,
1.1547181696e+02,
1.1547317604e+02,
1.1547501321e+02,
1.1547742521e+02,
1.1548051116e+02,
1.1548436897e+02,
1.1548909117e+02,
1.1549476056e+02,
1.1550144581e+02,
1.1550919742e+02,
1.1551804413e+02,
1.1552799039e+02,
1.1553901477e+02,
1.1555106965e+02,
1.1556408222e+02,
1.1557795660e+02,
1.1559257694e+02,
1.1560781141e+02,
1.1562351654e+02,
1.1563954185e+02,
1.1565573447e+02,
1.1567194350e+02,
1.1568802399e+02,
1.1570384040e+02,
1.1571926951e+02,
1.1573420256e+02,
1.1574854682e+02,
1.1576222641e+02,
1.1577518241e+02,
1.1578737249e+02,
1.1579876989e+02,
1.1580936209e+02,
1.1581914918e+02,
1.1582814204e+02,
1.1583636050e+02,
1.1584383152e+02,
1.1585058754e+02,
1.1585666491e+02,
1.1586210264e+02,
1.1586694128e+02,
1.1587122202e+02,
1.1587498605e+02,
1.1587827401e+02,
1.1588112565e+02,
1.1588357957e+02,
1.1588567304e+02,
1.1588744192e+02,
1.1588892058e+02,
1.1589014181e+02,
1.1589113682e+02,
1.1589193513e+02,
1.1589256450e+02,
1.1589305080e+02,
1.1589341795e+02,
1.1589368777e+02,
1.1589387985e+02,
1.1589401150e+02,
1.1589409766e+02,
1.1589415093e+02,
1.1589418155e+02,
1.1589419753e+02,
1.1589420483e+02,
1.1589420757e+02,
1.1589420832e+02,
1.1589420843e+02,
1.1589420844e+02,
1.1589420866e+02,
1.1589421020e+02,
1.1589421584e+02,
1.1589423088e+02,
1.1589426380e+02,
1.1589432681e+02,
1.1589443631e+02,
1.1589461311e+02,
1.1589488239e+02,
1.1589527350e+02,
1.1589581937e+02,
1.1589655561e+02,
1.1589751930e+02,
1.1589874738e+02,
1.1590027486e+02,
1.1590213264e+02,
1.1590434540e+02,
1.1590692939e+02,
1.1590989049e+02,
1.1591322274e+02,
1.1591690738e+02,
1.1592091269e+02,
1.1592519469e+02,
1.1592969864e+02,
1.1593436140e+02,
1.1593911433e+02,
1.1594388665e+02,
1.1594860883e+02,
1.1595321581e+02,
1.1595764973e+02,
1.1596186210e+02,
1.1596581498e+02,
1.1596948160e+02,
1.1597284605e+02,
1.1597590241e+02,
1.1597865350e+02,
1.1598110921e+02,
1.1598328491e+02,
1.1598519973e+02,
1.1598687517e+02,
1.1598833374e+02,
1.1598959802e+02,
1.1599068984e+02,
1.1599162979e+02,
1.1599243682e+02,
1.1599312813e+02,
1.1599371909e+02,
1.1599422326e+02,
1.1599465254e+02,
1.1599501725e+02,
1.1599532634e+02,
1.1599558751e+02,
1.1599580740e+02,
1.1599599172e+02,
1.1599614540e+02,
1.1599627271e+02,
1.1599637734e+02,
1.1599646253e+02,
1.1599653112e+02,
1.1599658563e+02,
1.1599662827e+02,
1.1599666102e+02,
1.1599668563e+02,
1.1599670365e+02,
1.1599671645e+02,
1.1599672521e+02,
1.1599673093e+02,
1.1599673446e+02,
1.1599673650e+02,
1.1599673756e+02,
1.1599673804e+02,
1.1599673822e+02,
1.1599673827e+02,
1.1599673828e+02,
1.1599673828e+02,
1.1599673830e+02,
1.1599673840e+02,
1.1599673880e+02,
1.1599673986e+02,
1.1599674218e+02,
1.1599674661e+02,
1.1599675431e+02,
1.1599676672e+02,
1.1599678557e+02,
1.1599681284e+02,
1.1599685067e+02,
1.1599690129e+02,
1.1599696685e+02,
1.1599704923e+02,
1.1599714990e+02,
1.1599726966e+02,
1.1599740849e+02,
1.1599756543e+02,
1.1599773844e+02,
1.1599792451e+02,
1.1599811976e+02,
1.1599831968e+02,
1.1599851942e+02,
1.1599871420e+02,
1.1599889963e+02,
1.1599907202e+02,
1.1599922864e+02,
1.1599936775e+02,
1.1599948867e+02,
1.1599959162e+02,
1.1599967757e+02,
1.1599974803e+02,
1.1599980482e+02,
1.1599984992e+02,
1.1599988525e+02,
1.1599991260e+02,
1.1599993358e+02,
1.1599994954e+02,
1.1599996160e+02,
1.1599997068e+02,
1.1599997751e+02,
1.1599998267e+02,
1.1599998660e+02,
1.1599998963e+02,
1.1599999203e+02,
1.1599999400e+02,
1.1599999567e+02,
1.1599999713e+02,
1.1599999841e+02,
1.1599999932e+02,
1.1599999909e+02,
1.1599999901e+02,
1.1599999915e+02,
1.1599999940e+02,
1.1600000000e+02,
1.1600000000e+02,
1.1600000000e+02,
1.1600000000e+02,
1.1600000000e+02,
1.1600000000e+02,
1.1600000000e+02,
1.1600000000e+02,
1.1600000000e+02,
1.1600000000e+02,
1.1600000000e+02,
1.1600000000e+02,
1.1600000000e+02,
1.1600000000e+02,
1.1600000000e+02,
1.1600000000e+02,
1.1600000000e+02,
1.1600000000e+02,
1.1600000000e+02,
1.1600000000e+02,
