0.0000000000e+00,
2.2971500258e-08,
7.3329599992e-07,
5.5458576007e-06,
2.3237476700e-05,
7.0397863899e-05,
1.7361242550e-04,
3.7130061290e-04,
7.1514447150e-04,
1.2710552023e-03,
2.1196404032e-03,
3.3561505140e-03,
5.0898990875e-03,
7.4431669892e-03,
1.0549614672e-02,
1.4552238571e-02,
1.9600916916e-02,
2.5849596754e-02,
3.3453177915e-02,
4.2564151799e-02,
5.3329054296e-02,
6.5884794113e-02,
8.0354921659e-02,
9.6845910388e-02,
1.1544353230e-01,
1.3620942186e-01,
1.5917793597e-01,
1.8435342978e-01,
2.1170807576e-01,
2.4118035324e-01,
2.7267432606e-01,
3.0605980401e-01,
3.4117345127e-01,
3.7782086283e-01,
4.1577958138e-01,
4.5480297765e-01,
4.9462487065e-01,
5.3496472545e-01,
5.7553323932e-01,
6.1603811263e-01,
6.5618980143e-01,
6.9570706070e-01,
7.3432211042e-01,
7.7178528600e-01,
8.0786906852e-01,
8.4237142391e-01,
8.7511841217e-01,
9.0596605571e-01,
9.3480147882e-01,
9.6154334796e-01,
9.8614165559e-01,
1.0085768986e+00,
1.0288587081e+00,
1.0470239904e+00,
1.0631346417e+00,
1.0772748978e+00,
1.0895483870e+00,
1.1000749489e+00,
1.1089872909e+00,
1.1164275516e+00,
1.1225438442e+00,
1.1274868560e+00,
1.1314065782e+00,
1.1344492402e+00,
1.1367545209e+00,
1.1384531037e+00,
1.1396646329e+00,
1.1404961229e+00,
1.1410408560e+00,
1.1413777949e+00,
1.1415715161e+00,
1.1416726604e+00,
1.1417188750e+00,
1.1417362119e+00,
1.1417409280e+00,
1.1417416240e+00,
1.1417417193e+00,
1.1417439696e+00,
1.1417592156e+00,
1.1418152615e+00,
1.1419646596e+00,
1.1422916156e+00,
1.1429177826e+00,
1.1440067149e+00,
1.1457667791e+00,
1.1484523556e+00,
1.1523631991e+00,
1.1578418684e+00,
1.1652691850e+00,
1.1750577323e+00,
1.1876434625e+00,
1.2034755461e+00,
1.2230046624e+00,
1.2466700065e+00,
1.2748853649e+00,
1.3080246956e+00,
1.3464077339e+00,
1.3902862233e+00,
1.4398314366e+00,
1.4951236844e+00,
1.5561444922e+00,
1.6227720493e+00,
1.6947803735e+00,
1.7718424136e+00,
1.8535370274e+00,
1.9393594738e+00,
2.0287347752e+00,
2.1210330936e+00,
2.2155861453e+00,
2.3117036810e+00,
2.4086891676e+00,
2.5058540069e+00,
2.6025298666e+00,
2.6980789489e+00,
2.7919022302e+00,
2.8834458577e+00,
2.9722059709e+00,
3.0577322315e+00,
3.1396303123e+00,
3.2175635391e+00,
3.2912538082e+00,
3.3604818452e+00,
3.4250868305e+00,
3.4849653910e+00,
3.5400699588e+00,
3.5904065007e+00,
3.6360316419e+00,
3.6770492160e+00,
3.7136062926e+00,
3.7458887381e+00,
3.7741163724e+00,
3.7985377897e+00,
3.8194249131e+00,
3.8370673587e+00,
3.8517666902e+00,
3.8638306554e+00,
3.8735675025e+00,
3.8812804868e+00,
3.8872626833e+00,
3.8917922289e+00,
3.8951281137e+00,
3.8975066418e+00,
3.8991386646e+00,
3.9002076757e+00,
3.9008688320e+00,
3.9012489364e+00,
3.9014473868e+00,
3.9015380607e+00,
3.9015720757e+00,
3.9015813286e+00,
3.9015826943e+00,
3.9015828239e+00,
3.9015854671e+00,
3.9016033746e+00,
3.9016692045e+00,
3.9018446815e+00,
3.9022287027e+00,
3.9029641263e+00,
3.9042429621e+00,
3.9063097078e+00,
3.9094626054e+00,
3.9140526323e+00,
3.9204800896e+00,
3.9291887098e+00,
3.9406572847e+00,
3.9553889045e+00,
3.9738980119e+00,
3.9966955868e+00,
4.0242729087e+00,
4.0570844576e+00,
4.0955306150e+00,
4.1399409054e+00,
4.1905585512e+00,
4.2475271148e+00,
4.3108799615e+00,
4.3805331988e+00,
4.4562826442e+00,
4.5378052315e+00,
4.6246650793e+00,
4.7163241816e+00,
4.8121573418e+00,
4.9114705444e+00,
5.0135215337e+00,
5.1175410397e+00,
5.2227530041e+00,
5.3283923905e+00,
5.4337196843e+00,
5.5380318605e+00,
5.6406701984e+00,
5.7410256977e+00,
5.8385429229e+00,
5.9327229430e+00,
6.0231257504e+00,
6.1093722690e+00,
6.1911458694e+00,
6.2681932246e+00,
6.3403243462e+00,
6.4074117021e+00,
6.4693884009e+00,
6.5262454989e+00,
6.5780285432e+00,
6.6248334886e+00,
6.6668021324e+00,
6.7041171989e+00,
6.7369971808e+00,
6.7656910235e+00,
6.7904727124e+00,
6.8116358101e+00,
6.8294879801e+00,
6.8443455332e+00,
6.8565280417e+00,
6.8663530779e+00,
6.8741311470e+00,
6.8801609052e+00,
6.8847247614e+00,
6.8880849749e+00,
6.8904803618e+00,
6.8921237169e+00,
6.8932000470e+00,
6.8938656887e+00,
6.8942483577e+00,
6.8944481428e+00,
6.8945394256e+00,
6.8945736689e+00,
6.8945829839e+00,
6.8945843587e+00,
6.8945844811e+00,
6.8945868896e+00,
6.8946032079e+00,
6.8946631953e+00,
6.8948230977e+00,
6.8951730300e+00,
6.8958431538e+00,
6.8970083838e+00,
6.8988913807e+00,
6.9017636081e+00,
6.9059442648e+00,
6.9117969432e+00,
6.9197239211e+00,
6.9301580644e+00,
6.9435524099e+00,
6.9603676043e+00,
6.9810575010e+00,
7.0060533431e+00,
7.0357470969e+00,
7.0704746116e+00,
7.1104993784e+00,
7.1559977144e+00,
7.2070462101e+00,
7.2636122310e+00,
7.3255481673e+00,
7.3925899667e+00,
7.4643602751e+00,
7.5403762558e+00,
7.6200618679e+00,
7.7027640871e+00,
7.7877722620e+00,
7.8743395605e+00,
7.9617053004e+00,
8.0491168960e+00,
8.1358502182e+00,
8.2212273358e+00,
8.3046308716e+00,
8.3855145305e+00,
8.4634096858e+00,
8.5379282199e+00,
8.6087620540e+00,
8.6756799716e+00,
8.7385224121e+00,
8.7971949212e+00,
8.8516608780e+00,
8.9019340253e+00,
8.9480712063e+00,
8.9901655889e+00,
9.0283405452e+00,
9.0627442568e+00,
9.0935450446e+00,
9.1209273621e+00,
9.1450883660e+00,
9.1662349503e+00,
9.1845811359e+00,
9.2003457049e+00,
9.2137499875e+00,
9.2250157260e+00,
9.2343629605e+00,
9.2420079060e+00,
9.2481608159e+00,
9.2530238462e+00,
9.2567889614e+00,
9.2596359371e+00,
9.2617305319e+00,
9.2632229055e+00,
9.2642463661e+00,
9.2649165223e+00,
9.2653309046e+00,
9.2655691046e+00,
9.2656934582e+00,
9.2657502744e+00,
9.2657715879e+00,
9.2657773856e+00,
9.2657782414e+00,
9.2657783170e+00,
9.2657798006e+00,
9.2657898518e+00,
9.2658268009e+00,
9.2659252904e+00,
9.2661408161e+00,
9.2665535120e+00,
9.2672710005e+00,
9.2684301349e+00,
9.2701974633e+00,
9.2727682592e+00,
9.2763639851e+00,
9.2812280931e+00,
9.2876201303e+00,
9.2958081983e+00,
9.3060599235e+00,
9.3186322246e+00,
9.3337602989e+00,
9.3516463809e+00,
9.3724489396e+00,
9.3962730398e+00,
9.4231625998e+00,
9.4530951982e+00,
9.4859799259e+00,
9.5216585511e+00,
9.5599099806e+00,
9.6004577104e+00,
9.6429796814e+00,
9.6871197569e+00,
9.7324999291e+00,
9.7787323663e+00,
9.8254305311e+00,
9.8722187930e+00,
9.9187402066e+00,
9.9646623713e+00,
1.0009681498e+01,
1.0053524950e+01,
1.0095952594e+01,
1.0136757294e+01,
1.0175764815e+01,
1.0212833325e+01,
1.0247852583e+01,
1.0280742847e+01,
1.0311453469e+01,
1.0339961163e+01,
1.0366267945e+01,
1.0390398756e+01,
1.0412398866e+01,
1.0432331138e+01,
1.0450273271e+01,
1.0466315127e+01,
1.0480556230e+01,
1.0493103495e+01,
1.0504069205e+01,
1.0513569246e+01,
1.0521721563e+01,
1.0528644802e+01,
1.0534457092e+01,
1.0539274925e+01,
1.0543212094e+01,
1.0546378666e+01,
1.0548879988e+01,
1.0550815717e+01,
1.0552278895e+01,
1.0553355108e+01,
1.0554121747e+01,
1.0554647431e+01,
1.0554991614e+01,
1.0555204422e+01,
1.0555326747e+01,
1.0555390606e+01,
1.0555419782e+01,
1.0555430727e+01,
1.0555433704e+01,
1.0555434144e+01,
1.0555434183e+01,
1.0555434964e+01,
1.0555440251e+01,
1.0555459687e+01,
1.0555511496e+01,
1.0555624867e+01,
1.0555841944e+01,
1.0556219313e+01,
1.0556828896e+01,
1.0557758145e+01,
1.0559109464e+01,
1.0560998753e+01,
1.0563553022e+01,
1.0566907056e+01,
1.0571199115e+01,
1.0576565789e+01,
1.0583136113e+01,
1.0591025210e+01,
1.0600327761e+01,
1.0611111709e+01,
1.0623412653e+01,
1.0637229426e+01,
1.0652521350e+01,
1.0669207598e+01,
1.0687168959e+01,
1.0706252125e+01,
1.0726276353e+01,
1.0747042026e+01,
1.0768340378e+01,
1.0789963367e+01,
1.0811712645e+01,
1.0833406665e+01,
1.0854885287e+01,
1.0876011731e+01,
1.0896672131e+01,
1.0916773341e+01,
1.0936239760e+01,
1.0955009937e+01,
1.0973033515e+01,
1.0990268842e+01,
1.1006681355e+01,
1.1022242658e+01,
1.1036930157e+01,
1.1050727046e+01,
1.1063622463e+01,
1.1075611707e+01,
1.1086696388e+01,
1.1096884477e+01,
1.1106190235e+01,
1.1114634005e+01,
1.1122241901e+01,
1.1129045390e+01,
1.1135080795e+01,
1.1140388733e+01,
1.1145013501e+01,
1.1149002421e+01,
1.1152405142e+01,
1.1155272923e+01,
1.1157657891e+01,
1.1159612295e+01,
1.1161187750e+01,
1.1162434507e+01,
1.1163400747e+01,
1.1164131923e+01,
1.1164670176e+01,
1.1165053834e+01,
1.1165317021e+01,
1.1165489388e+01,
1.1165595983e+01,
1.1165657261e+01,
1.1165689253e+01,
1.1165703870e+01,
1.1165709354e+01,
1.1165710845e+01,
1.1165711066e+01,
1.1165711086e+01,
1.1165711493e+01,
1.1165714253e+01,
1.1165724400e+01,
1.1165751447e+01,
1.1165810635e+01,
1.1165923977e+01,
1.1166121050e+01,
1.1166439490e+01,
1.1166925156e+01,
1.1167631925e+01,
1.1168621082e+01,
1.1169960301e+01,
1.1171722203e+01,
1.1173982501e+01,
1.1176817786e+01,
1.1180303004e+01,
1.1184508708e+01,
1.1189498223e+01,
1.1195324844e+01,
1.1202029217e+01,
1.1209637071e+01,
1.1218157425e+01,
1.1227581411e+01,
1.1237881789e+01,
1.1249013208e+01,
1.1260913210e+01,
1.1273503945e+01,
1.1286694473e+01,
1.1300383540e+01,
1.1314462649e+01,
1.1328819237e+01,
1.1343339763e+01,
1.1357912565e+01,
1.1372430323e+01,
1.1386792062e+01,
1.1400904664e+01,
1.1414683884e+01,
1.1428054938e+01,
1.1440952730e+01,
1.1453321799e+01,
1.1465116073e+01,
1.1476298494e+01,
1.1486840573e+01,
1.1496721912e+01,
1.1505929711e+01,
1.1514458280e+01,
1.1522308554e+01,
1.1529487609e+01,
1.1536008179e+01,
1.1541888167e+01,
1.1547150149e+01,
1.1551820862e+01,
1.1555930683e+01,
1.1559513084e+01,
1.1562604076e+01,
1.1565241635e+01,
1.1567465116e+01,
1.1569314651e+01,
1.1570830548e+01,
1.1572052693e+01,
1.1573019962e+01,
1.1573769663e+01,
1.1574337017e+01,
1.1574754694e+01,
1.1575052418e+01,
1.1575256660e+01,
1.1575390425e+01,
1.1575473148e+01,
1.1575520704e+01,
1.1575545532e+01,
1.1575556876e+01,
1.1575561131e+01,
1.1575562289e+01,
1.1575562460e+01,
1.1575562476e+01,
1.1575562809e+01,
1.1575565062e+01,
1.1575573347e+01,
1.1575595430e+01,
1.1575643756e+01,
1.1575736298e+01,
1.1575897205e+01,
1.1576157204e+01,
1.1576553738e+01,
1.1577130792e+01,
1.1577938396e+01,
1.1579031793e+01,
1.1580470252e+01,
1.1582315557e+01,
1.1584630189e+01,
1.1587475260e+01,
1.1590908261e+01,
1.1594980740e+01,
1.1599735999e+01,
1.1605206940e+01,
1.1611414186e+01,
1.1618364582e+01,
1.1626050162e+01,
1.1634447662e+01,
1.1643518588e+01,
1.1653209851e+01,
1.1663454936e+01,
1.1674175546e+01,
1.1685283657e+01,
1.1696683885e+01,
1.1708276094e+01,
1.1719958105e+01,
1.1731628432e+01,
1.1743188897e+01,
1.1754547030e+01,
1.1765618137e+01,
1.1776326962e+01,
1.1786608873e+01,
1.1796410560e+01,
1.1805690248e+01,
1.1814417479e+01,
1.1822572515e+01,
1.1830145463e+01,
1.1837135200e+01,
1.1843548189e+01,
1.1849397269e+01,
1.1854700475e+01,
1.1859479942e+01,
1.1863760918e+01,
1.1867570914e+01,
1.1870938982e+01,
1.1873895118e+01,
1.1876469793e+01,
1.1878693564e+01,
1.1880596780e+01,
1.1882209331e+01,
1.1883560452e+01,
1.1884678539e+01,
1.1885590986e+01,
1.1886324016e+01,
1.1886902523e+01,
1.1887349900e+01,
1.1887687877e+01,
1.1887936368e+01,
1.1888113327e+01,
1.1888234643e+01,
1.1888314061e+01,
1.1888363161e+01,
1.1888391382e+01,
1.1888406115e+01,
1.1888412846e+01,
1.1888415371e+01,
1.1888416057e+01,
1.1888416159e+01,
1.1888416169e+01,
1.1888416378e+01,
1.1888417793e+01,
1.1888422996e+01,
1.1888436863e+01,
1.1888467207e+01,
1.1888525302e+01,
1.1888626277e+01,
1.1888789335e+01,
1.1889037779e+01,
1.1889398806e+01,
1.1889903038e+01,
1.1890583776e+01,
1.1891475957e+01,
1.1892614825e+01,
1.1894034332e+01,
1.1895765340e+01,
1.1897833695e+01,
1.1900258290e+01,
1.1903049262e+01,
1.1906206473e+01,
1.1909718432e+01,
1.1913561805e+01,
1.1917701610e+01,
1.1922092148e+01,
1.1926678659e+01,
1.1931399604e+01,
1.1936189415e+01,
1.1940981493e+01,
1.1945711213e+01,
1.1950318696e+01,
1.1954751120e+01,
1.1958964429e+01,
1.1962924360e+01,
1.1966606761e+01,
1.1969997296e+01,
1.1973090620e+01,
1.1975889196e+01,
1.1978401893e+01,
1.1980642506e+01,
1.1982628328e+01,
1.1984378847e+01,
1.1985914632e+01,
1.1987256428e+01,
1.1988424463e+01,
1.1989437958e+01,
1.1990314796e+01,
1.1991071351e+01,
1.1991722408e+01,
1.1992281184e+01,
1.1992759394e+01,
1.1993167360e+01,
1.1993514137e+01,
1.1993807655e+01,
1.1994054849e+01,
1.1994261795e+01,
1.1994433828e+01,
1.1994575648e+01,
1.1994691414e+01,
1.1994784822e+01,
1.1994859173e+01,
1.1994917417e+01,
1.1994962197e+01,
1.1994995876e+01,
1.1995020554e+01,
1.1995038086e+01,
1.1995050085e+01,
1.1995057930e+01,
1.1995062777e+01,
1.1995065562e+01,
1.1995067015e+01,
1.1995067679e+01,
1.1995067928e+01,
1.1995067996e+01,
1.1995068006e+01,
1.1995068007e+01,
1.1995068029e+01,
1.1995068177e+01,
1.1995068722e+01,
1.1995070176e+01,
1.1995073355e+01,
1.1995079437e+01,
1.1995089999e+01,
1.1995107026e+01,
1.1995132901e+01,
1.1995170355e+01,
1.1995222375e+01,
1.1995292070e+01,
1.1995382486e+01,
1.1995496381e+01,
1.1995635967e+01,
1.1995802645e+01,
1.1995996750e+01,
1.1996217351e+01,
1.1996462133e+01,
1.1996727398e+01,
1.1997008190e+01,
1.1997298566e+01,
1.1997591970e+01,
1.1997881693e+01,
1.1998161347e+01,
1.1998425303e+01,
1.1998669043e+01,
1.1998889374e+01,
1.1999084501e+01,
1.1999253958e+01,
1.1999398422e+01,
1.1999519463e+01,
1.1999619269e+01,
1.1999700369e+01,
1.1999765414e+01,
1.1999816992e+01,
1.1999857503e+01,
1.1999889074e+01,
1.1999913527e+01,
1.1999932377e+01,
1.1999946860e+01,
1.1999957969e+01,
1.1999966496e+01,
1.1999973060e+01,
1.1999978135e+01,
1.1999982080e+01,
1.1999985163e+01,
1.1999987588e+01,
1.1999989516e+01,
1.1999991073e+01,
1.1999992356e+01,
1.1999993436e+01,
1.1999994361e+01,
1.1999995162e+01,
1.1999995861e+01,
1.1999996473e+01,
1.1999997010e+01,
1.1999997484e+01,
1.1999997903e+01,
1.1999998274e+01,
1.1999998600e+01,
1.1999998885e+01,
1.1999999130e+01,
1.1999999339e+01,
1.1999999512e+01,
1.2000000000e+01,
1.2000000000e+01,
1.2000000000e+01,
1.2000000000e+01,
1.2000000000e+01,
1.2000000000e+01,
1.2000000000e+01,
1.2000000000e+01,
1.2000000000e+01,
