0.0000000000e+00,
6.7968301209e-08,
2.1696819985e-06,
1.6409132101e-05,
6.8755306302e-05,
2.0829444150e-04,
5.1368994890e-04,
1.0986260141e-03,
2.1160447443e-03,
3.7610273860e-03,
6.2722155783e-03,
9.9317161228e-03,
1.5063479033e-02,
2.2030180003e-02,
3.1228671403e-02,
4.3084087706e-02,
5.8042700893e-02,
7.6563620262e-02,
9.9109423692e-02,
1.2613580155e-01,
1.5808029975e-01,
1.9535027578e-01,
2.3831023811e-01,
2.8726882940e-01,
3.4246583051e-01,
4.0405969257e-01,
4.7211622466e-01,
5.4659914779e-01,
6.2736324494e-01,
7.1415077271e-01,
8.0659164569e-01,
9.0420767092e-01,
1.0064208212e+00,
1.1125652321e+00,
1.2219023274e+00,
1.3336382612e+00,
1.4469427399e+00,
1.5609682551e+00,
1.6748688312e+00,
1.7878175268e+00,
1.8990221197e+00,
2.0077386058e+00,
2.1132823358e+00,
2.2150367759e+00,
2.3124599974e+00,
2.4050890797e+00,
2.4925426470e+00,
2.5745217657e+00,
2.6508094160e+00,
2.7212687227e+00,
2.7858401001e+00,
2.8445374407e+00,
2.8974434504e+00,
2.9447042200e+00,
2.9865231169e+00,
3.0231540765e+00,
3.0548943829e+00,
3.0820770340e+00,
3.1050628049e+00,
3.1242321326e+00,
3.1399769647e+00,
3.1526927262e+00,
3.1627705693e+00,
3.1705900786e+00,
3.1765126026e+00,
3.1808753803e+00,
3.1839866159e+00,
3.1861216350e+00,
3.1875202304e+00,
3.1883852700e+00,
3.1888826039e+00,
3.1891422634e+00,
3.1892609054e+00,
3.1893054124e+00,
3.1893175194e+00,
3.1893193064e+00,
3.1893195510e+00,
3.1893253278e+00,
3.1893644670e+00,
3.1895083462e+00,
3.1898918714e+00,
3.1907311875e+00,
3.1923385032e+00,
3.1951334046e+00,
3.1996500798e+00,
3.2065399445e+00,
3.2165692351e+00,
3.2306112405e+00,
3.2496329833e+00,
3.2746763390e+00,
3.3068338095e+00,
3.3472194370e+00,
3.3969356575e+00,
3.4570372208e+00,
3.5284936293e+00,
3.6121518175e+00,
3.7087009682e+00,
3.8186413803e+00,
3.9422591260e+00,
4.0796078478e+00,
4.2304984809e+00,
4.3944970314e+00,
4.5709299408e+00,
4.7588961700e+00,
4.9572850689e+00,
5.1647993581e+00,
5.3799830066e+00,
5.6012541356e+00,
5.8269429850e+00,
6.0553342112e+00,
6.2847114680e+00,
6.5134008717e+00,
6.7398093265e+00,
6.9624543269e+00,
7.1799836663e+00,
7.3911857086e+00,
7.5949925698e+00,
7.7904791373e+00,
7.9768603857e+00,
8.1534884479e+00,
8.3198499004e+00,
8.4755630602e+00,
8.6203748218e+00,
8.7541565865e+00,
8.8768990054e+00,
8.9887054512e+00,
9.0897842867e+00,
9.1804400887e+00,
9.2610640185e+00,
9.3321235245e+00,
9.3941515352e+00,
9.4477352735e+00,
9.4935047986e+00,
9.5321213750e+00,
9.5642657732e+00,
9.5906266218e+00,
9.6118889635e+00,
9.6287231923e+00,
9.6417745862e+00,
9.6516536695e+00,
9.6589276566e+00,
9.6641132286e+00,
9.6676708787e+00,
9.6700010328e+00,
9.6714421005e+00,
9.6722705574e+00,
9.6727030825e+00,
9.6729007059e+00,
9.6729748411e+00,
9.6729950077e+00,
9.6729979842e+00,
9.6729982667e+00,
9.6730040274e+00,
9.6730430565e+00,
9.6731865311e+00,
9.6735689764e+00,
9.6744059217e+00,
9.6760086690e+00,
9.6787955376e+00,
9.6832989925e+00,
9.6901681211e+00,
9.7001659931e+00,
9.7141615399e+00,
9.7331157225e+00,
9.7580619391e+00,
9.7900808502e+00,
9.8302700776e+00,
9.8797095511e+00,
9.9394236101e+00,
1.0010341304e+01,
1.0093256628e+01,
1.0188790667e+01,
1.0297357729e+01,
1.0419137571e+01,
1.0554055653e+01,
1.0701773044e+01,
1.0861687136e+01,
1.1032943653e+01,
1.1214459663e+01,
1.1404956425e+01,
1.1603000031e+01,
1.1807047063e+01,
1.2015492039e+01,
1.2226713332e+01,
1.2439114586e+01,
1.2651159441e+01,
1.2861398321e+01,
1.3068487158e+01,
1.3271198844e+01,
1.3468428878e+01,
1.3659196962e+01,
1.3842646211e+01,
1.4018041340e+01,
1.4184766628e+01,
1.4342324016e+01,
1.4490331225e+01,
1.4628519580e+01,
1.4756731112e+01,
1.4874914629e+01,
1.4983120557e+01,
1.5081494559e+01,
1.5170270062e+01,
1.5249759934e+01,
1.5320347533e+01,
1.5382477370e+01,
1.5436645543e+01,
1.5483390075e+01,
1.5523281199e+01,
1.5556911669e+01,
1.5584887109e+01,
1.5607816474e+01,
1.5626302706e+01,
1.5640933700e+01,
1.5652273730e+01,
1.5660855547e+01,
1.5667173322e+01,
1.5671676682e+01,
1.5674766031e+01,
1.5676789349e+01,
1.5678040610e+01,
1.5678759934e+01,
1.5679135477e+01,
1.5679307065e+01,
1.5679371433e+01,
1.5679388942e+01,
1.5679391527e+01,
1.5679391757e+01,
1.5679396284e+01,
1.5679426958e+01,
1.5679539717e+01,
1.5679840289e+01,
1.5680498058e+01,
1.5681757672e+01,
1.5683947868e+01,
1.5687487041e+01,
1.5692885146e+01,
1.5700741534e+01,
1.5711738442e+01,
1.5726629931e+01,
1.5746226228e+01,
1.5771373615e+01,
1.5802930220e+01,
1.5841738351e+01,
1.5888594288e+01,
1.5944216738e+01,
1.6009215446e+01,
1.6084061660e+01,
1.6169062307e+01,
1.6264339736e+01,
1.6369818751e+01,
1.6485222278e+01,
1.6610076341e+01,
1.6743724153e+01,
1.6885348000e+01,
1.7033996561e+01,
1.7188614668e+01,
1.7348072476e+01,
1.7511191792e+01,
1.7676768620e+01,
1.7843592307e+01,
1.8010462604e+01,
1.8176206101e+01,
1.8339693040e+01,
1.8499854668e+01,
1.8655700494e+01,
1.8806334327e+01,
1.8950967833e+01,
1.9088930579e+01,
1.9219675952e+01,
1.9342782807e+01,
1.9457953163e+01,
1.9565006533e+01,
1.9663871706e+01,
1.9754576790e+01,
1.9837238313e+01,
1.9912050025e+01,
1.9979271905e+01,
2.0039219703e+01,
2.0092255215e+01,
2.0138777346e+01,
2.0179213929e+01,
2.0214014228e+01,
2.0243641984e+01,
2.0268568891e+01,
2.0289268389e+01,
2.0306209685e+01,
2.0319851985e+01,
2.0330638919e+01,
2.0338993242e+01,
2.0345311893e+01,
2.0349961542e+01,
2.0353274799e+01,
2.0355547219e+01,
2.0357035280e+01,
2.0357955439e+01,
2.0358484388e+01,
2.0358760532e+01,
2.0358886701e+01,
2.0358934031e+01,
2.0358946906e+01,
2.0358948806e+01,
2.0358948974e+01,
2.0358952268e+01,
2.0358974589e+01,
2.0359056641e+01,
2.0359275354e+01,
2.0359753972e+01,
2.0360670468e+01,
2.0362263898e+01,
2.0364838329e+01,
2.0368763970e+01,
2.0374475181e+01,
2.0382465096e+01,
2.0393276631e+01,
2.0407489820e+01,
2.0425705538e+01,
2.0448525885e+01,
2.0476531762e+01,
2.0510258404e+01,
2.0550169918e+01,
2.0596634141e+01,
2.0649899272e+01,
2.0710073891e+01,
2.0777111896e+01,
2.0850803777e+01,
2.0930775266e+01,
2.1016493959e+01,
2.1107283891e+01,
2.1202347392e+01,
2.1300792918e+01,
2.1401666986e+01,
2.1503988006e+01,
2.1606779686e+01,
2.1709101827e+01,
2.1810076692e+01,
2.1908909743e+01,
2.2004904103e+01,
2.2097468782e+01,
2.2186121189e+01,
2.2270484830e+01,
2.2350283304e+01,
2.2425331709e+01,
2.2495526545e+01,
2.2560834981e+01,
2.2621284204e+01,
2.2676951326e+01,
2.2727954179e+01,
2.2774443156e+01,
2.2816594162e+01,
2.2854602645e+01,
2.2888678628e+01,
2.2919042642e+01,
2.2945922413e+01,
2.2969550192e+01,
2.2990160566e+01,
2.3007988649e+01,
2.3023268511e+01,
2.3036231759e+01,
2.3047106171e+01,
2.3056114329e+01,
2.3063472205e+01,
2.3069387680e+01,
2.3074059005e+01,
2.3077673236e+01,
2.3080404694e+01,
2.3082413513e+01,
2.3083844365e+01,
2.3084825438e+01,
2.3085467753e+01,
2.3085864886e+01,
2.3086093158e+01,
2.3086212326e+01,
2.3086266772e+01,
2.3086287196e+01,
2.3086292752e+01,
2.3086293572e+01,
2.3086293645e+01,
2.3086295102e+01,
2.3086304968e+01,
2.3086341238e+01,
2.3086437917e+01,
2.3086649475e+01,
2.3087054549e+01,
2.3087758716e+01,
2.3088896135e+01,
2.3090629897e+01,
2.3093150876e+01,
2.3096674957e+01,
2.3101438487e+01,
2.3107691938e+01,
2.3115691803e+01,
2.3125690911e+01,
2.3137927497e+01,
2.3152613494e+01,
2.3169922719e+01,
2.3189979689e+01,
2.3212849920e+01,
2.3238532502e+01,
2.3266955681e+01,
2.3297975937e+01,
2.3331380803e+01,
2.3366895368e+01,
2.3404192040e+01,
2.3442902915e+01,
2.3482633860e+01,
2.3522979308e+01,
2.3563536750e+01,
2.3603920014e+01,
2.3643770547e+01,
2.3682766211e+01,
2.3720627284e+01,
2.3757119690e+01,
2.3792055650e+01,
2.3825292171e+01,
2.3856727873e+01,
2.3886298697e+01,
2.3913973007e+01,
2.3939746537e+01,
2.3963637518e+01,
2.3985682205e+01,
2.4005930968e+01,
2.4024444958e+01,
2.4041293381e+01,
2.4056551303e+01,
2.4070297939e+01,
2.4082615335e+01,
2.4093587366e+01,
2.4103298992e+01,
2.4111835675e+01,
2.4119282928e+01,
2.4125725928e+01,
2.4131249159e+01,
2.4135936054e+01,
2.4139868610e+01,
2.4143126960e+01,
2.4145788897e+01,
2.4147929362e+01,
2.4149619882e+01,
2.4150927999e+01,
2.4151916699e+01,
2.4152643879e+01,
2.4153161865e+01,
2.4153517039e+01,
2.4153749579e+01,
2.4153893357e+01,
2.4153976002e+01,
2.4154019146e+01,
2.4154038858e+01,
2.4154046253e+01,
2.4154048264e+01,
2.4154048561e+01,
2.4154048588e+01,
2.4154049138e+01,
2.4154052860e+01,
2.4154066543e+01,
2.4154103014e+01,
2.4154182822e+01,
2.4154335633e+01,
2.4154601272e+01,
2.4155030350e+01,
2.4155684386e+01,
2.4156635379e+01,
2.4157964760e+01,
2.4159761675e+01,
2.4162120607e+01,
2.4165138329e+01,
2.4168910300e+01,
2.4173526597e+01,
2.4179067622e+01,
2.4185599799e+01,
2.4193171594e+01,
2.4201810136e+01,
2.4211518763e+01,
2.4222275701e+01,
2.4234034048e+01,
2.4246723074e+01,
2.4260250759e+01,
2.4274507345e+01,
2.4289369629e+01,
2.4304705626e+01,
2.4320379268e+01,
2.4336254821e+01,
2.4352200754e+01,
2.4368092901e+01,
2.4383816830e+01,
2.4399269409e+01,
2.4414359644e+01,
2.4429008899e+01,
2.4443150617e+01,
2.4456729706e+01,
2.4469701718e+01,
2.4482031918e+01,
2.4493694355e+01,
2.4504670974e+01,
2.4514950817e+01,
2.4524529315e+01,
2.4533407681e+01,
2.4541592384e+01,
2.4549094692e+01,
2.4555930263e+01,
2.4562118764e+01,
2.4567683516e+01,
2.4572651134e+01,
2.4577051163e+01,
2.4580915703e+01,
2.4584279017e+01,
2.4587177109e+01,
2.4589647290e+01,
2.4591727720e+01,
2.4593456923e+01,
2.4594873299e+01,
2.4596014626e+01,
2.4596917567e+01,
2.4597617189e+01,
2.4598146517e+01,
2.4598536130e+01,
2.4598813814e+01,
2.4599004291e+01,
2.4599129033e+01,
2.4599206173e+01,
2.4599250518e+01,
2.4599273670e+01,
2.4599284248e+01,
2.4599288216e+01,
2.4599289295e+01,
2.4599289455e+01,
2.4599289470e+01,
2.4599289780e+01,
2.4599291881e+01,
2.4599299606e+01,
2.4599320198e+01,
2.4599365260e+01,
2.4599451548e+01,
2.4599601575e+01,
2.4599843975e+01,
2.4600213624e+01,
2.4600751460e+01,
2.4601503993e+01,
2.4602522486e+01,
2.4603861805e+01,
2.4605578948e+01,
2.4607731280e+01,
2.4610374546e+01,
2.4613560720e+01,
2.4617335807e+01,
2.4621737708e+01,
2.4626794272e+01,
2.4632521665e+01,
2.4638923143e+01,
2.4645988320e+01,
2.4653692965e+01,
2.4661999338e+01,
2.4670857018e+01,
2.4680204187e+01,
2.4689969277e+01,
2.4700072896e+01,
2.4710429956e+01,
2.4720951914e+01,
2.4731549043e+01,
2.4742132654e+01,
2.4752617195e+01,
2.4762922156e+01,
2.4772973697e+01,
2.4782705965e+01,
2.4792062038e+01,
2.4800994503e+01,
2.4809465653e+01,
2.4817447348e+01,
2.4824920579e+01,
2.4831874801e+01,
2.4838307103e+01,
2.4844221267e+01,
2.4849626804e+01,
2.4854537994e+01,
2.4858972974e+01,
2.4862952919e+01,
2.4866501307e+01,
2.4869643293e+01,
2.4872405176e+01,
2.4874813964e+01,
2.4876897013e+01,
2.4878681724e+01,
2.4880195298e+01,
2.4881464519e+01,
2.4882515555e+01,
2.4883373775e+01,
2.4884063565e+01,
2.4884608153e+01,
2.4885029424e+01,
2.4885347753e+01,
2.4885581838e+01,
2.4885748559e+01,
2.4885862866e+01,
2.4885937700e+01,
2.4885983968e+01,
2.4886010562e+01,
2.4886024445e+01,
2.4886030788e+01,
2.4886033167e+01,
2.4886033815e+01,
2.4886033910e+01,
2.4886033920e+01,
2.4886034116e+01,
2.4886035450e+01,
2.4886040353e+01,
2.4886053421e+01,
2.4886082017e+01,
2.4886136766e+01,
2.4886231930e+01,
2.4886385616e+01,
2.4886619809e+01,
2.4886960189e+01,
2.4887435708e+01,
2.4888077912e+01,
2.4888919992e+01,
2.4889995578e+01,
2.4891337281e+01,
2.4892975050e+01,
2.4894934411e+01,
2.4897234686e+01,
2.4899887310e+01,
2.4902894397e+01,
2.4906247681e+01,
2.4909927961e+01,
2.4913905153e+01,
2.4918138986e+01,
2.4922580362e+01,
2.4927173282e+01,
2.4931857233e+01,
2.4936569842e+01,
2.4941249604e+01,
2.4945838452e+01,
2.4950283988e+01,
2.4954541228e+01,
2.4958573755e+01,
2.4962354264e+01,
2.4965864530e+01,
2.4969094884e+01,
2.4972043308e+01,
2.4974714279e+01,
2.4977117501e+01,
2.4979266611e+01,
2.4981177969e+01,
2.4982869583e+01,
2.4984360197e+01,
2.4985668568e+01,
2.4986812910e+01,
2.4987810513e+01,
2.4988677489e+01,
2.4989428637e+01,
2.4990077395e+01,
2.4990635856e+01,
2.4991114831e+01,
2.4991523937e+01,
2.4991871712e+01,
2.4992165726e+01,
2.4992412696e+01,
2.4992618598e+01,
2.4992788761e+01,
2.4992927955e+01,
2.4993040463e+01,
2.4993130144e+01,
2.4993200478e+01,
2.4993254603e+01,
2.4993295338e+01,
2.4993325203e+01,
2.4993346427e+01,
2.4993360957e+01,
2.4993370459e+01,
2.4993376331e+01,
2.4993379704e+01,
2.4993381465e+01,
2.4993382269e+01,
2.4993382571e+01,
2.4993382653e+01,
2.4993382665e+01,
2.4993382666e+01,
2.4993382693e+01,
2.4993382872e+01,
2.4993383533e+01,
2.4993385293e+01,
2.4993389144e+01,
2.4993396514e+01,
2.4993409312e+01,
2.4993429950e+01,
2.4993461325e+01,
2.4993506766e+01,
2.4993569934e+01,
2.4993654662e+01,
2.4993764752e+01,
2.4993903708e+01,
2.4994074444e+01,
2.4994278968e+01,
2.4994518077e+01,
2.4994791105e+01,
2.4995095760e+01,
2.4995428085e+01,
2.4995782563e+01,
2.4996152385e+01,
2.4996529847e+01,
2.4996906852e+01,
2.4997275446e+01,
2.4997628347e+01,
2.4997959378e+01,
2.4998263787e+01,
2.4998538416e+01,
2.4998781709e+01,
2.4998993582e+01,
2.4999175186e+01,
2.4999328595e+01,
2.4999456481e+01,
2.4999561823e+01,
2.4999647687e+01,
2.4999717059e+01,
2.4999772730e+01,
2.4999817202e+01,
2.4999852633e+01,
2.4999880822e+01,
2.4999903260e+01,
2.4999921217e+01,
2.4999935796e+01,
2.4999947917e+01,
2.4999958242e+01,
2.4999967097e+01,
2.4999974470e+01,
2.4999980142e+01,
2.4999984030e+01,
2.4999986551e+01,
2.4999988391e+01,
2.4999989965e+01,
2.4999991365e+01,
2.4999992585e+01,
2.4999993652e+01,
2.4999994612e+01,
2.4999995483e+01,
2.4999996257e+01,
2.4999996927e+01,
2.4999997495e+01,
2.4999997980e+01,
2.4999998399e+01,
2.4999998761e+01,
2.4999999072e+01,
2.4999999331e+01,
2.4999999539e+01,
2.5000000000e+01,
2.5000000000e+01,
2.5000000000e+01,
2.5000000000e+01,
2.5000000000e+01,
2.5000000000e+01,
2.5000000000e+01,
