0.0000000000e+00,
1.4611509869e-07,
4.6642846030e-06,
3.5275619403e-05,
1.4780720540e-04,
4.4778340130e-04,
1.1043160938e-03,
2.3618160819e-03,
4.5491235298e-03,
8.0857460543e-03,
1.3484992898e-02,
2.1353894741e-02,
3.2389890822e-02,
4.7374336717e-02,
6.7162926830e-02,
9.2673128687e-02,
1.2486869274e-01,
1.6474124461e-01,
2.1328891306e-01,
2.7149193664e-01,
3.4028526886e-01,
4.2052840798e-01,
5.1297302903e-01,
6.1822947653e-01,
7.3673372177e-01,
8.6871689232e-01,
1.0141798136e+00,
1.1728750379e+00,
1.3442984978e+00,
1.5276921990e+00,
1.7220583585e+00,
1.9261842395e+00,
2.1386758618e+00,
2.3579979475e+00,
2.5825170464e+00,
2.8105448180e+00,
3.0403788774e+00,
3.2703393162e+00,
3.4987998314e+00,
3.7242131644e+00,
3.9451311622e+00,
4.1602201523e+00,
4.3682724711e+00,
4.5682149477e+00,
4.7591149832e+00,
4.9401846578e+00,
5.1107830952e+00,
5.2704171635e+00,
5.4187404986e+00,
5.5555508067e+00,
5.6807854138e+00,
5.7945150683e+00,
5.8969360527e+00,
5.9883607038e+00,
6.0692064818e+00,
6.1399837586e+00,
6.2012825180e+00,
6.2537581844e+00,
6.2981168128e+00,
6.3350998990e+00,
6.3654690833e+00,
6.3899910496e+00,
6.4094229318e+00,
6.4244985567e+00,
6.4359158511e+00,
6.4443257342e+00,
6.4503227936e+00,
6.4544380052e+00,
6.4571337102e+00,
6.4588009950e+00,
6.4597595521e+00,
6.4602600151e+00,
6.4604886830e+00,
6.4605744646e+00,
6.4605977994e+00,
6.4606012435e+00,
6.4606017150e+00,
6.4606128492e+00,
6.4606882849e+00,
6.4609655935e+00,
6.4617047863e+00,
6.4633224410e+00,
6.4664202490e+00,
6.4718067555e+00,
6.4805111514e+00,
6.4937880871e+00,
6.5131126208e+00,
6.5401646100e+00,
6.5768021277e+00,
6.6250238383e+00,
6.6869207306e+00,
6.7646181482e+00,
6.8602096773e+00,
6.9756850933e+00,
7.1128551940e+00,
7.2732768966e+00,
7.4581824271e+00,
7.6684167528e+00,
7.9043875776e+00,
8.1660321032e+00,
8.4528040988e+00,
8.7636832147e+00,
9.0972056850e+00,
9.4515119809e+00,
9.8244039414e+00,
1.0213403227e+01,
1.0615805551e+01,
1.1028729946e+01,
1.1449166588e+01,
1.1874028118e+01,
1.2300207438e+01,
1.2724641297e+01,
1.3144375608e+01,
1.3556626812e+01,
1.3958833923e+01,
1.4348697689e+01,
1.4724205556e+01,
1.5083643266e+01,
1.5425595318e+01,
1.5748937214e+01,
1.6052822347e+01,
1.6336665944e+01,
1.6600127766e+01,
1.6843094593e+01,
1.7065662969e+01,
1.7268122269e+01,
1.7450937980e+01,
1.7614734947e+01,
1.7760280391e+01,
1.7888466513e+01,
1.8000292576e+01,
1.8096846429e+01,
1.8179285483e+01,
1.8248817242e+01,
1.8306679504e+01,
1.8354120481e+01,
1.8392379089e+01,
1.8422665760e+01,
1.8446144193e+01,
1.8463914459e+01,
1.8476997958e+01,
1.8486324687e+01,
1.8492723257e+01,
1.8496914044e+01,
1.8499505774e+01,
1.8500995724e+01,
1.8501773602e+01,
1.8502129019e+01,
1.8502262347e+01,
1.8502298616e+01,
1.8502303969e+01,
1.8502304477e+01,
1.8502314837e+01,
1.8502385029e+01,
1.8502643061e+01,
1.8503330869e+01,
1.8504836063e+01,
1.8507718483e+01,
1.8512730379e+01,
1.8520829181e+01,
1.8533181826e+01,
1.8551159827e+01,
1.8576324381e+01,
1.8610401101e+01,
1.8655244287e+01,
1.8712791098e+01,
1.8785006511e+01,
1.8873820582e+01,
1.8981060129e+01,
1.9108377584e+01,
1.9257180236e+01,
1.9428563397e+01,
1.9623251109e+01,
1.9841547811e+01,
2.0083304043e+01,
2.0347898668e+01,
2.0634239495e+01,
2.0940783355e+01,
2.1265575667e+01,
2.1606307989e+01,
2.1960390055e+01,
2.2325030599e+01,
2.2697319762e+01,
2.3074305929e+01,
2.3453061975e+01,
2.3830739353e+01,
2.4204611771e+01,
2.4572111913e+01,
2.4930864251e+01,
2.5278715266e+01,
2.5613760351e+01,
2.5934365445e+01,
2.6239181222e+01,
2.6527148390e+01,
2.6797493787e+01,
2.7049718078e+01,
2.7283576716e+01,
2.7499056257e+01,
2.7696348120e+01,
2.7875821671e+01,
2.8037998050e+01,
2.8183525699e+01,
2.8313158097e+01,
2.8427733836e+01,
2.8528158893e+01,
2.8615390798e+01,
2.8690424306e+01,
2.8754278154e+01,
2.8807982571e+01,
2.8852567223e+01,
2.8889049444e+01,
2.8918422665e+01,
2.8941645102e+01,
2.8959628839e+01,
2.8973229570e+01,
2.8983237302e+01,
2.8990368369e+01,
2.8995259137e+01,
2.8998461727e+01,
2.9000442064e+01,
2.9001580443e+01,
2.9002174746e+01,
2.9002446280e+01,
2.9002548141e+01,
2.9002575849e+01,
2.9002579939e+01,
2.9002580303e+01,
2.9002587467e+01,
2.9002636007e+01,
2.9002814445e+01,
2.9003290079e+01,
2.9004330924e+01,
2.9006323997e+01,
2.9009789125e+01,
2.9015387431e+01,
2.9023923720e+01,
2.9036342024e+01,
2.9053713703e+01,
2.9077217654e+01,
2.9108112475e+01,
2.9147700780e+01,
2.9197286380e+01,
2.9258125583e+01,
2.9331374527e+01,
2.9418035050e+01,
2.9518902189e+01,
2.9634516756e+01,
2.9765126555e+01,
2.9910659579e+01,
3.0070711901e+01,
3.0244551902e+01,
3.0431141106e+01,
3.0629170317e+01,
3.0837108128e+01,
3.1053257632e+01,
3.1275816345e+01,
3.1502934343e+01,
3.1732766315e+01,
3.1963514636e+01,
3.2193462267e+01,
3.2420996091e+01,
3.2644622576e+01,
3.2862978376e+01,
3.3074838313e+01,
3.3279122422e+01,
3.3474902537e+01,
3.3661407788e+01,
3.3838027660e+01,
3.4004311203e+01,
3.4159961578e+01,
3.4304825992e+01,
3.4438881999e+01,
3.4562221693e+01,
3.4675035414e+01,
3.4777596297e+01,
3.4870246487e+01,
3.4953385359e+01,
3.5027459624e+01,
3.5092955008e+01,
3.5150389071e+01,
3.5200304735e+01,
3.5243264166e+01,
3.5279842740e+01,
3.5310622931e+01,
3.5336188014e+01,
3.5357115591e+01,
3.5373970992e+01,
3.5387300665e+01,
3.5397625704e+01,
3.5405435729e+01,
3.5411183314e+01,
3.5415279201e+01,
3.5418088522e+01,
3.5419928220e+01,
3.5421065842e+01,
3.5421719806e+01,
3.5422061218e+01,
3.5422217209e+01,
3.5422275725e+01,
3.5422291643e+01,
3.5422293993e+01,
3.5422294200e+01,
3.5422298274e+01,
3.5422325870e+01,
3.5422427315e+01,
3.5422697725e+01,
3.5423289476e+01,
3.5424422620e+01,
3.5426392760e+01,
3.5429575939e+01,
3.5434430107e+01,
3.5441492794e+01,
3.5451374651e+01,
3.5464748674e+01,
3.5482335040e+01,
3.5504881729e+01,
3.5533141376e+01,
3.5567845068e+01,
3.5609674191e+01,
3.5659231656e+01,
3.5717014117e+01,
3.5783386833e+01,
3.5858562765e+01,
3.5942587201e+01,
3.6035328767e+01,
3.6136477148e+01,
3.6245547291e+01,
3.6361889512e+01,
3.6484704698e+01,
3.6613063823e+01,
3.6745931114e+01,
3.6882190309e+01,
3.7020673422e+01,
3.7160191224e+01,
3.7299564356e+01,
3.7437653626e+01,
3.7573387932e+01,
3.7705788225e+01,
3.7833986306e+01,
3.7957237655e+01,
3.8074928123e+01,
3.8186574835e+01,
3.8291822088e+01,
3.8390433320e+01,
3.8482280328e+01,
3.8567330865e+01,
3.8645635625e+01,
3.8717315400e+01,
3.8782548998e+01,
3.8841562275e+01,
3.8894618471e+01,
3.8942009893e+01,
3.8984050876e+01,
3.9021071877e+01,
3.9053414544e+01,
3.9081427547e+01,
3.9105462984e+01,
3.9125873180e+01,
3.9143007729e+01,
3.9157210660e+01,
3.9168817623e+01,
3.9178153093e+01,
3.9185527543e+01,
3.9191234661e+01,
3.9195548662e+01,
3.9198721807e+01,
3.9200982229e+01,
3.9202532218e+01,
3.9203547055e+01,
3.9204174533e+01,
3.9204535214e+01,
3.9204723507e+01,
3.9204809536e+01,
3.9204841807e+01,
3.9204850586e+01,
3.9204851882e+01,
3.9204851998e+01,
3.9204854299e+01,
3.9204869889e+01,
3.9204927199e+01,
3.9205079960e+01,
3.9205414243e+01,
3.9206054315e+01,
3.9207167029e+01,
3.9208964466e+01,
3.9211704526e+01,
3.9215689233e+01,
3.9221260478e+01,
3.9228793064e+01,
3.9238684939e+01,
3.9251344719e+01,
3.9267176729e+01,
3.9286564046e+01,
3.9309850259e+01,
3.9337320888e+01,
3.9369185615e+01,
3.9405562577e+01,
3.9446465998e+01,
3.9491798296e+01,
3.9541347552e+01,
3.9594790792e+01,
3.9651703106e+01,
3.9711572063e+01,
3.9773816447e+01,
3.9837807954e+01,
3.9902894309e+01,
3.9968422197e+01,
4.0033758603e+01,
4.0098309369e+01,
4.0161534173e+01,
4.0222957483e+01,
4.0282175411e+01,
4.0338858662e+01,
4.0392752030e+01,
4.0443671019e+01,
4.0491496279e+01,
4.0536166536e+01,
4.0577670697e+01,
4.0616039705e+01,
4.0651338622e+01,
4.0683659306e+01,
4.0713113898e+01,
4.0739829257e+01,
4.0763942350e+01,
4.0785596570e+01,
4.0804938877e+01,
4.0822117656e+01,
4.0837281144e+01,
4.0850576316e+01,
4.0862148099e+01,
4.0872138801e+01,
4.0880687678e+01,
4.0887930548e+01,
4.0893999406e+01,
4.0899021992e+01,
4.0903121286e+01,
4.0906414928e+01,
4.0909014567e+01,
4.0911025151e+01,
4.0912544206e+01,
4.0913661133e+01,
4.0914456579e+01,
4.0915001921e+01,
4.0915358933e+01,
4.0915579658e+01,
4.0915706527e+01,
4.0915772757e+01,
4.0915803016e+01,
4.0915814367e+01,
4.0915817455e+01,
4.0915817910e+01,
4.0915817953e+01,
4.0915818796e+01,
4.0915824509e+01,
4.0915845513e+01,
4.0915901498e+01,
4.0916024004e+01,
4.0916258560e+01,
4.0916666273e+01,
4.0917324760e+01,
4.0918328295e+01,
4.0919787076e+01,
4.0921825489e+01,
4.0924579322e+01,
4.0928191866e+01,
4.0932808978e+01,
4.0938573195e+01,
4.0945617149e+01,
4.0954056608e+01,
4.0963983582e+01,
4.0975460007e+01,
4.0988512539e+01,
4.1003128968e+01,
4.1019256645e+01,
4.1036803172e+01,
4.1055639358e+01,
4.1075604254e+01,
4.1096511839e+01,
4.1118158791e+01,
4.1140332686e+01,
4.1162819986e+01,
4.1185413244e+01,
4.1207917129e+01,
4.1230153015e+01,
4.1251962067e+01,
4.1273206898e+01,
4.1293771978e+01,
4.1313563041e+01,
4.1332505759e+01,
4.1350543942e+01,
4.1367637500e+01,
4.1383760353e+01,
4.1398898420e+01,
4.1413047793e+01,
4.1426213140e+01,
4.1438406342e+01,
4.1449645382e+01,
4.1459953435e+01,
4.1469358142e+01,
4.1477891023e+01,
4.1485586999e+01,
4.1492483980e+01,
4.1498622504e+01,
4.1504045393e+01,
4.1508797409e+01,
4.1512924897e+01,
4.1516475413e+01,
4.1519497312e+01,
4.1522039312e+01,
4.1524150023e+01,
4.1525877454e+01,
4.1527268495e+01,
4.1528368404e+01,
4.1529220286e+01,
4.1529864606e+01,
4.1530338745e+01,
4.1530676614e+01,
4.1530908347e+01,
4.1531060095e+01,
4.1531153931e+01,
4.1531207872e+01,
4.1531236033e+01,
4.1531248899e+01,
4.1531253726e+01,
4.1531255039e+01,
4.1531255232e+01,
4.1531255251e+01,
4.1531255628e+01,
4.1531258184e+01,
4.1531267581e+01,
4.1531292627e+01,
4.1531347436e+01,
4.1531452387e+01,
4.1531634850e+01,
4.1531929628e+01,
4.1532379080e+01,
4.1533032875e+01,
4.1533947352e+01,
4.1535184460e+01,
4.1536810280e+01,
4.1538893123e+01,
4.1541501287e+01,
4.1544700509e+01,
4.1548551259e+01,
4.1553105993e+01,
4.1558406549e+01,
4.1564481849e+01,
4.1571346060e+01,
4.1578997368e+01,
4.1587417419e+01,
4.1596571481e+01,
4.1606409277e+01,
4.1616866409e+01,
4.1627866266e+01,
4.1639322253e+01,
4.1651140246e+01,
4.1663221108e+01,
4.1675463215e+01,
4.1687764882e+01,
4.1700026652e+01,
4.1712153388e+01,
4.1724056126e+01,
4.1735653653e+01,
4.1746873754e+01,
4.1757654120e+01,
4.1767942885e+01,
4.1777698803e+01,
4.1786891084e+01,
4.1795498938e+01,
4.1803510871e+01,
4.1810923808e+01,
4.1817742106e+01,
4.1823976512e+01,
4.1829643135e+01,
4.1834762459e+01,
4.1839358442e+01,
4.1843457709e+01,
4.1847088853e+01,
4.1850281838e+01,
4.1853067509e+01,
4.1855477170e+01,
4.1857542246e+01,
4.1859293985e+01,
4.1860763205e+01,
4.1861980059e+01,
4.1862973813e+01,
4.1863772628e+01,
4.1864403348e+01,
4.1864891282e+01,
4.1865260005e+01,
4.1865531158e+01,
4.1865724286e+01,
4.1865856700e+01,
4.1865943390e+01,
4.1865996988e+01,
4.1866027796e+01,
4.1866043879e+01,
4.1866051227e+01,
4.1866053984e+01,
4.1866054734e+01,
4.1866054844e+01,
4.1866054855e+01,
4.1866055083e+01,
4.1866056628e+01,
4.1866062308e+01,
4.1866077447e+01,
4.1866110574e+01,
4.1866173999e+01,
4.1866284244e+01,
4.1866462289e+01,
4.1866733611e+01,
4.1867127970e+01,
4.1867678933e+01,
4.1868423091e+01,
4.1869398969e+01,
4.1870645642e+01,
4.1872201057e+01,
4.1874100155e+01,
4.1876372832e+01,
4.1879041895e+01,
4.1882121116e+01,
4.1885613572e+01,
4.1889510396e+01,
4.1893790115e+01,
4.1898418658e+01,
4.1903350120e+01,
4.1908528262e+01,
4.1913888687e+01,
4.1919361542e+01,
4.1924874550e+01,
4.1930356144e+01,
4.1935738447e+01,
4.1940959886e+01,
4.1945967261e+01,
4.1950717148e+01,
4.1955176606e+01,
4.1959323219e+01,
4.1963144554e+01,
4.1966637168e+01,
4.1969805314e+01,
4.1972659485e+01,
4.1975214928e+01,
4.1977490232e+01,
4.1979506064e+01,
4.1981284094e+01,
4.1982846121e+01,
4.1984213416e+01,
4.1985406243e+01,
4.1986443547e+01,
4.1987342778e+01,
4.1988119820e+01,
4.1988788998e+01,
4.1989363144e+01,
4.1989853694e+01,
4.1990270816e+01,
4.1990623538e+01,
4.1990919883e+01,
4.1991166991e+01,
4.1991371236e+01,
4.1991538328e+01,
4.1991673399e+01,
4.1991781072e+01,
4.1991865521e+01,
4.1991930511e+01,
4.1991979424e+01,
4.1992015286e+01,
4.1992040773e+01,
4.1992058220e+01,
4.1992069631e+01,
4.1992076681e+01,
4.1992080732e+01,
4.1992082846e+01,
4.1992083812e+01,
4.1992084174e+01,
4.1992084273e+01,
4.1992084288e+01,
4.1992084289e+01,
4.1992084321e+01,
4.1992084537e+01,
4.1992085330e+01,
4.1992087444e+01,
4.1992092069e+01,
4.1992100919e+01,
4.1992116289e+01,
4.1992141073e+01,
4.1992178752e+01,
4.1992233325e+01,
4.1992309188e+01,
4.1992410950e+01,
4.1992543178e+01,
4.1992710089e+01,
4.1992915191e+01,
4.1993160907e+01,
4.1993448209e+01,
4.1993776315e+01,
4.1994142484e+01,
4.1994541974e+01,
4.1994968155e+01,
4.1995412832e+01,
4.1995866715e+01,
4.1996320021e+01,
4.1996763136e+01,
4.1997187241e+01,
4.1997584858e+01,
4.1997950233e+01,
4.1998279538e+01,
4.1998570884e+01,
4.1998824161e+01,
4.1999040760e+01,
4.1999223205e+01,
4.1999374777e+01,
4.1999499149e+01,
4.1999600093e+01,
4.1999681250e+01,
4.1999745989e+01,
4.1999797313e+01,
4.1999837822e+01,
4.1999869710e+01,
4.1999894784e+01,
4.1999914514e+01,
4.1999930088e+01,
4.1999942452e+01,
4.1999952338e+01,
4.1999960279e+01,
4.1999966657e+01,
4.1999971764e+01,
4.1999975869e+01,
4.1999979226e+01,
4.1999982044e+01,
4.1999984468e+01,
4.1999986584e+01,
4.1999988455e+01,
4.1999990124e+01,
4.1999991624e+01,
4.1999992972e+01,
4.1999994175e+01,
4.1999995237e+01,
4.1999996165e+01,
4.1999996964e+01,
4.1999997645e+01,
4.1999998216e+01,
4.1999998687e+01,
4.1999999066e+01,
4.1999999363e+01,
4.1999999589e+01,
4.2000000000e+01,
4.2000000000e+01,
4.2000000000e+01,
4.2000000000e+01,
4.2000000000e+01,
4.2000000000e+01,
