0.0000000000e+00,
5.7219000382e-07,
1.8265435997e-05,
1.3814015300e-04,
5.7881788000e-04,
1.7535457970e-03,
4.3246265420e-03,
9.2493852780e-03,
1.7816174520e-02,
3.1669300171e-02,
5.2822141303e-02,
8.3658056040e-02,
1.2691881657e-01,
1.8568019302e-01,
2.6331383994e-01,
3.6343386279e-01,
4.8982556017e-01,
6.4635327550e-01,
8.3684466147e-01,
1.0649506060e+00,
1.3339839706e+00,
1.6467459192e+00,
2.0053548561e+00,
2.4110979051e+00,
2.8643261635e+00,
3.3644109286e+00,
3.9097685098e+00,
4.4979480084e+00,
5.1257632931e+00,
5.7894417446e+00,
6.4847615818e+00,
7.2071576855e+00,
7.9517906263e+00,
8.7135902442e+00,
9.4872972313e+00,
1.0267527747e+01,
1.1048874300e+01,
1.1826034879e+01,
1.2593943271e+01,
1.3347870044e+01,
1.4083478791e+01,
1.4796844233e+01,
1.5484451796e+01,
1.6143196688e+01,
1.6770390708e+01,
1.7363775775e+01,
1.7921538813e+01,
1.8442322546e+01,
1.8925228752e+01,
1.9369812675e+01,
1.9776068849e+01,
2.0144409391e+01,
2.0475636041e+01,
2.0770907171e+01,
2.1031700769e+01,
2.1259774213e+01,
2.1457121502e+01,
2.1625928520e+01,
2.1768526915e+01,
2.1887347203e+01,
2.1984871784e+01,
2.2063588658e+01,
2.2125946703e+01,
2.2174313461e+01,
2.2210936424e+01,
2.2237908808e+01,
2.2257140764e+01,
2.2270336883e+01,
2.2278980699e+01,
2.2284326706e+01,
2.2287400180e+01,
2.2289004826e+01,
2.2289738005e+01,
2.2290013046e+01,
2.2290087864e+01,
2.2290098907e+01,
2.2290100419e+01,
2.2290136119e+01,
2.2290377988e+01,
2.2291267118e+01,
2.2293637164e+01,
2.2298823702e+01,
2.2308755590e+01,
2.2326024240e+01,
2.2353926961e+01,
2.2396480749e+01,
2.2458403354e+01,
2.2545059006e+01,
2.2662367125e+01,
2.2816673568e+01,
2.3014585733e+01,
2.3262774895e+01,
2.3567751711e+01,
2.3935623432e+01,
2.4371844000e+01,
2.4880970341e+01,
2.5466439317e+01,
2.6130379582e+01,
2.6873470395e+01,
2.7694855465e+01,
2.8592114947e+01,
2.9561294460e+01,
3.0596988586e+01,
3.1692478123e+01,
3.2839922500e+01,
3.4030604903e+01,
3.5255213798e+01,
3.6504126823e+01,
3.7767657972e+01,
3.9036247586e+01,
4.0300606080e+01,
4.1551841044e+01,
4.2781590353e+01,
4.3982161428e+01,
4.5146658341e+01,
4.6269074857e+01,
4.7344340290e+01,
4.8368318271e+01,
4.9337768765e+01,
5.0250288103e+01,
5.1104240639e+01,
5.1898691443e+01,
5.2633344455e+01,
5.3308486742e+01,
5.3924937331e+01,
5.4483998571e+01,
5.4987408334e+01,
5.5437292148e+01,
5.5836114921e+01,
5.6186632331e+01,
5.6491842008e+01,
5.6754934645e+01,
5.6979245049e+01,
5.7168203157e+01,
5.7325285079e+01,
5.7453964357e+01,
5.7557663839e+01,
5.7639708798e+01,
5.7703282132e+01,
5.7751382699e+01,
5.7786787982e+01,
5.7812022324e+01,
5.7829331972e+01,
5.7840668036e+01,
5.7847678257e+01,
5.7851708201e+01,
5.7853812126e+01,
5.7854773411e+01,
5.7855134020e+01,
5.7855232114e+01,
5.7855246592e+01,
5.7855247966e+01,
5.7855275987e+01,
5.7855465832e+01,
5.7856163717e+01,
5.7858023979e+01,
5.7862094892e+01,
5.7869890325e+01,
5.7883443979e+01,
5.7905343121e+01,
5.7938738896e+01,
5.7987330574e+01,
5.8055321575e+01,
5.8147345772e+01,
5.8268363599e+01,
5.8423528848e+01,
5.8618028703e+01,
5.8856901587e+01,
5.9144839497e+01,
5.9485983634e+01,
5.9883723913e+01,
6.0340514169e+01,
6.0857715087e+01,
6.1435475923e+01,
6.2072663537e+01,
6.2766843415e+01,
6.3514312767e+01,
6.4310181735e+01,
6.5148496834e+01,
6.6022401418e+01,
6.6924330322e+01,
6.7846237014e+01,
6.8779849081e+01,
6.9716941174e+01,
7.0649606178e+01,
7.1570499433e+01,
7.2473030931e+01,
7.3351487410e+01,
7.4201078270e+01,
7.5017912504e+01,
7.5798924378e+01,
7.6541770896e+01,
7.7244723480e+01,
7.7906571042e+01,
7.8526543902e+01,
7.9104260415e+01,
7.9639692376e+01,
8.0133142361e+01,
8.0585225965e+01,
8.0996853585e+01,
8.1369208872e+01,
8.1703723243e+01,
8.2002047271e+01,
8.2266020343e+01,
8.2497639843e+01,
8.2699030664e+01,
8.2872415363e+01,
8.3020084924e+01,
8.3144369903e+01,
8.3247611769e+01,
8.3332134313e+01,
8.3400215257e+01,
8.3454058328e+01,
8.3495766323e+01,
8.3527315816e+01,
8.3550534312e+01,
8.3567080684e+01,
8.3578429756e+01,
8.3585861801e+01,
8.3590457602e+01,
8.3593099514e+01,
8.3594478768e+01,
8.3595108946e+01,
8.3595345345e+01,
8.3595409651e+01,
8.3595419142e+01,
8.3595419987e+01,
8.3595436615e+01,
8.3595549268e+01,
8.3595963389e+01,
8.3597067256e+01,
8.3599482904e+01,
8.3604108629e+01,
8.3612151146e+01,
8.3625145542e+01,
8.3644961284e+01,
8.3673792682e+01,
8.3714132523e+01,
8.3768727972e+01,
8.3840518481e+01,
8.3932556305e+01,
8.4047911270e+01,
8.4189562710e+01,
8.4360282874e+01,
8.4562517406e+01,
8.4798269607e+01,
8.5068995808e+01,
8.5375518986e+01,
8.5717966598e+01,
8.6095736299e+01,
8.6507490111e+01,
8.6951174406e+01,
8.7424060951e+01,
8.7922804166e+01,
8.8443511899e+01,
8.8981830235e+01,
8.9533045200e+01,
9.0092203908e+01,
9.0654254356e+01,
9.1214197883e+01,
9.1767243459e+01,
9.2308950355e+01,
9.2835346317e+01,
9.3343011860e+01,
9.3829126438e+01,
9.4291477688e+01,
9.4728439220e+01,
9.5138925070e+01,
9.5522329637e+01,
9.5878461180e+01,
9.6207475276e+01,
9.6509812656e+01,
9.6786143908e+01,
9.7037322088e+01,
9.7264343137e+01,
9.7468313448e+01,
9.7650423543e+01,
9.7811926767e+01,
9.7954121935e+01,
9.8078338927e+01,
9.8185926399e+01,
9.8278240857e+01,
9.8356636490e+01,
9.8422455308e+01,
9.8477017216e+01,
9.8521609859e+01,
9.8557478151e+01,
9.8585813599e+01,
9.8607743612e+01,
9.8624321135e+01,
9.8636515032e+01,
9.8645201681e+01,
9.8651158277e+01,
9.8655058335e+01,
9.8657469771e+01,
9.8658855901e+01,
9.8659579526e+01,
9.8659910142e+01,
9.8660034166e+01,
9.8660067903e+01,
9.8660072882e+01,
9.8660073323e+01,
9.8660081956e+01,
9.8660140444e+01,
9.8660355451e+01,
9.8660928558e+01,
9.8662182678e+01,
9.8664584043e+01,
9.8668758709e+01,
9.8675502512e+01,
9.8685783452e+01,
9.8700735504e+01,
9.8721643023e+01,
9.8749915115e+01,
9.8787049737e+01,
9.8834587817e+01,
9.8894058363e+01,
9.8966916368e+01,
9.9054476146e+01,
9.9157843613e+01,
9.9277851648e+01,
9.9415003054e+01,
9.9569425604e+01,
9.9740843121e+01,
9.9928565559e+01,
1.0013149968e+02,
1.0034818021e+02,
1.0057681973e+02,
1.0081537385e+02,
1.0106161678e+02,
1.0131322180e+02,
1.0156784053e+02,
1.0182317563e+02,
1.0207704253e+02,
1.0232741794e+02,
1.0257247422e+02,
1.0281060100e+02,
1.0304041589e+02,
1.0326076680e+02,
1.0347072777e+02,
1.0366959020e+02,
1.0385685016e+02,
1.0403219303e+02,
1.0419547572e+02,
1.0434670747e+02,
1.0448602980e+02,
1.0461369645e+02,
1.0473005405e+02,
1.0483552398e+02,
1.0493058609e+02,
1.0501576433e+02,
1.0509161448e+02,
1.0515871391e+02,
1.0521765318e+02,
1.0526902917e+02,
1.0531343955e+02,
1.0535147817e+02,
1.0538373109e+02,
1.0541077308e+02,
1.0543316416e+02,
1.0545144628e+02,
1.0546613980e+02,
1.0547773996e+02,
1.0548671322e+02,
1.0549349369e+02,
1.0549847970e+02,
1.0550203086e+02,
1.0550446557e+02,
1.0550605953e+02,
1.0550704503e+02,
1.0550761148e+02,
1.0550790719e+02,
1.0550804229e+02,
1.0550809297e+02,
1.0550810676e+02,
1.0550810880e+02,
1.0550810898e+02,
1.0550811259e+02,
1.0550813708e+02,
1.0550822708e+02,
1.0550846698e+02,
1.0550899194e+02,
1.0550999708e+02,
1.0551174432e+02,
1.0551456646e+02,
1.0551886790e+02,
1.0552512171e+02,
1.0553386252e+02,
1.0554567490e+02,
1.0556117723e+02,
1.0558100099e+02,
1.0560576606e+02,
1.0563605268e+02,
1.0567237150e+02,
1.0571513322e+02,
1.0576461986e+02,
1.0582095990e+02,
1.0588410940e+02,
1.0595384103e+02,
1.0602974258e+02,
1.0611122551e+02,
1.0619754354e+02,
1.0628782018e+02,
1.0638108321e+02,
1.0647630370e+02,
1.0657243649e+02,
1.0666845933e+02,
1.0676340784e+02,
1.0685640448e+02,
1.0694667991e+02,
1.0703358663e+02,
1.0711660474e+02,
1.0719534096e+02,
1.0726952207e+02,
1.0733898416e+02,
1.0740365927e+02,
1.0746356063e+02,
1.0751876783e+02,
1.0756941254e+02,
1.0761566558e+02,
1.0765772564e+02,
1.0769580978e+02,
1.0773014571e+02,
1.0776096578e+02,
1.0778850251e+02,
1.0781298528e+02,
1.0783463822e+02,
1.0785367881e+02,
1.0787031712e+02,
1.0788475551e+02,
1.0789718858e+02,
1.0790780322e+02,
1.0791677875e+02,
1.0792428698e+02,
1.0793049219e+02,
1.0793555090e+02,
1.0793961162e+02,
1.0794281432e+02,
1.0794528986e+02,
1.0794715937e+02,
1.0794853352e+02,
1.0794951191e+02,
1.0795018256e+02,
1.0795062156e+02,
1.0795089295e+02,
1.0795104894e+02,
1.0795113037e+02,
1.0795116757e+02,
1.0795118152e+02,
1.0795118532e+02,
1.0795118588e+02,
1.0795118593e+02,
1.0795118697e+02,
1.0795119399e+02,
1.0795121982e+02,
1.0795128864e+02,
1.0795143925e+02,
1.0795172760e+02,
1.0795222878e+02,
1.0795303811e+02,
1.0795427126e+02,
1.0795606326e+02,
1.0795856618e+02,
1.0796194545e+02,
1.0796637484e+02,
1.0797202993e+02,
1.0797908051e+02,
1.0798768203e+02,
1.0799796671e+02,
1.0801003477e+02,
1.0802394667e+02,
1.0803971687e+02,
1.0805731002e+02,
1.0807663985e+02,
1.0809757123e+02,
1.0811992512e+02,
1.0814348630e+02,
1.0816801290e+02,
1.0819324717e+02,
1.0821892637e+02,
1.0824479289e+02,
1.0827060298e+02,
1.0829613356e+02,
1.0832118681e+02,
1.0834559273e+02,
1.0836920981e+02,
1.0839192416e+02,
1.0841364765e+02,
1.0843431532e+02,
1.0845388250e+02,
1.0847232197e+02,
1.0848962119e+02,
1.0850577986e+02,
1.0852080782e+02,
1.0853472324e+02,
1.0854755118e+02,
1.0855932231e+02,
1.0857007199e+02,
1.0857983941e+02,
1.0858866692e+02,
1.0859659950e+02,
1.0860368425e+02,
1.0860996999e+02,
1.0861550691e+02,
1.0862034617e+02,
1.0862453961e+02,
1.0862813940e+02,
1.0863119772e+02,
1.0863376637e+02,
1.0863589640e+02,
1.0863763773e+02,
1.0863903870e+02,
1.0864014566e+02,
1.0864100251e+02,
1.0864165031e+02,
1.0864212684e+02,
1.0864246634e+02,
1.0864269915e+02,
1.0864285159e+02,
1.0864294584e+02,
1.0864300002e+02,
1.0864302831e+02,
1.0864304123e+02,
1.0864304608e+02,
1.0864304740e+02,
1.0864304759e+02,
1.0864304761e+02,
1.0864304799e+02,
1.0864305056e+02,
1.0864305999e+02,
1.0864308515e+02,
1.0864314020e+02,
1.0864324560e+02,
1.0864342883e+02,
1.0864372480e+02,
1.0864417598e+02,
1.0864483206e+02,
1.0864574931e+02,
1.0864698936e+02,
1.0864861764e+02,
1.0865070125e+02,
1.0865330659e+02,
1.0865649651e+02,
1.0866032741e+02,
1.0866484624e+02,
1.0867008768e+02,
1.0867607171e+02,
1.0868280175e+02,
1.0869026341e+02,
1.0869842425e+02,
1.0870723422e+02,
1.0871662705e+02,
1.0872652241e+02,
1.0873682854e+02,
1.0874744548e+02,
1.0875826838e+02,
1.0876919094e+02,
1.0878010866e+02,
1.0879092178e+02,
1.0880153783e+02,
1.0881187367e+02,
1.0882185696e+02,
1.0883142703e+02,
1.0884053531e+02,
1.0884914515e+02,
1.0885723131e+02,
1.0886477903e+02,
1.0887178301e+02,
1.0887824607e+02,
1.0888417790e+02,
1.0888959373e+02,
1.0889451315e+02,
1.0889895898e+02,
1.0890295629e+02,
1.0890653160e+02,
1.0890971221e+02,
1.0891252564e+02,
1.0891499923e+02,
1.0891715989e+02,
1.0891903383e+02,
1.0892064645e+02,
1.0892202227e+02,
1.0892318483e+02,
1.0892415671e+02,
1.0892495943e+02,
1.0892561350e+02,
1.0892613829e+02,
1.0892655204e+02,
1.0892687175e+02,
1.0892711313e+02,
1.0892729052e+02,
1.0892741681e+02,
1.0892750337e+02,
1.0892756002e+02,
1.0892759504e+02,
1.0892761517e+02,
1.0892762568e+02,
1.0892763048e+02,
1.0892763228e+02,
1.0892763277e+02,
1.0892763284e+02,
1.0892763285e+02,
1.0892763300e+02,
1.0892763401e+02,
1.0892763772e+02,
1.0892764761e+02,
1.0892766925e+02,
1.0892771068e+02,
1.0892778268e+02,
1.0892789892e+02,
1.0892807598e+02,
1.0892833315e+02,
1.0892869209e+02,
1.0892917623e+02,
1.0892980997e+02,
1.0893061768e+02,
1.0893162242e+02,
1.0893284466e+02,
1.0893430077e+02,
1.0893600168e+02,
1.0893795164e+02,
1.0894014716e+02,
1.0894257652e+02,
1.0894521960e+02,
1.0894804835e+02,
1.0895102778e+02,
1.0895411741e+02,
1.0895727317e+02,
1.0896044947e+02,
1.0896360137e+02,
1.0896668659e+02,
1.0896966722e+02,
1.0897251110e+02,
1.0897519265e+02,
1.0897769322e+02,
1.0898000097e+02,
1.0898211045e+02,
1.0898402181e+02,
1.0898573984e+02,
1.0898727301e+02,
1.0898863242e+02,
1.0898983094e+02,
1.0899088233e+02,
1.0899180067e+02,
1.0899259976e+02,
1.0899329283e+02,
1.0899389219e+02,
1.0899440920e+02,
1.0899485409e+02,
1.0899523602e+02,
1.0899556313e+02,
1.0899584256e+02,
1.0899608055e+02,
1.0899628255e+02,
1.0899645332e+02,
1.0899659699e+02,
1.0899671715e+02,
1.0899681696e+02,
1.0899689919e+02,
1.0899696628e+02,
1.0899702038e+02,
1.0899706343e+02,
1.0899709715e+02,
1.0899712307e+02,
1.0899714255e+02,
1.0899715683e+02,
1.0899716697e+02,
1.0899717392e+02,
1.0899717845e+02,
1.0899718126e+02,
1.0899718287e+02,
1.0899718371e+02,
1.0899718409e+02,
1.0899718424e+02,
1.0899718428e+02,
1.0899718428e+02,
1.0899718428e+02,
1.0899718430e+02,
1.0899718438e+02,
1.0899718470e+02,
1.0899718554e+02,
1.0899718738e+02,
1.0899719089e+02,
1.0899719700e+02,
1.0899720685e+02,
1.0899722181e+02,
1.0899724347e+02,
1.0899727354e+02,
1.0899731382e+02,
1.0899736606e+02,
1.0899743183e+02,
1.0899751240e+02,
1.0899760854e+02,
1.0899772040e+02,
1.0899784741e+02,
1.0899798818e+02,
1.0899814053e+02,
1.0899830157e+02,
1.0899846783e+02,
1.0899863555e+02,
1.0899880087e+02,
1.0899896016e+02,
1.0899911025e+02,
1.0899924862e+02,
1.0899937350e+02,
1.0899948392e+02,
1.0899957968e+02,
1.0899966121e+02,
1.0899972944e+02,
1.0899978565e+02,
1.0899983129e+02,
1.0899986789e+02,
1.0899989690e+02,
1.0899991969e+02,
1.0899993745e+02,
1.0899995122e+02,
1.0899996185e+02,
1.0899997006e+02,
1.0899997640e+02,
1.0899998134e+02,
1.0899998523e+02,
1.0899998840e+02,
1.0899999108e+02,
1.0899999339e+02,
1.0899999538e+02,
1.0899999695e+02,
1.0899999789e+02,
1.0899999827e+02,
1.0899999857e+02,
1.0899999899e+02,
1.0899999949e+02,
1.0900000000e+02,
1.0899999951e+02,
1.0899999953e+02,
1.0900000000e+02,
1.0900000000e+02,
1.0900000000e+02,
1.0900000000e+02,
1.0900000000e+02,
1.0900000000e+02,
1.0900000000e+02,
1.0900000000e+02,
1.0900000000e+02,
1.0900000000e+02,
1.0900000000e+02,
1.0900000000e+02,
1.0900000000e+02,
1.0900000000e+02,
1.0900000000e+02,
1.0900000000e+02,
1.0900000000e+02,
