0.0000000000e+00,
9.5782999310e-09,
3.0575834042e-07,
2.3124251998e-06,
9.6891975003e-06,
2.9353368620e-05,
7.2389979030e-05,
1.5481810329e-04,
2.9818592228e-04,
5.2997254067e-04,
8.8378060435e-04,
1.3993103267e-03,
2.1221122632e-03,
3.1031227810e-03,
4.3979923529e-03,
6.0662223116e-03,
8.1701303067e-03,
1.0773668327e-02,
1.3941119745e-02,
1.7735703557e-02,
2.2218114989e-02,
2.7445032271e-02,
3.3467619910e-02,
4.0330059517e-02,
4.8068140340e-02,
5.6707943147e-02,
6.6264652777e-02,
7.6741536157e-02,
8.8129123366e-02,
1.0040462869e-01,
1.1353164600e-01,
1.2746014790e-01,
1.4212681011e-01,
1.5745567271e-01,
1.7335913719e-01,
1.8973928489e-01,
2.0648948823e-01,
2.2349627304e-01,
2.4064137885e-01,
2.5780395541e-01,
2.7486282803e-01,
2.9169876303e-01,
3.0819666560e-01,
3.2424764792e-01,
3.3975091202e-01,
3.5461540182e-01,
3.6876118826e-01,
3.8212056256e-01,
3.9463882263e-01,
4.0627474738e-01,
4.1700076204e-01,
4.2680280535e-01,
4.3567991548e-01,
4.4364355676e-01,
4.5071671400e-01,
4.5693278414e-01,
4.6233429827e-01,
4.6697150932e-01,
4.7090088237e-01,
4.7418352597e-01,
4.7688360364e-01,
4.7906676455e-01,
4.8079863196e-01,
4.8214338625e-01,
4.8316247702e-01,
4.8391349530e-01,
4.8444923276e-01,
4.8481694939e-01,
4.8505786547e-01,
4.8520688718e-01,
4.8529256839e-01,
4.8533730418e-01,
4.8535774490e-01,
4.8536541301e-01,
4.8536749893e-01,
4.8536780681e-01,
4.8536784895e-01,
4.8536884425e-01,
4.8537558758e-01,
4.8540037684e-01,
4.8546645668e-01,
4.8561107459e-01,
4.8588804973e-01,
4.8636975730e-01,
4.8714844682e-01,
4.8833682986e-01,
4.9006789196e-01,
4.9249390355e-01,
4.9578462554e-01,
5.0012472633e-01,
5.0571044704e-01,
5.1274557183e-01,
5.2143677813e-01,
5.3198845991e-01,
5.4459713503e-01,
5.5944556673e-01,
5.7669675106e-01,
5.9648794536e-01,
6.1892493902e-01,
6.4407679162e-01,
6.7197128335e-01,
7.0259133017e-01,
7.3587260683e-01,
7.7170258871e-01,
8.0992116578e-01,
8.5032290081e-01,
8.9266090410e-01,
9.3665219037e-01,
9.8198428018e-01,
1.0283227238e+00,
1.0753191686e+00,
1.1226195711e+00,
1.1698721682e+00,
1.2167348722e+00,
1.2628818259e+00,
1.3080089389e+00,
1.3518383159e+00,
1.3941215670e+00,
1.4346420549e+00,
1.4732161830e+00,
1.5096938532e+00,
1.5439582327e+00,
1.5759249646e+00,
1.6055409439e+00,
1.6327827564e+00,
1.6576548627e+00,
1.6801875808e+00,
1.7004349117e+00,
1.7184722298e+00,
1.7343938590e+00,
1.7483105437e+00,
1.7603468295e+00,
1.7706383640e+00,
1.7793291399e+00,
1.7865687050e+00,
1.7925093721e+00,
1.7973034719e+00,
1.8011006966e+00,
1.8040455895e+00,
1.8062752397e+00,
1.8079172398e+00,
1.8090879678e+00,
1.8098912420e+00,
1.8104173962e+00,
1.8107428059e+00,
1.8109298857e+00,
1.8110275586e+00,
1.8110721863e+00,
1.8110889277e+00,
1.8110934818e+00,
1.8110941539e+00,
1.8110942177e+00,
1.8110955186e+00,
1.8111043323e+00,
1.8111367322e+00,
1.8112230978e+00,
1.8114121031e+00,
1.8117740573e+00,
1.8124034561e+00,
1.8134206171e+00,
1.8149722876e+00,
1.8172311281e+00,
1.8203940046e+00,
1.8246790470e+00,
1.8303214756e+00,
1.8375682412e+00,
1.8466715862e+00,
1.8578816943e+00,
1.8714386677e+00,
1.8875641376e+00,
1.9064528687e+00,
1.9282647662e+00,
1.9531177063e+00,
1.9810816006e+00,
2.0121740533e+00,
2.0463578834e+00,
2.0835406660e+00,
2.1235763050e+00,
2.1662685037e+00,
2.2113758625e+00,
2.2586182308e+00,
2.3076838769e+00,
2.3582370340e+00,
2.4099254227e+00,
2.4623874346e+00,
2.5152587667e+00,
2.5681784075e+00,
2.6207939655e+00,
2.6727663941e+00,
2.7237741921e+00,
2.7735171506e+00,
2.8217196855e+00,
2.8681337536e+00,
2.9125413102e+00,
2.9547562419e+00,
2.9946257067e+00,
3.0320308260e+00,
3.0668867089e+00,
3.0991418238e+00,
3.1287767731e+00,
3.1558025503e+00,
3.1802583800e+00,
3.2022092370e+00,
3.2217431393e+00,
3.2389682882e+00,
3.2540101162e+00,
3.2670082838e+00,
3.2781136568e+00,
3.2874852849e+00,
3.2952874053e+00,
3.3016864933e+00,
3.3068483911e+00,
3.3109355529e+00,
3.3141044520e+00,
3.3165032033e+00,
3.3182694589e+00,
3.3195286354e+00,
3.3203925272e+00,
3.3209583558e+00,
3.3213082907e+00,
3.3215094659e+00,
3.3216144966e+00,
3.3216624859e+00,
3.3216804883e+00,
3.3216853854e+00,
3.3216861082e+00,
3.3216861725e+00,
3.3216874387e+00,
3.3216960176e+00,
3.3217275543e+00,
3.3218116186e+00,
3.3219955870e+00,
3.3223478916e+00,
3.3229604996e+00,
3.3239504956e+00,
3.3254606544e+00,
3.3276589083e+00,
3.3307366349e+00,
3.3349057187e+00,
3.3403943792e+00,
3.3474418006e+00,
3.3562916531e+00,
3.3671846607e+00,
3.3803504309e+00,
3.3959988368e+00,
3.4143113044e+00,
3.4354324144e+00,
3.4594622767e+00,
3.4864501541e+00,
3.5163898118e+00,
3.5492170232e+00,
3.5848095708e+00,
3.6229899241e+00,
3.6635305586e+00,
3.7061616043e+00,
3.7505802283e+00,
3.7964609132e+00,
3.8434656740e+00,
3.8912533136e+00,
3.9394870528e+00,
3.9878402338e+00,
4.0360001838e+00,
4.0836706221e+00,
4.1305731394e+00,
4.1764482632e+00,
4.2210564842e+00,
4.2641794370e+00,
4.3056212540e+00,
4.3452099944e+00,
4.3827989867e+00,
4.4182679235e+00,
4.4515235765e+00,
4.4825000500e+00,
4.5111585437e+00,
4.5374866354e+00,
4.5614971282e+00,
4.5832265224e+00,
4.6027331785e+00,
4.6200952355e+00,
4.6354083413e+00,
4.6487832429e+00,
4.6603432750e+00,
4.6702217796e+00,
4.6785594849e+00,
4.6855018715e+00,
4.6911965569e+00,
4.6957907322e+00,
4.6994286933e+00,
4.7022495106e+00,
4.7043848916e+00,
4.7059572861e+00,
4.7070782912e+00,
4.7078474031e+00,
4.7083511603e+00,
4.7086627102e+00,
4.7088418191e+00,
4.7089353296e+00,
4.7089780553e+00,
4.7089940831e+00,
4.7089984431e+00,
4.7089990866e+00,
4.7089991435e+00,
4.7090002592e+00,
4.7090078178e+00,
4.7090356043e+00,
4.7091096720e+00,
4.7092717640e+00,
4.7095821769e+00,
4.7101219476e+00,
4.7109942530e+00,
4.7123249256e+00,
4.7142620008e+00,
4.7169742358e+00,
4.7206485613e+00,
4.7254864619e+00,
4.7316993187e+00,
4.7395027964e+00,
4.7491104058e+00,
4.7607264309e+00,
4.7745384613e+00,
4.7907098175e+00,
4.8093721980e+00,
4.8306188952e+00,
4.8544989340e+00,
4.8810124686e+00,
4.9101077361e+00,
4.9416798043e+00,
4.9755712724e+00,
5.0115749859e+00,
5.0494387152e+00,
5.0888716289e+00,
5.1295522746e+00,
5.1711376749e+00,
5.2132730666e+00,
5.2556017666e+00,
5.2977746497e+00,
5.3394587677e+00,
5.3803447291e+00,
5.4201525691e+00,
5.4586359758e+00,
5.4955848607e+00,
5.5308263801e+00,
5.5642245947e+00,
5.5956790173e+00,
5.6251223180e+00,
5.6525174590e+00,
5.6778545051e+00,
5.7011473189e+00,
5.7224303078e+00,
5.7417553387e+00,
5.7591888984e+00,
5.7748095351e+00,
5.7887055893e+00,
5.8009731964e+00,
5.8117145296e+00,
5.8210362414e+00,
5.8290480590e+00,
5.8358614896e+00,
5.8415885984e+00,
5.8463408286e+00,
5.8502278435e+00,
5.8533563838e+00,
5.8558291427e+00,
5.8577436740e+00,
5.8591913604e+00,
5.8602564721e+00,
5.8610153567e+00,
5.8615357974e+00,
5.8618765801e+00,
5.8620872990e+00,
5.8622084270e+00,
5.8622716625e+00,
5.8623005544e+00,
5.8623113926e+00,
5.8623143409e+00,
5.8623147760e+00,
5.8623148151e+00,
5.8623155879e+00,
5.8623208237e+00,
5.8623400708e+00,
5.8623913750e+00,
5.8625036442e+00,
5.8627186201e+00,
5.8630923615e+00,
5.8636961492e+00,
5.8646167230e+00,
5.8659557682e+00,
5.8678285801e+00,
5.8703618549e+00,
5.8736905861e+00,
5.8779540876e+00,
5.8832912213e+00,
5.8898349696e+00,
5.8977065686e+00,
5.9070094826e+00,
5.9178235659e+00,
5.9301997930e+00,
5.9441559522e+00,
5.9596736652e+00,
5.9766970310e+00,
5.9951330796e+00,
6.0148540857e+00,
6.0357016349e+00,
6.0574921854e+00,
6.0800237359e+00,
6.1030831254e+00,
6.1264534506e+00,
6.1499211116e+00,
6.1732820645e+00,
6.1963469719e+00,
6.2189450720e+00,
6.2409267179e+00,
6.2621646547e+00,
6.2825541891e+00,
6.3020124643e+00,
6.3204770715e+00,
6.3379042283e+00,
6.3542667266e+00,
6.3695518166e+00,
6.3837591527e+00,
6.3968988855e+00,
6.4089899489e+00,
6.4200585646e+00,
6.4301369629e+00,
6.4392623045e+00,
6.4474757810e+00,
6.4548218638e+00,
6.4613476723e+00,
6.4671024328e+00,
6.4721369996e+00,
6.4765034145e+00,
6.4802544864e+00,
6.4834433710e+00,
6.4861231427e+00,
6.4883463488e+00,
6.4901645459e+00,
6.4916278194e+00,
6.4927842949e+00,
6.4936796528e+00,
6.4943566617e+00,
6.4948547486e+00,
6.4952096264e+00,
6.4954529980e+00,
6.4956123558e+00,
6.4957108923e+00,
6.4957675341e+00,
6.4957971043e+00,
6.4958106146e+00,
6.4958156828e+00,
6.4958170614e+00,
6.4958172649e+00,
6.4958172837e+00,
6.4958176602e+00,
6.4958202113e+00,
6.4958295894e+00,
6.4958545868e+00,
6.4959092887e+00,
6.4960140320e+00,
6.4961961270e+00,
6.4964902951e+00,
6.4969387781e+00,
6.4975910783e+00,
6.4985032940e+00,
6.4997370249e+00,
6.5013578397e+00,
6.5034333197e+00,
6.5060307247e+00,
6.5092143588e+00,
6.5130427543e+00,
6.5175658236e+00,
6.5228221562e+00,
6.5288366503e+00,
6.5356186605e+00,
6.5431608164e+00,
6.5514386175e+00,
6.5604108482e+00,
6.5700207826e+00,
6.5801980849e+00,
6.5908612528e+00,
6.6019204158e+00,
6.6132802918e+00,
6.6248431117e+00,
6.6365113544e+00,
6.6481901738e+00,
6.6597894423e+00,
6.6712253783e+00,
6.6824217576e+00,
6.6933107336e+00,
6.7038333083e+00,
6.7139395011e+00,
6.7235882676e+00,
6.7327472179e+00,
6.7413921792e+00,
6.7495066462e+00,
6.7570811544e+00,
6.7641126092e+00,
6.7706035988e+00,
6.7765617118e+00,
6.7819988797e+00,
6.7869307549e+00,
6.7913761357e+00,
6.7953564404e+00,
6.7988952324e+00,
6.8020177932e+00,
6.8047507371e+00,
6.8071216627e+00,
6.8091588303e+00,
6.8108908596e+00,
6.8123464394e+00,
6.8135540430e+00,
6.8145416468e+00,
6.8153364494e+00,
6.8159645950e+00,
6.8164509019e+00,
6.8168186064e+00,
6.8170891282e+00,
6.8172818674e+00,
6.8174140446e+00,
6.8175005926e+00,
6.8175541080e+00,
6.8175848702e+00,
6.8176009298e+00,
6.8176082673e+00,
6.8176110198e+00,
6.8176117685e+00,
6.8176118790e+00,
6.8176118895e+00,
6.8176121047e+00,
6.8176135624e+00,
6.8176189208e+00,
6.8176332040e+00,
6.8176644595e+00,
6.8177243066e+00,
6.8178283473e+00,
6.8179964135e+00,
6.8182526251e+00,
6.8186252333e+00,
6.8191462279e+00,
6.8198506924e+00,
6.8207758997e+00,
6.8219601551e+00,
6.8234414093e+00,
6.8252556833e+00,
6.8274353713e+00,
6.8300075054e+00,
6.8329920849e+00,
6.8364005833e+00,
6.8402347457e+00,
6.8444857811e+00,
6.8491340300e+00,
6.8541491582e+00,
6.8594908861e+00,
6.8651102229e+00,
6.8709511344e+00,
6.8769525396e+00,
6.8830505073e+00,
6.8891805133e+00,
6.8952796197e+00,
6.9012884503e+00,
6.9071528614e+00,
6.9128252356e+00,
6.9182653616e+00,
6.9234408958e+00,
6.9283274301e+00,
6.9329082192e+00,
6.9371736298e+00,
6.9411203900e+00,
6.9447507116e+00,
6.9480713565e+00,
6.9510927062e+00,
6.9538278808e+00,
6.9562919420e+00,
6.9585011995e+00,
6.9604726307e+00,
6.9622234138e+00,
6.9637705685e+00,
6.9651306927e+00,
6.9663197815e+00,
6.9673531147e+00,
6.9682451976e+00,
6.9690097418e+00,
6.9696596720e+00,
6.9702071501e+00,
6.9706636065e+00,
6.9710397702e+00,
6.9713456957e+00,
6.9715907791e+00,
6.9717837654e+00,
6.9719327451e+00,
6.9720451422e+00,
6.9721276962e+00,
6.9721864427e+00,
6.9722266960e+00,
6.9722530383e+00,
6.9722693206e+00,
6.9722786781e+00,
6.9722835627e+00,
6.9722857942e+00,
6.9722866313e+00,
6.9722868590e+00,
6.9722868927e+00,
6.9722868960e+00,
6.9722869652e+00,
6.9722874344e+00,
6.9722891592e+00,
6.9722937565e+00,
6.9723038151e+00,
6.9723230701e+00,
6.9723565275e+00,
6.9724105312e+00,
6.9724927556e+00,
6.9726121135e+00,
6.9727785647e+00,
6.9730028170e+00,
6.9732959137e+00,
6.9736687115e+00,
6.9741312643e+00,
6.9746921398e+00,
6.9753577129e+00,
6.9761314902e+00,
6.9770135311e+00,
6.9780000340e+00,
6.9790831468e+00,
6.9802510500e+00,
6.9814883305e+00,
6.9827766368e+00,
6.9840955699e+00,
6.9854237362e+00,
6.9867398664e+00,
6.9880238965e+00,
6.9892579131e+00,
6.9904268865e+00,
6.9915191410e+00,
6.9925265489e+00,
6.9934444650e+00,
6.9942714438e+00,
6.9950087993e+00,
6.9956600718e+00,
6.9962304624e+00,
6.9967262885e+00,
6.9971544946e+00,
6.9975222422e+00,
6.9978365883e+00,
6.9981042500e+00,
6.9983314500e+00,
6.9985238285e+00,
6.9986864085e+00,
6.9988235997e+00,
6.9989392284e+00,
6.9990365833e+00,
6.9991184694e+00,
6.9991872645e+00,
6.9992449763e+00,
6.9992932953e+00,
6.9993336446e+00,
6.9993672227e+00,
6.9993950418e+00,
6.9994179599e+00,
6.9994367083e+00,
6.9994519135e+00,
6.9994641167e+00,
6.9994737876e+00,
6.9994813370e+00,
6.9994871253e+00,
6.9994914695e+00,
6.9994946478e+00,
6.9994969030e+00,
6.9994984452e+00,
6.9994994531e+00,
6.9995000756e+00,
6.9995004331e+00,
6.9995006197e+00,
6.9995007049e+00,
6.9995007369e+00,
6.9995007456e+00,
6.9995007469e+00,
6.9995007470e+00,
6.9995007498e+00,
6.9995007689e+00,
6.9995008389e+00,
6.9995010254e+00,
6.9995014333e+00,
6.9995022137e+00,
6.9995035681e+00,
6.9995057500e+00,
6.9995090617e+00,
6.9995138468e+00,
6.9995204763e+00,
6.9995293277e+00,
6.9995407578e+00,
6.9995550696e+00,
6.9995724762e+00,
6.9995930638e+00,
6.9996167608e+00,
6.9996433162e+00,
6.9996722950e+00,
6.9997030917e+00,
6.9997349648e+00,
6.9997670894e+00,
6.9997986219e+00,
6.9998287674e+00,
6.9998568426e+00,
6.9998823226e+00,
6.9999048695e+00,
6.9999243373e+00,
6.9999407566e+00,
6.9999543025e+00,
6.9999652522e+00,
6.9999739395e+00,
6.9999807167e+00,
6.9999859274e+00,
6.9999898927e+00,
6.9999929046e+00,
6.9999952193e+00,
6.9999970502e+00,
6.9999985797e+00,
6.9999995750e+00,
6.9999988537e+00,
6.9999987092e+00,
6.9999988172e+00,
6.9999990372e+00,
6.9999992706e+00,
6.9999994534e+00,
6.9999995595e+00,
6.9999996031e+00,
6.9999996272e+00,
7.0000000000e+00,
7.0000000000e+00,
7.0000000000e+00,
7.0000000000e+00,
7.0000000000e+00,
7.0000000000e+00,
7.0000000000e+00,
7.0000000000e+00,
7.0000000000e+00,
7.0000000000e+00,
7.0000000000e+00,
7.0000000000e+00,
7.0000000000e+00,
7.0000000000e+00,
7.0000000000e+00,
7.0000000000e+00,
7.0000000000e+00,
7.0000000000e+00,
7.0000000000e+00,
7.0000000000e+00,
7.0000000000e+00,
7.0000000000e+00,
7.0000000000e+00,
7.0000000000e+00,
7.0000000000e+00,
