0.0000000000e+00,
2.0163099634e-08,
6.4364589925e-07,
4.8678412998e-06,
2.0396546100e-05,
6.1791261199e-05,
1.5238709570e-04,
3.2590625000e-04,
6.2771163090e-04,
1.1156546564e-03,
1.8604842967e-03,
2.9457982881e-03,
4.4675315987e-03,
6.5329908857e-03,
9.2594561806e-03,
1.2772381743e-02,
1.7203236532e-02,
2.2687030862e-02,
2.9359579780e-02,
3.7354555906e-02,
4.6800385978e-02,
5.7817046858e-02,
7.0512819640e-02,
8.4981065270e-02,
1.0129709224e-01,
1.1951519599e-01,
1.3966595967e-01,
1.6175391469e-01,
1.8575566533e-01,
2.1161858159e-01,
2.3926015669e-01,
2.6856810907e-01,
2.9940128293e-01,
3.3159136828e-01,
3.6494542253e-01,
3.9924913528e-01,
4.3427073942e-01,
4.6976543854e-01,
5.0548019597e-01,
5.4115871711e-01,
5.7654645300e-01,
6.1139546122e-01,
6.4546897584e-01,
6.7854556141e-01,
7.1042275241e-01,
7.4092010774e-01,
7.6988163665e-01,
7.9717757767e-01,
8.2270553228e-01,
8.4639097266e-01,
8.6818715536e-01,
8.8807448212e-01,
9.0605935600e-01,
9.2217258468e-01,
9.3646738660e-01,
9.4901705737e-01,
9.5991235609e-01,
9.6925867347e-01,
9.7717304535e-01,
9.8378107748e-01,
9.8921384927e-01,
9.9360486501e-01,
9.9708712167e-01,
9.9979036062e-01,
1.0018385681e+00,
1.0033477840e+00,
1.0044242717e+00,
1.0051630933e+00,
1.0056471223e+00,
1.0059465155e+00,
1.0061186508e+00,
1.0062085249e+00,
1.0062495901e+00,
1.0062649952e+00,
1.0062691858e+00,
1.0062698044e+00,
1.0062698890e+00,
1.0062718886e+00,
1.0062854358e+00,
1.0063352368e+00,
1.0064679888e+00,
1.0067585159e+00,
1.0073149210e+00,
1.0082825480e+00,
1.0098465810e+00,
1.0122331338e+00,
1.0157087181e+00,
1.0205780172e+00,
1.0271799331e+00,
1.0358819216e+00,
1.0470726776e+00,
1.0611532875e+00,
1.0785270177e+00,
1.0995879705e+00,
1.1247089013e+00,
1.1542285549e+00,
1.1884389536e+00,
1.2275731328e+00,
1.2717938837e+00,
1.3211840945e+00,
1.3757392886e+00,
1.4353629029e+00,
1.4998647428e+00,
1.5689628738e+00,
1.6422889826e+00,
1.7193969861e+00,
1.7997744143e+00,
1.8828558807e+00,
1.9680378169e+00,
2.0546936028e+00,
2.1421882745e+00,
2.2298921309e+00,
2.3171927466e+00,
2.4035051178e+00,
2.4882798634e+00,
2.5710095720e+00,
2.6512334928e+00,
2.7285408218e+00,
2.8025728448e+00,
2.8730241609e+00,
2.9396431689e+00,
3.0022319390e+00,
3.0606455449e+00,
3.1147908969e+00,
3.1646250912e+00,
3.2101532821e+00,
3.2514260835e+00,
3.2885365104e+00,
3.3216164817e+00,
3.3508329139e+00,
3.3763834442e+00,
3.3984918327e+00,
3.4174030995e+00,
3.4333784636e+00,
3.4466901591e+00,
3.4576162149e+00,
3.4664352923e+00,
3.4734216851e+00,
3.4788405934e+00,
3.4829437846e+00,
3.4859657554e+00,
3.4881205029e+00,
3.4895990001e+00,
3.4905674580e+00,
3.4911664285e+00,
3.4915107831e+00,
3.4916905690e+00,
3.4917727150e+00,
3.4918035309e+00,
3.4918119136e+00,
3.4918131509e+00,
3.4918132683e+00,
3.4918156628e+00,
3.4918318862e+00,
3.4918915248e+00,
3.4920504985e+00,
3.4923984039e+00,
3.4930646663e+00,
3.4942232454e+00,
3.4960956653e+00,
3.4989521661e+00,
3.5031108137e+00,
3.5089344453e+00,
3.5168253874e+00,
3.5272179497e+00,
3.5405687860e+00,
3.5573453089e+00,
3.5780124550e+00,
3.6030182045e+00,
3.6327783674e+00,
3.6676612298e+00,
3.7079727123e+00,
3.7539427066e+00,
3.8057132323e+00,
3.8633289870e+00,
3.9267307682e+00,
3.9957521297e+00,
4.0701195271e+00,
4.1494560942e+00,
4.2332890859e+00,
4.3210608929e+00,
4.4121433463e+00,
4.5058547760e+00,
4.6014789707e+00,
4.6982848784e+00,
4.7955456848e+00,
4.8925559246e+00,
4.9886455637e+00,
5.0831904978e+00,
5.1756194945e+00,
5.2654181082e+00,
5.3521303661e+00,
5.4353590584e+00,
5.5147652979e+00,
5.5900677657e+00,
5.6610418167e+00,
5.7275184416e+00,
5.7893829944e+00,
5.8465735692e+00,
5.8990789388e+00,
5.9469360062e+00,
5.9902267683e+00,
6.0290748197e+00,
6.0636414506e+00,
6.0941213975e+00,
6.1207383087e+00,
6.1437399832e+00,
6.1633934385e+00,
6.1799798631e+00,
6.1937895099e+00,
6.2051165972e+00,
6.2142542902e+00,
6.2214898493e+00,
6.2271000413e+00,
6.2313469184e+00,
6.2344740754e+00,
6.2367034927e+00,
6.2382330658e+00,
6.2392349094e+00,
6.2398545002e+00,
6.2402107001e+00,
6.2403966675e+00,
6.2404816373e+00,
6.2405135124e+00,
6.2405221832e+00,
6.2405234630e+00,
6.2405235769e+00,
6.2405258188e+00,
6.2405410086e+00,
6.2405968475e+00,
6.2407456922e+00,
6.2410714280e+00,
6.2416952234e+00,
6.2427799229e+00,
6.2445328545e+00,
6.2472068565e+00,
6.2510993543e+00,
6.2565493618e+00,
6.2639323315e+00,
6.2736528435e+00,
6.2861352080e+00,
6.3018121473e+00,
6.3211118371e+00,
6.3444436945e+00,
6.3721834115e+00,
6.4046578249e+00,
6.4421302842e+00,
6.4847872102e+00,
6.5327265337e+00,
6.5859486539e+00,
6.6443504691e+00,
6.7077229135e+00,
6.7757522795e+00,
6.8480254367e+00,
6.9240388607e+00,
7.0032111804e+00,
7.0848987384e+00,
7.1684134578e+00,
7.2530421411e+00,
7.3380662150e+00,
7.4227809011e+00,
7.5065128512e+00,
7.5886354258e+00,
7.6685810125e+00,
7.7458500323e+00,
7.8200165537e+00,
7.8907306735e+00,
7.9577180227e+00,
8.0207768899e+00,
8.0797735251e+00,
8.1346361922e+00,
8.1853485027e+00,
8.2319424843e+00,
8.2744917478e+00,
8.3131050145e+00,
8.3479201731e+00,
8.3790989508e+00,
8.4068222162e+00,
8.4312858798e+00,
8.4526973224e+00,
8.4712722625e+00,
8.4872319640e+00,
8.5008006908e+00,
8.5122033224e+00,
8.5216630656e+00,
8.5293992160e+00,
8.5356249489e+00,
8.5405451432e+00,
8.5443542660e+00,
8.5472343672e+00,
8.5493532479e+00,
8.5508628799e+00,
8.5518981543e+00,
8.5525760363e+00,
8.5529951918e+00,
8.5532361343e+00,
8.5533619192e+00,
8.5534193894e+00,
8.5534409481e+00,
8.5534468125e+00,
8.5534476781e+00,
8.5534477546e+00,
8.5534492553e+00,
8.5534594222e+00,
8.5534967964e+00,
8.5535964191e+00,
8.5538144241e+00,
8.5542318649e+00,
8.5549575957e+00,
8.5561300265e+00,
8.5579175814e+00,
8.5605176976e+00,
8.5641542263e+00,
8.5690731338e+00,
8.5755364624e+00,
8.5838145915e+00,
8.5941769478e+00,
8.6068814407e+00,
8.6221630375e+00,
8.6402220307e+00,
8.6612126672e+00,
8.6852328904e+00,
8.7123159639e+00,
8.7424246970e+00,
8.7754488562e+00,
8.8112061355e+00,
8.8494467871e+00,
8.8898617028e+00,
8.9320934336e+00,
8.9757493737e+00,
9.0204161522e+00,
9.0656742018e+00,
9.1111115156e+00,
9.1563357479e+00,
9.2009840474e+00,
9.2447302784e+00,
9.2872895654e+00,
9.3284203324e+00,
9.3679241933e+00,
9.4056441545e+00,
9.4414616293e+00,
9.4752927387e+00,
9.5070843035e+00,
9.5368098460e+00,
9.5644658202e+00,
9.5900681988e+00,
9.6136494780e+00,
9.6352560999e+00,
9.6549462625e+00,
9.6727880666e+00,
9.6888579407e+00,
9.7032392870e+00,
9.7160212963e+00,
9.7272978858e+00,
9.7371667206e+00,
9.7457282865e+00,
9.7530849863e+00,
9.7593402389e+00,
9.7645975642e+00,
9.7689596454e+00,
9.7725273651e+00,
9.7753988216e+00,
9.7776683379e+00,
9.7794254862e+00,
9.7807541558e+00,
9.7817316981e+00,
9.7824281879e+00,
9.7829058377e+00,
9.7832186006e+00,
9.7834119938e+00,
9.7835231623e+00,
9.7835811985e+00,
9.7836077148e+00,
9.7836176618e+00,
9.7836203676e+00,
9.7836207670e+00,
9.7836208029e+00,
9.7836215121e+00,
9.7836263174e+00,
9.7836439820e+00,
9.7836910678e+00,
9.7837941059e+00,
9.7839914057e+00,
9.7843344166e+00,
9.7848885581e+00,
9.7857334372e+00,
9.7869623778e+00,
9.7886811956e+00,
9.7910061745e+00,
9.7940612263e+00,
9.7979742567e+00,
9.8028728145e+00,
9.8088791560e+00,
9.8161049256e+00,
9.8246457079e+00,
9.8345757547e+00,
9.8459432117e+00,
9.8587661630e+00,
9.8730297712e+00,
9.8886847196e+00,
9.9056470726e+00,
9.9237995710e+00,
9.9429942902e+00,
9.9630565183e+00,
9.9837896755e+00,
1.0004981079e+01,
1.0026408362e+01,
1.0047846350e+01,
1.0069074178e+01,
1.0089882375e+01,
1.0110079577e+01,
1.0129498438e+01,
1.0148000279e+01,
1.0165478074e+01,
1.0181857472e+01,
1.0197095812e+01,
1.0211179337e+01,
1.0224119025e+01,
1.0235945633e+01,
1.0246704536e+01,
1.0256450883e+01,
1.0265245426e+01,
1.0273151217e+01,
1.0280231194e+01,
1.0286546582e+01,
1.0292155975e+01,
1.0297114922e+01,
1.0301475866e+01,
1.0305288307e+01,
1.0308599061e+01,
1.0311452566e+01,
1.0313891155e+01,
1.0315955284e+01,
1.0317683682e+01,
1.0319113432e+01,
1.0320279974e+01,
1.0321217041e+01,
1.0321956547e+01,
1.0322528429e+01,
1.0322960474e+01,
1.0323278133e+01,
1.0323504355e+01,
1.0323659445e+01,
1.0323760975e+01,
1.0323823745e+01,
1.0323859825e+01,
1.0323878660e+01,
1.0323887265e+01,
1.0323890493e+01,
1.0323891371e+01,
1.0323891501e+01,
1.0323891512e+01,
1.0323891752e+01,
1.0323893377e+01,
1.0323899350e+01,
1.0323915271e+01,
1.0323950110e+01,
1.0324016813e+01,
1.0324132758e+01,
1.0324320015e+01,
1.0324605391e+01,
1.0325020218e+01,
1.0325599860e+01,
1.0326382928e+01,
1.0327410186e+01,
1.0328723179e+01,
1.0330362630e+01,
1.0332366677e+01,
1.0334769085e+01,
1.0337597553e+01,
1.0340872282e+01,
1.0344604950e+01,
1.0348798199e+01,
1.0353445684e+01,
1.0358532680e+01,
1.0364037121e+01,
1.0369930925e+01,
1.0376181413e+01,
1.0382752620e+01,
1.0389606366e+01,
1.0396703021e+01,
1.0404001963e+01,
1.0411461802e+01,
1.0419040476e+01,
1.0426695324e+01,
1.0434383228e+01,
1.0442060874e+01,
1.0449685132e+01,
1.0457213561e+01,
1.0464604977e+01,
1.0471820050e+01,
1.0478821883e+01,
1.0485576550e+01,
1.0492053547e+01,
1.0498226174e+01,
1.0504071811e+01,
1.0509572118e+01,
1.0514713139e+01,
1.0519485332e+01,
1.0523883531e+01,
1.0527906827e+01,
1.0531558400e+01,
1.0534845284e+01,
1.0537778088e+01,
1.0540370664e+01,
1.0542639736e+01,
1.0544604488e+01,
1.0546286132e+01,
1.0547707445e+01,
1.0548892294e+01,
1.0549865157e+01,
1.0550650648e+01,
1.0551273057e+01,
1.0551755912e+01,
1.0552121583e+01,
1.0552390926e+01,
1.0552582990e+01,
1.0552714784e+01,
1.0552801116e+01,
1.0552854512e+01,
1.0552885210e+01,
1.0552901238e+01,
1.0552908561e+01,
1.0552911308e+01,
1.0552912055e+01,
1.0552912166e+01,
1.0552912176e+01,
1.0552912391e+01,
1.0552913846e+01,
1.0552919194e+01,
1.0552933451e+01,
1.0552964650e+01,
1.0553024401e+01,
1.0553128305e+01,
1.0553296236e+01,
1.0553552443e+01,
1.0553925483e+01,
1.0554447955e+01,
1.0555156042e+01,
1.0556088868e+01,
1.0557287659e+01,
1.0558794742e+01,
1.0560652405e+01,
1.0562901649e+01,
1.0565580875e+01,
1.0568724561e+01,
1.0572361989e+01,
1.0576516056e+01,
1.0581202254e+01,
1.0586427838e+01,
1.0592191227e+01,
1.0598481673e+01,
1.0605279182e+01,
1.0612554710e+01,
1.0620270603e+01,
1.0628381264e+01,
1.0636834036e+01,
1.0645570251e+01,
1.0654526440e+01,
1.0663635661e+01,
1.0672828918e+01,
1.0682036625e+01,
1.0691190084e+01,
1.0700222901e+01,
1.0709072318e+01,
1.0717680379e+01,
1.0725994909e+01,
1.0733970255e+01,
1.0741567796e+01,
1.0748756194e+01,
1.0755511428e+01,
1.0761816612e+01,
1.0767661664e+01,
1.0773042828e+01,
1.0777962125e+01,
1.0782426745e+01,
1.0786448423e+01,
1.0790042813e+01,
1.0793228883e+01,
1.0796028350e+01,
1.0798465132e+01,
1.0800564845e+01,
1.0802354332e+01,
1.0803861206e+01,
1.0805113430e+01,
1.0806138906e+01,
1.0806965084e+01,
1.0807618587e+01,
1.0808124866e+01,
1.0808507867e+01,
1.0808789750e+01,
1.0808990639e+01,
1.0809128432e+01,
1.0809218669e+01,
1.0809274470e+01,
1.0809306548e+01,
1.0809323294e+01,
1.0809330946e+01,
1.0809333816e+01,
1.0809334597e+01,
1.0809334712e+01,
1.0809334724e+01,
1.0809334961e+01,
1.0809336570e+01,
1.0809342484e+01,
1.0809358250e+01,
1.0809392749e+01,
1.0809458810e+01,
1.0809573662e+01,
1.0809759216e+01,
1.0810042142e+01,
1.0810453720e+01,
1.0811029440e+01,
1.0811808333e+01,
1.0812832041e+01,
1.0814143601e+01,
1.0815785987e+01,
1.0817800436e+01,
1.0820224600e+01,
1.0823090621e+01,
1.0826423205e+01,
1.0830237807e+01,
1.0834539062e+01,
1.0839319568e+01,
1.0844559154e+01,
1.0850224715e+01,
1.0856270704e+01,
1.0862640283e+01,
1.0869267114e+01,
1.0876077704e+01,
1.0882994164e+01,
1.0889937195e+01,
1.0896829091e+01,
1.0903596554e+01,
1.0910173128e+01,
1.0916501101e+01,
1.0922532784e+01,
1.0928231161e+01,
1.0933569907e+01,
1.0938532898e+01,
1.0943113286e+01,
1.0947312312e+01,
1.0951137936e+01,
1.0954603449e+01,
1.0957726114e+01,
1.0960525936e+01,
1.0963024587e+01,
1.0965244516e+01,
1.0967208231e+01,
1.0968937767e+01,
1.0970454303e+01,
1.0971777912e+01,
1.0972927417e+01,
1.0973920334e+01,
1.0974772880e+01,
1.0975500015e+01,
1.0976115524e+01,
1.0976632097e+01,
1.0977061428e+01,
1.0977414294e+01,
1.0977700636e+01,
1.0977929615e+01,
1.0978109657e+01,
1.0978248485e+01,
1.0978353130e+01,
1.0978429940e+01,
1.0978484573e+01,
1.0978521994e+01,
1.0978546478e+01,
1.0978561610e+01,
1.0978570305e+01,
1.0978574843e+01,
1.0978576917e+01,
1.0978577695e+01,
1.0978577906e+01,
1.0978577937e+01,
1.0978577941e+01,
1.0978578009e+01,
1.0978578472e+01,
1.0978580175e+01,
1.0978584714e+01,
1.0978594645e+01,
1.0978613652e+01,
1.0978646670e+01,
1.0978699943e+01,
1.0978781002e+01,
1.0978898554e+01,
1.0979062261e+01,
1.0979282398e+01,
1.0979569387e+01,
1.0979933211e+01,
1.0980382731e+01,
1.0980924938e+01,
1.0981564208e+01,
1.0982301614e+01,
1.0983134390e+01,
1.0984055630e+01,
1.0985054272e+01,
1.0986115428e+01,
1.0987221043e+01,
1.0988350862e+01,
1.0989483604e+01,
1.0990598223e+01,
1.0991675146e+01,
1.0992697334e+01,
1.0993651076e+01,
1.0994526454e+01,
1.0995317464e+01,
1.0996021812e+01,
1.0996640468e+01,
1.0997177049e+01,
1.0997637138e+01,
1.0998027605e+01,
1.0998356007e+01,
1.0998630087e+01,
1.0998857384e+01,
1.0999044959e+01,
1.0999199214e+01,
1.0999325805e+01,
1.0999429623e+01,
1.0999514841e+01,
1.0999584977e+01,
1.0999642968e+01,
1.0999691246e+01,
1.0999731794e+01,
1.0999766210e+01,
1.0999795756e+01,
1.0999821423e+01,
1.0999843974e+01,
1.0999863989e+01,
1.0999881900e+01,
1.0999898019e+01,
1.0999912566e+01,
1.0999925691e+01,
1.0999937495e+01,
1.0999948049e+01,
1.0999957410e+01,
1.0999965629e+01,
1.0999972757e+01,
1.0999978852e+01,
1.0999983977e+01,
1.0999988204e+01,
1.0999991611e+01,
1.0999994282e+01,
1.0999996306e+01,
1.0999997775e+01,
1.0999998781e+01,
1.0999999418e+01,
1.1000000000e+01,
1.1000000000e+01,
1.1000000000e+01,
