0.0000000000e+00,
1.4104379886e-07,
4.5023972035e-06,
3.4051277900e-05,
1.4267712640e-04,
4.3224172670e-04,
1.0659872049e-03,
2.2798404743e-03,
4.3912256784e-03,
7.8050835095e-03,
1.3016892612e-02,
2.0612585986e-02,
3.1265344736e-02,
4.5729321785e-02,
6.4830389352e-02,
8.9454009533e-02,
1.2053029824e-01,
1.5901630081e-01,
2.0587544749e-01,
2.6205414526e-01,
3.2845553173e-01,
4.0591060404e-01,
4.9514726051e-01,
5.9675823827e-01,
7.1116944047e-01,
8.3861062450e-01,
9.7909074542e-01,
1.1323803027e+00,
1.2980027433e+00,
1.4752363221e+00,
1.6631268852e+00,
1.8605109655e+00,
2.0660475538e+00,
2.2782561092e+00,
2.4955579407e+00,
2.7163180708e+00,
2.9388850577e+00,
3.1616268847e+00,
3.3829617862e+00,
3.6013836153e+00,
3.8154819554e+00,
4.0239575708e+00,
4.2256339665e+00,
4.4194658268e+00,
4.6045449710e+00,
4.7801042829e+00,
4.9455198802e+00,
5.1003116442e+00,
5.2441421279e+00,
5.3768138227e+00,
5.4982647607e+00,
5.6085624595e+00,
5.7078962558e+00,
5.7965681157e+00,
5.8749820479e+00,
5.9436322759e+00,
6.0030903536e+00,
6.0539914268e+00,
6.0970198705e+00,
6.1328945484e+00,
6.1623539667e+00,
6.1861416109e+00,
6.2049917753e+00,
6.2196162027e+00,
6.2306918539e+00,
6.2388501213e+00,
6.2446677730e+00,
6.2486598831e+00,
6.2512749533e+00,
6.2528923674e+00,
6.2538222533e+00,
6.2543077472e+00,
6.2545295756e+00,
6.2546127915e+00,
6.2546354282e+00,
6.2546387694e+00,
6.2546392267e+00,
6.2546500279e+00,
6.2547232074e+00,
6.2549922216e+00,
6.2557093052e+00,
6.2572785769e+00,
6.2602837345e+00,
6.2655091493e+00,
6.2739532536e+00,
6.2868332268e+00,
6.3055801213e+00,
6.3318237640e+00,
6.3673670302e+00,
6.4141494336e+00,
6.4742004210e+00,
6.5495832858e+00,
6.6423312116e+00,
6.7543775680e+00,
6.8874831727e+00,
7.0431637381e+00,
7.2226211220e+00,
7.4266822781e+00,
7.6557499579e+00,
7.9097691708e+00,
8.1882129651e+00,
8.4900898539e+00,
8.8139728188e+00,
9.1580464017e+00,
9.5201649703e+00,
9.8979136412e+00,
1.0288664967e+01,
1.0689628945e+01,
1.1097898793e+01,
1.1510497495e+01,
1.1924429262e+01,
1.2336736743e+01,
1.2744561253e+01,
1.3145201046e+01,
1.3536162346e+01,
1.3915199204e+01,
1.4280340242e+01,
1.4629902471e+01,
1.4962493914e+01,
1.5277007576e+01,
1.5572609517e+01,
1.5848723434e+01,
1.6105013570e+01,
1.6341367160e+01,
1.6557877023e+01,
1.6754824507e+01,
1.6932662750e+01,
1.7092000044e+01,
1.7233583119e+01,
1.7358280122e+01,
1.7467063178e+01,
1.7560990445e+01,
1.7641187660e+01,
1.7708829241e+01,
1.7765119086e+01,
1.7811271247e+01,
1.7848490778e+01,
1.7877955078e+01,
1.7900796126e+01,
1.7918084044e+01,
1.7930812453e+01,
1.7939886074e+01,
1.7946111011e+01,
1.7950188080e+01,
1.7952709485e+01,
1.7954159008e+01,
1.7954915779e+01,
1.7955261552e+01,
1.7955391263e+01,
1.7955426547e+01,
1.7955431755e+01,
1.7955432250e+01,
1.7955442329e+01,
1.7955510616e+01,
1.7955761647e+01,
1.7956430792e+01,
1.7957895146e+01,
1.7960699358e+01,
1.7965575273e+01,
1.7973454352e+01,
1.7985471896e+01,
1.8002962255e+01,
1.8027444365e+01,
1.8060597196e+01,
1.8104225048e+01,
1.8160213036e+01,
1.8230473657e+01,
1.8316885906e+01,
1.8421229036e+01,
1.8545113630e+01,
1.8689913130e+01,
1.8856699256e+01,
1.9046184745e+01,
1.9258676684e+01,
1.9494043187e+01,
1.9751695665e+01,
2.0030588245e+01,
2.0329235287e+01,
2.0645747228e+01,
2.0977883891e+01,
2.1323122875e+01,
2.1678738523e+01,
2.2041885002e+01,
2.2409675992e+01,
2.2779254515e+01,
2.3147849312e+01,
2.3512817983e+01,
2.3871680009e+01,
2.4222143666e+01,
2.4562129782e+01,
2.4889793239e+01,
2.5203541287e+01,
2.5502046825e+01,
2.5784254923e+01,
2.6049381650e+01,
2.6296905305e+01,
2.6526551082e+01,
2.6738270756e+01,
2.6932219238e+01,
2.7108729721e+01,
2.7268288878e+01,
2.7411513135e+01,
2.7539126694e+01,
2.7651941542e+01,
2.7750839475e+01,
2.7836755911e+01,
2.7910665192e+01,
2.7973567023e+01,
2.8026473704e+01,
2.8070397909e+01,
2.8106340799e+01,
2.8135280426e+01,
2.8158160428e+01,
2.8175879182e+01,
2.8189279621e+01,
2.8199140030e+01,
2.8206166149e+01,
2.8210984952e+01,
2.8214140424e+01,
2.8216091626e+01,
2.8217213259e+01,
2.8217798819e+01,
2.8218066359e+01,
2.8218166721e+01,
2.8218194022e+01,
2.8218198051e+01,
2.8218198410e+01,
2.8218205469e+01,
2.8218253295e+01,
2.8218429108e+01,
2.8218897746e+01,
2.8219923280e+01,
2.8221887036e+01,
2.8225301198e+01,
2.8230817174e+01,
2.8239227948e+01,
2.8251463703e+01,
2.8268580103e+01,
2.8291738798e+01,
2.8322179988e+01,
2.8361187229e+01,
2.8410045153e+01,
2.8469991303e+01,
2.8542163926e+01,
2.8627548150e+01,
2.8726923537e+01,
2.8840816402e+01,
2.8969460430e+01,
2.9112768969e+01,
2.9270321819e+01,
2.9441368388e+01,
2.9624847789e+01,
2.9819424886e+01,
3.0023539710e+01,
3.0235466253e+01,
3.0453375687e+01,
3.0675398759e+01,
3.0899682564e+01,
3.1124438059e+01,
3.1347976331e+01,
3.1568733392e+01,
3.1785284904e+01,
3.1996353247e+01,
3.2200809720e+01,
3.2397674353e+01,
3.2586114972e+01,
3.2765446130e+01,
3.2935127631e+01,
3.3094761797e+01,
3.3244088608e+01,
3.3382978147e+01,
3.3511420397e+01,
3.3629512951e+01,
3.3737447569e+01,
3.3835496587e+01,
3.3923999997e+01,
3.4003353770e+01,
3.4073999620e+01,
3.4136416169e+01,
3.4191111309e+01,
3.4238615432e+01,
3.4279475249e+01,
3.4314247900e+01,
3.4343495167e+01,
3.4367777649e+01,
3.4387648844e+01,
3.4403649151e+01,
3.4416299875e+01,
3.4426097345e+01,
3.4433507339e+01,
3.4438959997e+01,
3.4442845433e+01,
3.4445510275e+01,
3.4447255301e+01,
3.4448334357e+01,
3.4448954646e+01,
3.4449278475e+01,
3.4449426431e+01,
3.4449481934e+01,
3.4449497032e+01,
3.4449499261e+01,
3.4449499458e+01,
3.4449503321e+01,
3.4449529496e+01,
3.4449625716e+01,
3.4449882197e+01,
3.4450443464e+01,
3.4451518220e+01,
3.4453386801e+01,
3.4456405776e+01,
3.4461009272e+01,
3.4467706652e+01,
3.4477076219e+01,
3.4489754734e+01,
3.4506422702e+01,
3.4527785553e+01,
3.4554551166e+01,
3.4587404454e+01,
3.4626980094e+01,
3.4673834768e+01,
3.4728420571e+01,
3.4791061300e+01,
3.4861933313e+01,
3.4941052341e+01,
3.5028267128e+01,
3.5123260158e+01,
3.5225554993e+01,
3.5334529240e+01,
3.5449431780e+01,
3.5569402921e+01,
3.5693496415e+01,
3.5820702604e+01,
3.5949972371e+01,
3.6080241588e+01,
3.6210455725e+01,
3.6339593915e+01,
3.6466691539e+01,
3.6590860211e+01,
3.6711304084e+01,
3.6827331707e+01,
3.6938363027e+01,
3.7043931625e+01,
3.7143682661e+01,
3.7237367301e+01,
3.7324834552e+01,
3.7406021457e+01,
3.7480942497e+01,
3.7549678905e+01,
3.7612368426e+01,
3.7669195863e+01,
3.7720384594e+01,
3.7766189125e+01,
3.7806888650e+01,
3.7842781498e+01,
3.7874180359e+01,
3.7901408106e+01,
3.7924794081e+01,
3.7944670687e+01,
3.7961370168e+01,
3.7975221488e+01,
3.7986547240e+01,
3.7995660565e+01,
3.8002862093e+01,
3.8008436944e+01,
3.8012651871e+01,
3.8015752641e+01,
3.8017961765e+01,
3.8019476703e+01,
3.8020468647e+01,
3.8021081990e+01,
3.8021434556e+01,
3.8021618613e+01,
3.8021702707e+01,
3.8021734253e+01,
3.8021742835e+01,
3.8021744101e+01,
3.8021744215e+01,
3.8021746464e+01,
3.8021761704e+01,
3.8021817725e+01,
3.8021967053e+01,
3.8022293826e+01,
3.8022919531e+01,
3.8024007312e+01,
3.8025764581e+01,
3.8028443675e+01,
3.8032340290e+01,
3.8037789506e+01,
3.8045159214e+01,
3.8054840905e+01,
3.8067237873e+01,
3.8082751074e+01,
3.8101763070e+01,
3.8124620720e+01,
3.8151617470e+01,
3.8182976284e+01,
3.8218834373e+01,
3.8259230853e+01,
3.8304098415e+01,
3.8353259789e+01,
3.8406429494e+01,
3.8463220911e+01,
3.8523158293e+01,
3.8585692913e+01,
3.8650222234e+01,
3.8716110816e+01,
3.8782711647e+01,
3.8849386669e+01,
3.8915525484e+01,
3.8980561430e+01,
3.9043984492e+01,
3.9105350720e+01,
3.9164288034e+01,
3.9220498504e+01,
3.9273757374e+01,
3.9323909282e+01,
3.9370862264e+01,
3.9414580253e+01,
3.9455074755e+01,
3.9492396392e+01,
3.9526626825e+01,
3.9557871462e+01,
3.9586253165e+01,
3.9611907054e+01,
3.9634976367e+01,
3.9655609281e+01,
3.9673956544e+01,
3.9690169757e+01,
3.9704400157e+01,
3.9716797732e+01,
3.9727510581e+01,
3.9736684382e+01,
3.9744461910e+01,
3.9750982532e+01,
3.9756381653e+01,
3.9760790080e+01,
3.9764333300e+01,
3.9767130692e+01,
3.9769294686e+01,
3.9770929919e+01,
3.9772132419e+01,
3.9772988885e+01,
3.9773576100e+01,
3.9773960541e+01,
3.9774198229e+01,
3.9774334852e+01,
3.9774406174e+01,
3.9774438759e+01,
3.9774450983e+01,
3.9774454308e+01,
3.9774454799e+01,
3.9774454844e+01,
3.9774455753e+01,
3.9774461906e+01,
3.9774484524e+01,
3.9774544814e+01,
3.9774676742e+01,
3.9774929342e+01,
3.9775368433e+01,
3.9776077633e+01,
3.9777158542e+01,
3.9778729984e+01,
3.9780926197e+01,
3.9783893908e+01,
3.9787788249e+01,
3.9792767570e+01,
3.9798987271e+01,
3.9806592890e+01,
3.9815712796e+01,
3.9826450945e+01,
3.9838880214e+01,
3.9853036866e+01,
3.9868916662e+01,
3.9886473014e+01,
3.9905617419e+01,
3.9926222180e+01,
3.9948125198e+01,
3.9971136434e+01,
3.9995045455e+01,
4.0019629481e+01,
4.0044661302e+01,
4.0069916574e+01,
4.0095180116e+01,
4.0120250983e+01,
4.0144946211e+01,
4.0169103279e+01,
4.0192581372e+01,
4.0215261628e+01,
4.0237046553e+01,
4.0257858819e+01,
4.0277639641e+01,
4.0296346929e+01,
4.0313953369e+01,
4.0330444548e+01,
4.0345817219e+01,
4.0360077753e+01,
4.0373240795e+01,
4.0385328124e+01,
4.0396367706e+01,
4.0406392889e+01,
4.0415441733e+01,
4.0423556423e+01,
4.0430782750e+01,
4.0437169618e+01,
4.0442768566e+01,
4.0447633289e+01,
4.0451819139e+01,
4.0455382596e+01,
4.0458380714e+01,
4.0460870538e+01,
4.0462908492e+01,
4.0464549750e+01,
4.0465847609e+01,
4.0466852863e+01,
4.0467613222e+01,
4.0468172771e+01,
4.0468571511e+01,
4.0468844999e+01,
4.0469024091e+01,
4.0469134837e+01,
4.0469198499e+01,
4.0469231734e+01,
4.0469246920e+01,
4.0469252616e+01,
4.0469254166e+01,
4.0469254394e+01,
4.0469254416e+01,
4.0469254861e+01,
4.0469257878e+01,
4.0469268968e+01,
4.0469298528e+01,
4.0469363215e+01,
4.0469487081e+01,
4.0469702430e+01,
4.0470050343e+01,
4.0470580822e+01,
4.0471352509e+01,
4.0472431933e+01,
4.0473892275e+01,
4.0475811626e+01,
4.0478270771e+01,
4.0481350542e+01,
4.0485128830e+01,
4.0489677394e+01,
4.0495058613e+01,
4.0501322397e+01,
4.0508503430e+01,
4.0516618957e+01,
4.0525667253e+01,
4.0535626892e+01,
4.0546456847e+01,
4.0558097391e+01,
4.0570471720e+01,
4.0583488150e+01,
4.0597042750e+01,
4.0611022253e+01,
4.0625307108e+01,
4.0639774558e+01,
4.0654301658e+01,
4.0668768146e+01,
4.0683059100e+01,
4.0697067318e+01,
4.0710695334e+01,
4.0723857030e+01,
4.0736478776e+01,
4.0748500084e+01,
4.0759873778e+01,
4.0770565711e+01,
4.0780554093e+01,
4.0789828505e+01,
4.0798388699e+01,
4.0806243261e+01,
4.0813408241e+01,
4.0819905806e+01,
4.0825762979e+01,
4.0831010498e+01,
4.0835681820e+01,
4.0839812278e+01,
4.0843438375e+01,
4.0846597222e+01,
4.0849326073e+01,
4.0851661964e+01,
4.0853641414e+01,
4.0855300171e+01,
4.0856672991e+01,
4.0857793426e+01,
4.0858693618e+01,
4.0859404093e+01,
4.0859953552e+01,
4.0860368666e+01,
4.0860673878e+01,
4.0860891235e+01,
4.0861040248e+01,
4.0861137799e+01,
4.0861198109e+01,
4.0861232775e+01,
4.0861250871e+01,
4.0861259139e+01,
4.0861262240e+01,
4.0861263084e+01,
4.0861263209e+01,
4.0861263221e+01,
4.0861263477e+01,
4.0861265216e+01,
4.0861271607e+01,
4.0861288640e+01,
4.0861325913e+01,
4.0861397274e+01,
4.0861521307e+01,
4.0861721603e+01,
4.0862026792e+01,
4.0862470290e+01,
4.0863089734e+01,
4.0863926064e+01,
4.0865022256e+01,
4.0866421691e+01,
4.0868166214e+01,
4.0870293927e+01,
4.0872836841e+01,
4.0875818506e+01,
4.0879251801e+01,
4.0883137065e+01,
4.0887460765e+01,
4.0892194869e+01,
4.0897297044e+01,
4.0902711767e+01,
4.0908372294e+01,
4.0914203416e+01,
4.0920124785e+01,
4.0926054566e+01,
4.0931913108e+01,
4.0937626353e+01,
4.0943128703e+01,
4.0948365166e+01,
4.0953292661e+01,
4.0957880487e+01,
4.0962110005e+01,
4.0965973688e+01,
4.0969473700e+01,
4.0972620206e+01,
4.0975429569e+01,
4.0977922597e+01,
4.0980122934e+01,
4.0982055682e+01,
4.0983746271e+01,
4.0985219586e+01,
4.0986499342e+01,
4.0987607672e+01,
4.0988564880e+01,
4.0989389353e+01,
4.0990097554e+01,
4.0990704110e+01,
4.0991221931e+01,
4.0991662365e+01,
4.0992035365e+01,
4.0992349656e+01,
4.0992612888e+01,
4.0992831795e+01,
4.0993012314e+01,
4.0993159710e+01,
4.0993278667e+01,
4.0993373371e+01,
4.0993447570e+01,
4.0993504624e+01,
4.0993547537e+01,
4.0993578985e+01,
4.0993601326e+01,
4.0993616617e+01,
4.0993626616e+01,
4.0993632793e+01,
4.0993636342e+01,
4.0993638194e+01,
4.0993639040e+01,
4.0993639358e+01,
4.0993639444e+01,
4.0993639457e+01,
4.0993639458e+01,
4.0993639486e+01,
4.0993639675e+01,
4.0993640370e+01,
4.0993642222e+01,
4.0993646273e+01,
4.0993654026e+01,
4.0993667486e+01,
4.0993689188e+01,
4.0993722168e+01,
4.0993769910e+01,
4.0993836227e+01,
4.0993925090e+01,
4.0994040397e+01,
4.0994185683e+01,
4.0994363801e+01,
4.0994576574e+01,
4.0994824482e+01,
4.0995106397e+01,
4.0995419434e+01,
4.0995758944e+01,
4.0996118672e+01,
4.0996491088e+01,
4.0996867867e+01,
4.0997240456e+01,
4.0997600679e+01,
4.0997941296e+01,
4.0998256442e+01,
4.0998541921e+01,
4.0998795306e+01,
4.0999015866e+01,
4.0999204356e+01,
4.0999362697e+01,
4.0999493619e+01,
4.0999600316e+01,
4.0999686149e+01,
4.0999754414e+01,
4.0999808186e+01,
4.0999850212e+01,
4.0999882863e+01,
4.0999908119e+01,
4.0999927592e+01,
4.0999942577e+01,
4.0999954107e+01,
4.0999963002e+01,
4.0999969901e+01,
4.0999975288e+01,
4.0999979519e+01,
4.0999982859e+01,
4.0999985512e+01,
4.0999987649e+01,
4.0999989404e+01,
4.0999990884e+01,
4.0999992159e+01,
4.0999993271e+01,
4.0999994246e+01,
4.0999995101e+01,
4.0999995850e+01,
4.0999996508e+01,
4.0999997087e+01,
4.0999997598e+01,
4.0999998048e+01,
4.0999998442e+01,
4.0999998782e+01,
4.0999999072e+01,
4.0999999314e+01,
4.0999999511e+01,
4.1000000000e+01,
4.1000000000e+01,
4.1000000000e+01,
4.1000000000e+01,
4.1000000000e+01,
4.1000000000e+01,
4.1000000000e+01,
4.1000000000e+01,
