0.0000000000e+00,
2.4318899960e-07,
7.7630758994e-06,
5.8711548100e-05,
2.4600550120e-04,
7.4527762220e-04,
1.8379995802e-03,
3.9309881665e-03,
7.5716355232e-03,
1.3458359979e-02,
2.2445942176e-02,
3.5545574238e-02,
5.3919584394e-02,
7.8870879849e-02,
1.1182715412e-01,
1.5431982169e-01,
2.0795748748e-01,
2.7439358067e-01,
3.5528767179e-01,
4.5226006598e-01,
5.6683964735e-01,
7.0040571910e-01,
8.5412573036e-01,
1.0288921610e+00,
1.2252631687e+00,
1.4434125151e+00,
1.6830944099e+00,
1.9436280037e+00,
2.2239043199e+00,
2.5224157334e+00,
2.8373052049e+00,
3.1664300026e+00,
3.5074331443e+00,
3.8578155808e+00,
4.2150031927e+00,
4.5764046431e+00,
4.9394584793e+00,
5.3016700297e+00,
5.6606401518e+00,
6.0140885240e+00,
6.3598739760e+00,
6.6960135417e+00,
7.0207008499e+00,
7.3323234873e+00,
7.6294783393e+00,
7.9109837331e+00,
8.1758874343e+00,
8.4234700094e+00,
8.6532435706e+00,
8.8649463103e+00,
9.0585334417e+00,
9.2341651924e+00,
9.3921924210e+00,
9.5331402920e+00,
9.6576903309e+00,
9.7666610942e+00,
9.8609876559e+00,
9.9417001148e+00,
1.0009901359e+01,
1.0066744375e+01,
1.0113409449e+01,
1.0151081650e+01,
1.0180929048e+01,
1.0204082145e+01,
1.0221615003e+01,
1.0234528579e+01,
1.0243736699e+01,
1.0250055113e+01,
1.0254193938e+01,
1.0256753745e+01,
1.0258225417e+01,
1.0258993773e+01,
1.0259344844e+01,
1.0259476543e+01,
1.0259512369e+01,
1.0259517656e+01,
1.0259518380e+01,
1.0259535474e+01,
1.0259651290e+01,
1.0260077036e+01,
1.0261211901e+01,
1.0263695424e+01,
1.0268451285e+01,
1.0276720568e+01,
1.0290082712e+01,
1.0310462484e+01,
1.0340121537e+01,
1.0381633409e+01,
1.0437841254e+01,
1.0511798243e+01,
1.0606691334e+01,
1.0725750152e+01,
1.0872143862e+01,
1.1048870076e+01,
1.1258640979e+01,
1.1503772517e+01,
1.1786082660e+01,
1.2106804074e+01,
1.2466515114e+01,
1.2865091258e+01,
1.3301677706e+01,
1.3774683430e+01,
1.4281797839e+01,
1.4820032352e+01,
1.5385789421e+01,
1.5974959565e+01,
1.6583042934e+01,
1.7205286979e+01,
1.7836828111e+01,
1.8472824278e+01,
1.9108567812e+01,
1.9739572795e+01,
2.0361636966e+01,
2.0970882839e+01,
2.1563784971e+01,
2.2137189826e+01,
2.2688332160e+01,
2.3214848630e+01,
2.3714786891e+01,
2.4186607635e+01,
2.4629177796e+01,
2.5041754871e+01,
2.5423963905e+01,
2.5775769614e+01,
2.6097446143e+01,
2.6389546361e+01,
2.6652871838e+01,
2.6888443911e+01,
2.7097475824e+01,
2.7281345657e+01,
2.7441569725e+01,
2.7579776132e+01,
2.7697678296e+01,
2.7797048316e+01,
2.7879690229e+01,
2.7947413274e+01,
2.8002005456e+01,
2.8045207780e+01,
2.8078689677e+01,
2.8104026183e+01,
2.8122677552e+01,
2.8135971934e+01,
2.8145091790e+01,
2.8151064589e+01,
2.8154758254e+01,
2.8156881650e+01,
2.8157990226e+01,
2.8158496738e+01,
2.8158686746e+01,
2.8158738433e+01,
2.8158746062e+01,
2.8158746786e+01,
2.8158761551e+01,
2.8158861583e+01,
2.8159229307e+01,
2.8160209506e+01,
2.8162354545e+01,
2.8166462166e+01,
2.8173604140e+01,
2.8185144218e+01,
2.8202743866e+01,
2.8228354486e+01,
2.8264195054e+01,
2.8312714448e+01,
2.8376538290e+01,
2.8458400772e+01,
2.8561062786e+01,
2.8687218639e+01,
2.8839394636e+01,
2.9019843796e+01,
2.9230441735e+01,
2.9472589249e+01,
2.9747127227e+01,
3.0054269192e+01,
3.0393556075e+01,
3.0763836884e+01,
3.1163277767e+01,
3.1589400766e+01,
3.2039152038e+01,
3.2508997479e+01,
3.2995041316e+01,
3.3493160551e+01,
3.3999145655e+01,
3.4508836323e+01,
3.5018241202e+01,
3.5523632509e+01,
3.6021610337e+01,
3.6509136122e+01,
3.6983539343e+01,
3.7442504867e+01,
3.7884049704e+01,
3.8306497358e+01,
3.8708455690e+01,
3.9088801175e+01,
3.9446669460e+01,
3.9781449986e+01,
4.0092781477e+01,
4.0380545366e+01,
4.0644855302e+01,
4.0886042224e+01,
4.1104635647e+01,
4.1301342445e+01,
4.1477024509e+01,
4.1632676409e+01,
4.1769403736e+01,
4.1888402391e+01,
4.1990938752e+01,
4.2078330529e+01,
4.2151928044e+01,
4.2213095764e+01,
4.2263194002e+01,
4.2303560844e+01,
4.2335494488e+01,
4.2360236310e+01,
4.2378955053e+01,
4.2392732609e+01,
4.2402551896e+01,
4.2409287320e+01,
4.2413698263e+01,
4.2416425960e+01,
4.2417994012e+01,
4.2418812647e+01,
4.2419186681e+01,
4.2419326993e+01,
4.2419365161e+01,
4.2419370794e+01,
4.2419371296e+01,
4.2419381165e+01,
4.2419448029e+01,
4.2419693826e+01,
4.2420349017e+01,
4.2421782817e+01,
4.2424528444e+01,
4.2429302266e+01,
4.2437015759e+01,
4.2448779287e+01,
4.2465896809e+01,
4.2489850784e+01,
4.2522276797e+01,
4.2564927786e+01,
4.2619628210e+01,
4.2688219127e+01,
4.2772495806e+01,
4.2874140290e+01,
4.2994652054e+01,
4.3135280489e+01,
4.3296963337e+01,
4.3480275095e+01,
4.3685388834e+01,
4.3912053702e+01,
4.4159588736e+01,
4.4426891911e+01,
4.4712461994e+01,
4.5014430364e+01,
4.5330600630e+01,
4.5658495257e+01,
4.5995409815e+01,
4.6338475942e+01,
4.6684733293e+01,
4.7031208859e+01,
4.7374999728e+01,
4.7713353644e+01,
4.8043741081e+01,
4.8363913286e+01,
4.8671942570e+01,
4.8966243425e+01,
4.9245575413e+01,
4.9509030543e+01,
4.9756008989e+01,
4.9986187276e+01,
5.0199482822e+01,
5.0396017991e+01,
5.0576085947e+01,
5.0740119749e+01,
5.0888665357e+01,
5.1022358686e+01,
5.1141906431e+01,
5.1248070193e+01,
5.1341653311e+01,
5.1423489807e+01,
5.1494434871e+01,
5.1555356392e+01,
5.1607127111e+01,
5.1650617067e+01,
5.1686686116e+01,
5.1716176373e+01,
5.1739904551e+01,
5.1758654253e+01,
5.1773168343e+01,
5.1784141638e+01,
5.1792214167e+01,
5.1797965327e+01,
5.1801909235e+01,
5.1804491594e+01,
5.1806088326e+01,
5.1807006166e+01,
5.1807485326e+01,
5.1807704250e+01,
5.1807786374e+01,
5.1807808714e+01,
5.1807812011e+01,
5.1807812303e+01,
5.1807818019e+01,
5.1807856748e+01,
5.1807999120e+01,
5.1808378616e+01,
5.1809209067e+01,
5.1810799221e+01,
5.1813563706e+01,
5.1818029681e+01,
5.1824838531e+01,
5.1834741956e+01,
5.1848591942e+01,
5.1867324201e+01,
5.1891934957e+01,
5.1923451250e+01,
5.1962895383e+01,
5.2011244640e+01,
5.2069387951e+01,
5.2138081695e+01,
5.2217907250e+01,
5.2309233142e+01,
5.2412184607e+01,
5.2526623043e+01,
5.2652137212e+01,
5.2788047171e+01,
5.2933420930e+01,
5.3087102843e+01,
5.3247751943e+01,
5.3413887850e+01,
5.3583941573e+01,
5.3756308384e+01,
5.3929399898e+01,
5.4101692493e+01,
5.4271769287e+01,
5.4438353235e+01,
5.4600329614e+01,
5.4756757332e+01,
5.4906869777e+01,
5.5050067175e+01,
5.5185903088e+01,
5.5314067817e+01,
5.5434371012e+01,
5.5546725071e+01,
5.5651130179e+01,
5.5747661234e+01,
5.5836456557e+01,
5.5917708163e+01,
5.5991653299e+01,
5.6058567040e+01,
5.6118755768e+01,
5.6172551421e+01,
5.6220306399e+01,
5.6262389033e+01,
5.6299179529e+01,
5.6331066270e+01,
5.6358442369e+01,
5.6381702369e+01,
5.6401239011e+01,
5.6417439972e+01,
5.6430684568e+01,
5.6441340386e+01,
5.6449759884e+01,
5.6456277030e+01,
5.6461204068e+01,
5.6464828539e+01,
5.6467410680e+01,
5.6469181377e+01,
5.6470340766e+01,
5.6471057638e+01,
5.6471469711e+01,
5.6471684834e+01,
5.6471783122e+01,
5.6471819992e+01,
5.6471830022e+01,
5.6471831502e+01,
5.6471831635e+01,
5.6471834264e+01,
5.6471852076e+01,
5.6471917553e+01,
5.6472092083e+01,
5.6472474006e+01,
5.6473205309e+01,
5.6474476656e+01,
5.6476530432e+01,
5.6479661483e+01,
5.6484215260e+01,
5.6490583105e+01,
5.6499194511e+01,
5.6510506251e+01,
5.6524988496e+01,
5.6543108182e+01,
5.6565310163e+01,
5.6591996953e+01,
5.6623508059e+01,
5.6660100175e+01,
5.6701929573e+01,
5.6749038043e+01,
5.6801343622e+01,
5.6858637033e+01,
5.6920584412e+01,
5.6986736350e+01,
5.7056542819e+01,
5.7129372992e+01,
5.7204538569e+01,
5.7281318917e+01,
5.7358986244e+01,
5.7436829060e+01,
5.7514172534e+01,
5.7590394697e+01,
5.7664938032e+01,
5.7737316449e+01,
5.7807118116e+01,
5.7874004884e+01,
5.7937709217e+01,
5.7998029488e+01,
5.8054824389e+01,
5.8108007020e+01,
5.8157538992e+01,
5.8203424740e+01,
5.8245706096e+01,
5.8284457143e+01,
5.8319779317e+01,
5.8351796775e+01,
5.8380652058e+01,
5.8406502080e+01,
5.8429514509e+01,
5.8449864561e+01,
5.8467732243e+01,
5.8483300008e+01,
5.8496750812e+01,
5.8508266486e+01,
5.8518026372e+01,
5.8526206122e+01,
5.8532976621e+01,
5.8538502945e+01,
5.8542943328e+01,
5.8546448130e+01,
5.8549158779e+01,
5.8551206744e+01,
5.8552712556e+01,
5.8553784947e+01,
5.8554520153e+01,
5.8555001460e+01,
5.8555299029e+01,
5.8555470066e+01,
5.8555559354e+01,
5.8555600147e+01,
5.8555615450e+01,
5.8555619613e+01,
5.8555620227e+01,
5.8555620284e+01,
5.8555621421e+01,
5.8555629124e+01,
5.8555657439e+01,
5.8555732915e+01,
5.8555898070e+01,
5.8556214283e+01,
5.8556763934e+01,
5.8557651653e+01,
5.8559004525e+01,
5.8560971076e+01,
5.8563718928e+01,
5.8567430990e+01,
5.8572300136e+01,
5.8578522405e+01,
5.8586288839e+01,
5.8595776230e+01,
5.8607137187e+01,
5.8620490062e+01,
5.8635909427e+01,
5.8653417869e+01,
5.8672979910e+01,
5.8694498823e+01,
5.8717816988e+01,
5.8742720200e+01,
5.8768946015e+01,
5.8796195794e+01,
5.8824149604e+01,
5.8852482675e+01,
5.8880881716e+01,
5.8909059311e+01,
5.8936764809e+01,
5.8963790707e+01,
5.8989974301e+01,
5.9015195200e+01,
5.9039369872e+01,
5.9062444654e+01,
5.9084388540e+01,
5.9105186725e+01,
5.9124835450e+01,
5.9143338292e+01,
5.9160703786e+01,
5.9176944092e+01,
5.9192074410e+01,
5.9206112867e+01,
5.9219080635e+01,
5.9231002145e+01,
5.9241905291e+01,
5.9251821569e+01,
5.9260786132e+01,
5.9268837743e+01,
5.9276018636e+01,
5.9282374290e+01,
5.9287953113e+01,
5.9292806054e+01,
5.9296986142e+01,
5.9300547965e+01,
5.9303547087e+01,
5.9306039424e+01,
5.9308080584e+01,
5.9309725184e+01,
5.9311026170e+01,
5.9312034142e+01,
5.9312796729e+01,
5.9313358012e+01,
5.9313758039e+01,
5.9314032432e+01,
5.9314212128e+01,
5.9314323251e+01,
5.9314387131e+01,
5.9314420481e+01,
5.9314435719e+01,
5.9314441435e+01,
5.9314442990e+01,
5.9314443219e+01,
5.9314443241e+01,
5.9314443688e+01,
5.9314446715e+01,
5.9314457843e+01,
5.9314487506e+01,
5.9314552418e+01,
5.9314676717e+01,
5.9314892828e+01,
5.9315241999e+01,
5.9315774457e+01,
5.9316549154e+01,
5.9317633050e+01,
5.9319099932e+01,
5.9321028742e+01,
5.9323501451e+01,
5.9326600522e+01,
5.9330406053e+01,
5.9334992708e+01,
5.9340426613e+01,
5.9346762362e+01,
5.9354040352e+01,
5.9362284590e+01,
5.9371501144e+01,
5.9381677318e+01,
5.9392781613e+01,
5.9404764434e+01,
5.9417559484e+01,
5.9431085708e+01,
5.9445249641e+01,
5.9459947982e+01,
5.9475070264e+01,
5.9490501468e+01,
5.9506124502e+01,
5.9521822507e+01,
5.9537480939e+01,
5.9552989464e+01,
5.9568243644e+01,
5.9583146442e+01,
5.9597609508e+01,
5.9611554249e+01,
5.9624912646e+01,
5.9637627785e+01,
5.9649654101e+01,
5.9660957324e+01,
5.9671514151e+01,
5.9681311681e+01,
5.9690346657e+01,
5.9698624574e+01,
5.9706158704e+01,
5.9712969099e+01,
5.9719081591e+01,
5.9724526848e+01,
5.9729339483e+01,
5.9733557244e+01,
5.9737220262e+01,
5.9740370380e+01,
5.9743050529e+01,
5.9745304154e+01,
5.9747174669e+01,
5.9748704945e+01,
5.9749936811e+01,
5.9750910576e+01,
5.9751664579e+01,
5.9752234760e+01,
5.9752654281e+01,
5.9752953197e+01,
5.9753158197e+01,
5.9753292432e+01,
5.9753375435e+01,
5.9753423149e+01,
5.9753448058e+01,
5.9753459439e+01,
5.9753463708e+01,
5.9753464869e+01,
5.9753465041e+01,
5.9753465058e+01,
5.9753465411e+01,
5.9753467804e+01,
5.9753476601e+01,
5.9753500049e+01,
5.9753551361e+01,
5.9753649610e+01,
5.9753820410e+01,
5.9754096317e+01,
5.9754516923e+01,
5.9755128598e+01,
5.9755983838e+01,
5.9757140198e+01,
5.9758658790e+01,
5.9760602353e+01,
5.9763032930e+01,
5.9766009203e+01,
5.9769583599e+01,
5.9773799281e+01,
5.9778687209e+01,
5.9784263438e+01,
5.9790526880e+01,
5.9797457719e+01,
5.9805016655e+01,
5.9813145139e+01,
5.9821766645e+01,
5.9830789000e+01,
5.9840107669e+01,
5.9849609800e+01,
5.9859178774e+01,
5.9868698930e+01,
5.9878060105e+01,
5.9887161679e+01,
5.9895915833e+01,
5.9904249836e+01,
5.9912107302e+01,
5.9919448410e+01,
5.9926249230e+01,
5.9932500331e+01,
5.9938204875e+01,
5.9943376434e+01,
5.9948036716e+01,
5.9952213368e+01,
5.9955937982e+01,
5.9959244359e+01,
5.9962167090e+01,
5.9964740441e+01,
5.9966997527e+01,
5.9968969747e+01,
5.9970686431e+01,
5.9972174662e+01,
5.9973459234e+01,
5.9974562703e+01,
5.9975505505e+01,
5.9976306119e+01,
5.9976981246e+01,
5.9977545990e+01,
5.9978014037e+01,
5.9978397815e+01,
5.9978708630e+01,
5.9978956780e+01,
5.9979151646e+01,
5.9979301752e+01,
5.9979414812e+01,
5.9979497749e+01,
5.9979556715e+01,
5.9979597093e+01,
5.9979623506e+01,
5.9979639827e+01,
5.9979649205e+01,
5.9979654100e+01,
5.9979656337e+01,
5.9979657175e+01,
5.9979657404e+01,
5.9979657437e+01,
5.9979657441e+01,
5.9979657514e+01,
5.9979658014e+01,
5.9979659851e+01,
5.9979664746e+01,
5.9979675455e+01,
5.9979695950e+01,
5.9979731548e+01,
5.9979788966e+01,
5.9979876293e+01,
5.9980002855e+01,
5.9980178945e+01,
5.9980415434e+01,
5.9980723217e+01,
5.9981112542e+01,
5.9981592220e+01,
5.9982168784e+01,
5.9982845652e+01,
5.9983622409e+01,
5.9984494270e+01,
5.9985451859e+01,
5.9986481339e+01,
5.9987564961e+01,
5.9988681979e+01,
5.9989809888e+01,
5.9990925845e+01,
5.9992008118e+01,
5.9993037409e+01,
5.9993997897e+01,
5.9994877909e+01,
5.9995670174e+01,
5.9996371673e+01,
5.9996983172e+01,
5.9997508526e+01,
5.9997953888e+01,
5.9998326907e+01,
5.9998636012e+01,
5.9998889801e+01,
5.9999096570e+01,
5.9999263986e+01,
5.9999398886e+01,
5.9999507208e+01,
5.9999594007e+01,
5.9999663521e+01,
5.9999719261e+01,
5.9999764097e+01,
5.9999800340e+01,
5.9999829832e+01,
5.9999854032e+01,
5.9999874100e+01,
5.9999890952e+01,
5.9999905305e+01,
5.9999917709e+01,
5.9999928573e+01,
5.9999938189e+01,
5.9999946764e+01,
5.9999954442e+01,
5.9999961323e+01,
5.9999967481e+01,
5.9999972969e+01,
5.9999977829e+01,
5.9999982095e+01,
5.9999985797e+01,
5.9999988966e+01,
5.9999991635e+01,
5.9999993839e+01,
5.9999995617e+01,
5.9999997012e+01,
5.9999998069e+01,
5.9999998837e+01,
5.9999999363e+01,
6.0000000000e+01,
6.0000000000e+01,
6.0000000000e+01,
6.0000000000e+01,
