0.0000000000e+00,
1.7490659587e-08,
5.5833648993e-07,
4.2226531995e-06,
1.7693168139e-05,
5.3601376370e-05,
1.3218947391e-04,
2.8270988193e-04,
5.4451244775e-04,
9.6777934555e-04,
1.6138789205e-03,
2.5553217453e-03,
3.8753144272e-03,
5.6669186208e-03,
8.0318336756e-03,
1.1078830865e-02,
1.4921874835e-02,
1.9677973623e-02,
2.5464802405e-02,
3.2398148442e-02,
4.0589226116e-02,
5.0141912250e-02,
6.1149953876e-02,
7.3694203980e-02,
8.7839945626e-02,
1.0363437129e-01,
1.2110429114e-01,
1.4025415044e-01,
1.6106444006e-01,
1.8349058391e-01,
2.0746238119e-01,
2.3288406834e-01,
2.5963504601e-01,
2.8757129034e-01,
3.1652743751e-01,
3.4631949810e-01,
3.7674812654e-01,
4.0760234318e-01,
4.3866358506e-01,
4.6970994801e-01,
5.0052047766e-01,
5.3087937072e-01,
5.6057995857e-01,
5.8942836254e-01,
6.1724673026e-01,
6.4387598557e-01,
6.6917804661e-01,
6.9303748773e-01,
7.1536263983e-01,
7.3608613888e-01,
7.5516494514e-01,
7.7257986538e-01,
7.8833461712e-01,
8.0245447966e-01,
8.1498458033e-01,
8.2598786735e-01,
8.3554282349e-01,
8.4374097688e-01,
8.5068426730e-01,
8.5648232840e-01,
8.6124974755e-01,
8.6510336574e-01,
8.6815967984e-01,
8.7053240799e-01,
8.7233027568e-01,
8.7365507560e-01,
8.7460004779e-01,
8.7524861841e-01,
8.7567352578e-01,
8.7593635165e-01,
8.7608746338e-01,
8.7616636108e-01,
8.7620241095e-01,
8.7621593463e-01,
8.7621961342e-01,
8.7622015640e-01,
8.7622023073e-01,
8.7622198607e-01,
8.7623387876e-01,
8.7627759767e-01,
8.7639413691e-01,
8.7664918373e-01,
8.7713764247e-01,
8.7798711872e-01,
8.7936021178e-01,
8.8145549118e-01,
8.8450706375e-01,
8.8878267176e-01,
8.9458029913e-01,
9.0222330214e-01,
9.1205412184e-01,
9.2442667842e-01,
9.3969759204e-01,
9.5821642118e-01,
9.8031515863e-01,
1.0062972781e+00,
1.0364266797e+00,
1.0709169394e+00,
1.1099213184e+00,
1.1535240272e+00,
1.2017332506e+00,
1.2544764129e+00,
1.3115980910e+00,
1.3728608499e+00,
1.4379491042e+00,
1.5064758976e+00,
1.5779922759e+00,
1.6519987352e+00,
1.7279580779e+00,
1.8053089370e+00,
1.8834792337e+00,
1.9618989103e+00,
2.0400114244e+00,
2.1172836576e+00,
2.1932140725e+00,
2.2673391089e+00,
2.3392379348e+00,
2.4085357458e+00,
2.4749058414e+00,
2.5380707070e+00,
2.5978023022e+00,
2.6539217150e+00,
2.7062982997e+00,
2.7548483723e+00,
2.7995335075e+00,
2.8403584614e+00,
2.8773687272e+00,
2.9106477324e+00,
2.9403136845e+00,
2.9665160794e+00,
2.9894318955e+00,
3.0092615056e+00,
3.0262243496e+00,
3.0405544229e+00,
3.0524956455e+00,
3.0622971893e+00,
3.0702088494e+00,
3.0764765555e+00,
3.0813381245e+00,
3.0850193592e+00,
3.0877305959e+00,
3.0896637991e+00,
3.0909902906e+00,
3.0918591842e+00,
3.0923965778e+00,
3.0927055317e+00,
3.0928668353e+00,
3.0929405366e+00,
3.0929681845e+00,
3.0929757055e+00,
3.0929768155e+00,
3.0929769209e+00,
3.0929790693e+00,
3.0929936249e+00,
3.0930471325e+00,
3.0931897636e+00,
3.0935019043e+00,
3.0940996760e+00,
3.0951391585e+00,
3.0968191115e+00,
3.0993820137e+00,
3.1031132737e+00,
3.1083385054e+00,
3.1154188132e+00,
3.1247440938e+00,
3.1367244403e+00,
3.1517798216e+00,
3.1703283101e+00,
3.1927732298e+00,
3.2194896930e+00,
3.2508110684e+00,
3.2870159721e+00,
3.3283163787e+00,
3.3748474126e+00,
3.4266592976e+00,
3.4837118212e+00,
3.5458715362e+00,
3.6129117833e+00,
3.6845155059e+00,
3.7602807484e+00,
3.8397286859e+00,
3.9223140052e+00,
4.0074374185e+00,
4.0944600054e+00,
4.1827189314e+00,
4.2715438901e+00,
4.3602734168e+00,
4.4482700975e+00,
4.5349337248e+00,
4.6197116735e+00,
4.7021061336e+00,
4.7816782712e+00,
4.8580497568e+00,
4.9309023192e+00,
4.9999760299e+00,
5.0650669167e+00,
5.1260243251e+00,
5.1827482567e+00,
5.2351867519e+00,
5.2833332902e+00,
5.3272241286e+00,
5.3669354948e+00,
5.4025805639e+00,
5.4343061723e+00,
5.4622892505e+00,
5.4867329758e+00,
5.5078626657e+00,
5.5259214474e+00,
5.5411657523e+00,
5.5538606930e+00,
5.5642753964e+00,
5.5726783722e+00,
5.5793330105e+00,
5.5844933088e+00,
5.5883999332e+00,
5.5912767226e+00,
5.5933277388e+00,
5.5947349577e+00,
5.5956566810e+00,
5.5962267292e+00,
5.5965544499e+00,
5.5967255495e+00,
5.5968037263e+00,
5.5968330531e+00,
5.5968410308e+00,
5.5968422082e+00,
5.5968423130e+00,
5.5968443758e+00,
5.5968583512e+00,
5.5969097261e+00,
5.5970466717e+00,
5.5973463685e+00,
5.5979203030e+00,
5.5989183151e+00,
5.6005311946e+00,
5.6029916479e+00,
5.6065734896e+00,
5.6115889467e+00,
5.6183840153e+00,
5.6273318712e+00,
5.6388244101e+00,
5.6532620847e+00,
5.6710423028e+00,
5.6925467519e+00,
5.7181281119e+00,
5.7480966918e+00,
5.7827075766e+00,
5.8221488788e+00,
5.8665316565e+00,
5.9158819912e+00,
5.9701356150e+00,
6.0291353590e+00,
6.0926315738e+00,
6.1602855569e+00,
6.2316759116e+00,
6.3063076638e+00,
6.3836238485e+00,
6.4630191695e+00,
6.5438552113e+00,
6.6254765765e+00,
6.7072272354e+00,
6.7884663446e+00,
6.8685828175e+00,
6.9470080243e+00,
7.0232261494e+00,
7.0967819181e+00,
7.1672856064e+00,
7.2344154295e+00,
7.2979175648e+00,
7.3576041689e+00,
7.4133498151e+00,
7.4650867904e+00,
7.5127996704e+00,
7.5565195396e+00,
7.5963181555e+00,
7.6323022846e+00,
7.6646083605e+00,
7.6933975499e+00,
7.7188512575e+00,
7.7411670544e+00,
7.7605549862e+00,
7.7772341989e+00,
7.7914298129e+00,
7.8033699792e+00,
7.8132830634e+00,
7.8213949194e+00,
7.8279262367e+00,
7.8330899671e+00,
7.8370888605e+00,
7.8401131593e+00,
7.8423385160e+00,
7.8439242102e+00,
7.8450117432e+00,
7.8457238861e+00,
7.8461642432e+00,
7.8464173787e+00,
7.8465495308e+00,
7.8466099104e+00,
7.8466325606e+00,
7.8466387220e+00,
7.8466396314e+00,
7.8466397118e+00,
7.8466412884e+00,
7.8466519700e+00,
7.8466912366e+00,
7.8467959039e+00,
7.8470249506e+00,
7.8474635441e+00,
7.8482260798e+00,
7.8494580512e+00,
7.8513365789e+00,
7.8540694390e+00,
7.8578924526e+00,
7.8630651421e+00,
7.8698646100e+00,
7.8785776816e+00,
7.8894914477e+00,
7.9028824661e+00,
7.9190050093e+00,
7.9380788770e+00,
7.9602774086e+00,
7.9857164159e+00,
8.0144447954e+00,
8.0464375513e+00,
8.0815918678e+00,
8.1197266938e+00,
8.1605860735e+00,
8.2038461714e+00,
8.2491256473e+00,
8.2959987552e+00,
8.3440103155e+00,
8.3926915662e+00,
8.4415758574e+00,
8.4902132186e+00,
8.5381829867e+00,
8.5851039096e+00,
8.6306414044e+00,
8.6745119113e+00,
8.7164845158e+00,
8.7563801915e+00,
8.7940691272e+00,
8.8294666534e+00,
8.8625282752e+00,
8.8932442682e+00,
8.9216342176e+00,
8.9477417919e+00,
8.9716299515e+00,
8.9933767127e+00,
9.0130715172e+00,
9.0308122084e+00,
9.0467025724e+00,
9.0608503818e+00,
9.0733658643e+00,
9.0843605139e+00,
9.0939461634e+00,
9.1022342437e+00,
9.1093351607e+00,
9.1153577368e+00,
9.1204086680e+00,
9.1245919679e+00,
9.1280083751e+00,
9.1307547188e+00,
9.1329232466e+00,
9.1346009297e+00,
9.1358687718e+00,
9.1368011547e+00,
9.1374652584e+00,
9.1379205966e+00,
9.1382187055e+00,
9.1384030197e+00,
9.1385089633e+00,
9.1385642700e+00,
9.1385895388e+00,
9.1385990179e+00,
9.1386015964e+00,
9.1386019769e+00,
9.1386020111e+00,
9.1386026870e+00,
9.1386072662e+00,
9.1386240995e+00,
9.1386689688e+00,
9.1387671538e+00,
9.1389551503e+00,
9.1392819535e+00,
9.1398098214e+00,
9.1406144287e+00,
9.1417843306e+00,
9.1434196609e+00,
9.1456300113e+00,
9.1485314711e+00,
9.1522428510e+00,
9.1568811798e+00,
9.1625566324e+00,
9.1693671285e+00,
9.1773929111e+00,
9.1866914751e+00,
9.1972932392e+00,
9.2091983449e+00,
9.2223749025e+00,
9.2367589034e+00,
9.2522558685e+00,
9.2687441478e+00,
9.2860796226e+00,
9.3041014315e+00,
9.3226382571e+00,
9.3415146836e+00,
9.3605571702e+00,
9.3795992691e+00,
9.3984858363e+00,
9.4170761116e+00,
9.4352456706e+00,
9.4528873447e+00,
9.4699112784e+00,
9.4862443210e+00,
9.5018289557e+00,
9.5166219510e+00,
9.5305928849e+00,
9.5437226569e+00,
9.5560020666e+00,
9.5674305041e+00,
9.5780147767e+00,
9.5877680742e+00,
9.5967090687e+00,
9.6048611341e+00,
9.6122516699e+00,
9.6189115127e+00,
9.6248744189e+00,
9.6301766019e+00,
9.6348563104e+00,
9.6389534347e+00,
9.6425091278e+00,
9.6455654326e+00,
9.6481649059e+00,
9.6503502332e+00,
9.6521638313e+00,
9.6536474386e+00,
9.6548416950e+00,
9.6557857193e+00,
9.6565166928e+00,
9.6570694618e+00,
9.6574761744e+00,
9.6577659656e+00,
9.6579647092e+00,
9.6580948482e+00,
9.6581753191e+00,
9.6582215767e+00,
9.6582457259e+00,
9.6582567595e+00,
9.6582608985e+00,
9.6582620244e+00,
9.6582621906e+00,
9.6582622059e+00,
9.6582625134e+00,
9.6582645968e+00,
9.6582722557e+00,
9.6582926706e+00,
9.6583373448e+00,
9.6584228878e+00,
9.6585716061e+00,
9.6588118627e+00,
9.6591781706e+00,
9.6597109882e+00,
9.6604561864e+00,
9.6614641710e+00,
9.6627886494e+00,
9.6644850569e+00,
9.6666086740e+00,
9.6692124973e+00,
9.6723449529e+00,
9.6760475686e+00,
9.6803527411e+00,
9.6852817452e+00,
9.6908431262e+00,
9.6970316017e+00,
9.7038275613e+00,
9.7111972113e+00,
9.7190933598e+00,
9.7274567910e+00,
9.7362181323e+00,
9.7453000931e+00,
9.7546199326e+00,
9.7640920174e+00,
9.7736303346e+00,
9.7831508445e+00,
9.7925735809e+00,
9.8018244277e+00,
9.8108365293e+00,
9.8195513101e+00,
9.8279191076e+00,
9.8358994348e+00,
9.8434609118e+00,
9.8505809119e+00,
9.8572449811e+00,
9.8634460905e+00,
9.8691837808e+00,
9.8744632565e+00,
9.8792944749e+00,
9.8836912717e+00,
9.8876705509e+00,
9.8912515594e+00,
9.8944552557e+00,
9.8973037760e+00,
9.8998199935e+00,
9.9020271635e+00,
9.9039486408e+00,
9.9056076582e+00,
9.9070271510e+00,
9.9082296145e+00,
9.9092369815e+00,
9.9100705113e+00,
9.9107506811e+00,
9.9112970753e+00,
9.9117282702e+00,
9.9120617158e+00,
9.9123136167e+00,
9.9124988184e+00,
9.9126307059e+00,
9.9127211214e+00,
9.9127803108e+00,
9.9128169042e+00,
9.9128379373e+00,
9.9128489171e+00,
9.9128539336e+00,
9.9128558155e+00,
9.9128563274e+00,
9.9128564029e+00,
9.9128564101e+00,
9.9128565572e+00,
9.9128575538e+00,
9.9128612172e+00,
9.9128709818e+00,
9.9128923486e+00,
9.9129332573e+00,
9.9130043624e+00,
9.9131191920e+00,
9.9132941682e+00,
9.9135484676e+00,
9.9139037033e+00,
9.9143834127e+00,
9.9150123438e+00,
9.9158155448e+00,
9.9168172746e+00,
9.9180397739e+00,
9.9195019533e+00,
9.9212180772e+00,
9.9231965350e+00,
9.9254388040e+00,
9.9279387036e+00,
9.9306820320e+00,
9.9336466476e+00,
9.9368030265e+00,
9.9401152800e+00,
9.9435425759e+00,
9.9470408635e+00,
9.9505647723e+00,
9.9540695393e+00,
9.9575128183e+00,
9.9608562432e+00,
9.9640666481e+00,
9.9671168861e+00,
9.9699862304e+00,
9.9726603830e+00,
9.9751311446e+00,
9.9773958223e+00,
9.9794564590e+00,
9.9813189690e+00,
9.9829922532e+00,
9.9844873542e+00,
9.9858166931e+00,
9.9869934145e+00,
9.9880308519e+00,
9.9889421120e+00,
9.9897397710e+00,
9.9904356685e+00,
9.9910407839e+00,
9.9915651780e+00,
9.9920179849e+00,
9.9924074403e+00,
9.9927409346e+00,
9.9930250800e+00,
9.9932657862e+00,
9.9934683375e+00,
9.9936374663e+00,
9.9937774223e+00,
9.9938920332e+00,
9.9939847562e+00,
9.9940587215e+00,
9.9941167646e+00,
9.9941614515e+00,
9.9941950955e+00,
9.9942197682e+00,
9.9942373059e+00,
9.9942493133e+00,
9.9942571668e+00,
9.9942620195e+00,
9.9942648078e+00,
9.9942662631e+00,
9.9942669279e+00,
9.9942671773e+00,
9.9942672451e+00,
9.9942672552e+00,
9.9942672561e+00,
9.9942672768e+00,
9.9942674166e+00,
9.9942679304e+00,
9.9942692999e+00,
9.9942722959e+00,
9.9942780297e+00,
9.9942879885e+00,
9.9943040519e+00,
9.9943284825e+00,
9.9943638885e+00,
9.9944131496e+00,
9.9944793053e+00,
9.9945654024e+00,
9.9946743058e+00,
9.9948084785e+00,
9.9949697463e+00,
9.9951590666e+00,
9.9953763264e+00,
9.9956201973e+00,
9.9958880730e+00,
9.9961761094e+00,
9.9964793761e+00,
9.9967921136e+00,
9.9971080749e+00,
9.9974209177e+00,
9.9977246043e+00,
9.9980137640e+00,
9.9982839794e+00,
9.9985319708e+00,
9.9987556673e+00,
9.9989541703e+00,
9.9991276292e+00,
9.9992770562e+00,
9.9994041094e+00,
9.9995108727e+00,
9.9995996536e+00,
9.9996728140e+00,
9.9997326402e+00,
9.9997812542e+00,
9.9998205611e+00,
9.9998522258e+00,
9.9998776715e+00,
9.9998980921e+00,
9.9999144739e+00,
9.9999276215e+00,
9.9999381853e+00,
9.9999466872e+00,
9.9999535439e+00,
9.9999590864e+00,
9.9999635765e+00,
9.9999672210e+00,
9.9999701830e+00,
9.9999725916e+00,
9.9999745492e+00,
9.9999761379e+00,
9.9999774235e+00,
9.9999784594e+00,
9.9999792888e+00,
9.9999799475e+00,
9.9999804651e+00,
9.9999808663e+00,
9.9999811723e+00,
9.9999814010e+00,
9.9999815678e+00,
9.9999816859e+00,
9.9999817665e+00,
9.9999818191e+00,
9.9999818516e+00,
9.9999818703e+00,
9.9999818800e+00,
9.9999818844e+00,
9.9999818861e+00,
9.9999818866e+00,
9.9999818866e+00,
9.9999818866e+00,
9.9999818868e+00,
9.9999818878e+00,
9.9999818914e+00,
9.9999819011e+00,
9.9999819224e+00,
9.9999819630e+00,
9.9999820334e+00,
9.9999821466e+00,
9.9999823181e+00,
9.9999825651e+00,
9.9999829057e+00,
9.9999833574e+00,
9.9999839355e+00,
9.9999846508e+00,
9.9999855078e+00,
9.9999865023e+00,
9.9999876203e+00,
9.9999888379e+00,
9.9999901223e+00,
9.9999914350e+00,
9.9999927349e+00,
9.9999939836e+00,
9.9999951482e+00,
9.9999962040e+00,
9.9999971350e+00,
9.9999979332e+00,
9.9999986013e+00,
9.9999991574e+00,
9.9999996604e+00,
9.9999996689e+00,
9.9999993901e+00,
9.9999992117e+00,
9.9999990905e+00,
9.9999990148e+00,
9.9999989671e+00,
9.9999989198e+00,
9.9999988498e+00,
9.9999987603e+00,
9.9999986831e+00,
9.9999986614e+00,
9.9999987257e+00,
9.9999988793e+00,
9.9999990972e+00,
9.9999993355e+00,
9.9999995466e+00,
1.0000000000e+01,
1.0000000000e+01,
1.0000000000e+01,
1.0000000000e+01,
1.0000000000e+01,
1.0000000000e+01,
1.0000000000e+01,
1.0000000000e+01,
1.0000000000e+01,
1.0000000000e+01,
1.0000000000e+01,
1.0000000000e+01,
1.0000000000e+01,
1.0000000000e+01,
1.0000000000e+01,
1.0000000000e+01,
1.0000000000e+01,
1.0000000000e+01,
1.0000000000e+01,
1.0000000000e+01,
1.0000000000e+01,
1.0000000000e+01,
1.0000000000e+01,
1.0000000000e+01,
1.0000000000e+01,
1.0000000000e+01,
1.0000000000e+01,
1.0000000000e+01,
1.0000000000e+01,
