0.0000000000e+00,
6.0153800518e-07,
1.9202275993e-05,
1.4522540999e-04,
6.0850573200e-04,
1.8434866480e-03,
4.5464436920e-03,
9.7238150920e-03,
1.8730067016e-02,
3.3293924789e-02,
5.5532208962e-02,
8.7950844162e-02,
1.3343274980e-01,
1.9521216117e-01,
2.7683439516e-01,
3.8209920895e-01,
5.1498494014e-01,
6.7955004378e-01,
8.7980914052e-01,
1.1195829621e+00,
1.4023260138e+00,
1.7309420348e+00,
2.1076041122e+00,
2.5336013608e+00,
3.0092348964e+00,
3.5337806181e+00,
4.1055250947e+00,
4.7218660582e+00,
5.3794550162e+00,
6.0743512533e+00,
6.8021575163e+00,
7.5581185484e+00,
8.3371813069e+00,
9.1340340997e+00,
9.9431533254e+00,
1.0758884140e+01,
1.1575563257e+01,
1.2387665796e+01,
1.3189940128e+01,
1.3977499303e+01,
1.4745861630e+01,
1.5490957192e+01,
1.6209125022e+01,
1.6897117540e+01,
1.7552115867e+01,
1.8171751007e+01,
1.8754123567e+01,
1.9297816410e+01,
1.9801897477e+01,
2.0265912401e+01,
2.0689867891e+01,
2.1074207438e+01,
2.1419780857e+01,
2.1727808998e+01,
2.1999844602e+01,
2.2237730112e+01,
2.2443553013e+01,
2.2619599266e+01,
2.2768305371e+01,
2.2892209661e+01,
2.2993903516e+01,
2.3075983303e+01,
2.3141003926e+01,
2.3191434976e+01,
2.3229620495e+01,
2.3257743402e+01,
2.3277795563e+01,
2.3291554401e+01,
2.3300566782e+01,
2.3306140726e+01,
2.3309345240e+01,
2.3311018299e+01,
2.3311782737e+01,
2.3312069504e+01,
2.3312147512e+01,
2.3312159026e+01,
2.3312160602e+01,
2.3312197824e+01,
2.3312450005e+01,
2.3313377042e+01,
2.3315848131e+01,
2.3321255783e+01,
2.3331611064e+01,
2.3349615796e+01,
2.3378707674e+01,
2.3423074533e+01,
2.3487634405e+01,
2.3577978636e+01,
2.3700276283e+01,
2.3861139338e+01,
2.4067450173e+01,
2.4326154791e+01,
2.4644028171e+01,
2.5027420728e+01,
2.5481997659e+01,
2.6012485046e+01,
2.6622437653e+01,
2.7314042857e+01,
2.8087972762e+01,
2.8943292593e+01,
2.9877429145e+01,
3.0886200075e+01,
3.1963904601e+01,
3.3103477459e+01,
3.4296706045e+01,
3.5534499958e+01,
3.6807184132e+01,
3.8104774808e+01,
3.9417207350e+01,
4.0734514790e+01,
4.2046982679e+01,
4.3345307964e+01,
4.4620768936e+01,
4.5865389829e+01,
4.7072073787e+01,
4.8234684380e+01,
4.9348070638e+01,
5.0408044643e+01,
5.1411328342e+01,
5.2355486709e+01,
5.3238859856e+01,
5.4060500479e+01,
5.4820117750e+01,
5.5518025722e+01,
5.6155093567e+01,
5.6732695593e+01,
5.7252660189e+01,
5.7717217783e+01,
5.8128948374e+01,
5.8490729237e+01,
5.8805683160e+01,
5.9077127301e+01,
5.9308522581e+01,
5.9503423415e+01,
5.9665427718e+01,
5.9798127255e+01,
5.9905058642e+01,
5.9989655610e+01,
6.0055203351e+01,
6.0104796021e+01,
6.0141298622e+01,
6.0167314552e+01,
6.0185160093e+01,
6.0196847006e+01,
6.0204074150e+01,
6.0208228781e+01,
6.0210397798e+01,
6.0211388822e+01,
6.0211760587e+01,
6.0211861716e+01,
6.0211876642e+01,
6.0211878059e+01,
6.0211906947e+01,
6.0212102665e+01,
6.0212822140e+01,
6.0214739949e+01,
6.0218936789e+01,
6.0226973331e+01,
6.0240946098e+01,
6.0263522163e+01,
6.0297949627e+01,
6.0348041134e+01,
6.0418128152e+01,
6.0512984449e+01,
6.0637718275e+01,
6.0797634144e+01,
6.0998066924e+01,
6.1244193007e+01,
6.1540825604e+01,
6.1892203357e+01,
6.2301783289e+01,
6.2772050221e+01,
6.3304354782e+01,
6.3898790860e+01,
6.4554120718e+01,
6.5267752482e+01,
6.6035771215e+01,
6.6853022311e+01,
6.7713245161e+01,
6.8609255206e+01,
6.9533171777e+01,
7.0476685598e+01,
7.1431352762e+01,
7.2388893500e+01,
7.3341467640e+01,
7.4281898103e+01,
7.5203820683e+01,
7.6101751230e+01,
7.6971076647e+01,
7.7807989022e+01,
7.8609389391e+01,
7.9372787513e+01,
8.0096217645e+01,
8.0778180330e+01,
8.1417609874e+01,
8.2013859691e+01,
8.2566694467e+01,
8.3076279302e+01,
8.3543160071e+01,
8.3968233924e+01,
8.4352712349e+01,
8.4698080682e+01,
8.5006057579e+01,
8.5278556714e+01,
8.5517651523e+01,
8.5725542795e+01,
8.5904528338e+01,
8.6056973847e+01,
8.6185284233e+01,
8.6291874937e+01,
8.6379143045e+01,
8.6449438339e+01,
8.6505034626e+01,
8.6548101957e+01,
8.6580680465e+01,
8.6604656684e+01,
8.6621743266e+01,
8.6633462977e+01,
8.6641137789e+01,
8.6645883730e+01,
8.6648611958e+01,
8.6650036276e+01,
8.6650687044e+01,
8.6650931168e+01,
8.6650997575e+01,
8.6651007376e+01,
8.6651008249e+01,
8.6651025419e+01,
8.6651141753e+01,
8.6651569405e+01,
8.6652709342e+01,
8.6655203924e+01,
8.6659980813e+01,
8.6668286188e+01,
8.6681705388e+01,
8.6702169173e+01,
8.6731943986e+01,
8.6773604898e+01,
8.6829990330e+01,
8.6904138340e+01,
8.6999205097e+01,
8.7118367285e+01,
8.7264711451e+01,
8.7441114613e+01,
8.7650121662e+01,
8.7893825986e+01,
8.8173760001e+01,
8.8490801845e+01,
8.8845103265e+01,
8.9236041950e+01,
8.9662199738e+01,
9.0121366957e+01,
9.0610572916e+01,
9.1126143329e+01,
9.1663786185e+01,
9.2218707367e+01,
9.2785754999e+01,
9.3359587416e+01,
9.3934854642e+01,
9.4506379274e+01,
9.5069321076e+01,
9.5619311258e+01,
9.6152546862e+01,
9.6665841788e+01,
9.7156636986e+01,
9.7622977058e+01,
9.8063463011e+01,
9.8477191236e+01,
9.8863687411e+01,
9.9222841760e+01,
9.9554849585e+01,
9.9860158905e+01,
1.0013942553e+02,
1.0039347506e+02,
1.0062327082e+02,
1.0082988694e+02,
1.0101448553e+02,
1.0117829733e+02,
1.0132260517e+02,
1.0144872951e+02,
1.0155801572e+02,
1.0165182239e+02,
1.0173151039e+02,
1.0179843207e+02,
1.0185392057e+02,
1.0189927880e+02,
1.0193576833e+02,
1.0196459796e+02,
1.0198691251e+02,
1.0200378192e+02,
1.0201619118e+02,
1.0202503159e+02,
1.0203109378e+02,
1.0203506305e+02,
1.0203751731e+02,
1.0203892807e+02,
1.0203966455e+02,
1.0204000104e+02,
1.0204012727e+02,
1.0204016161e+02,
1.0204016668e+02,
1.0204016712e+02,
1.0204017591e+02,
1.0204023544e+02,
1.0204045427e+02,
1.0204103756e+02,
1.0204231398e+02,
1.0204475805e+02,
1.0204900702e+02,
1.0205587098e+02,
1.0206633544e+02,
1.0208155510e+02,
1.0210283823e+02,
1.0213162085e+02,
1.0216943062e+02,
1.0221784058e+02,
1.0227841386e+02,
1.0235264109e+02,
1.0244187304e+02,
1.0254725226e+02,
1.0266964756e+02,
1.0280959617e+02,
1.0296725798e+02,
1.0314238602e+02,
1.0333431622e+02,
1.0354197802e+02,
1.0376392546e+02,
1.0399838668e+02,
1.0424332747e+02,
1.0449652375e+02,
1.0475563697e+02,
1.0501828716e+02,
1.0528211977e+02,
1.0554486386e+02,
1.0580438103e+02,
1.0605870522e+02,
1.0630607387e+02,
1.0654495084e+02,
1.0677404095e+02,
1.0699229619e+02,
1.0719891374e+02,
1.0739332634e+02,
1.0757518613e+02,
1.0774434357e+02,
1.0790082310e+02,
1.0804479749e+02,
1.0817656219e+02,
1.0829651123e+02,
1.0840511531e+02,
1.0850290269e+02,
1.0859044299e+02,
1.0866833397e+02,
1.0873719078e+02,
1.0879763759e+02,
1.0885030101e+02,
1.0889580497e+02,
1.0893476654e+02,
1.0896779248e+02,
1.0899547604e+02,
1.0901839399e+02,
1.0903710344e+02,
1.0905213859e+02,
1.0906400735e+02,
1.0907318773e+02,
1.0908012431e+02,
1.0908522492e+02,
1.0908885759e+02,
1.0909134815e+02,
1.0909297864e+02,
1.0909398671e+02,
1.0909456614e+02,
1.0909486862e+02,
1.0909500682e+02,
1.0909505866e+02,
1.0909507276e+02,
1.0909507484e+02,
1.0909507503e+02,
1.0909507873e+02,
1.0909510377e+02,
1.0909519583e+02,
1.0909544123e+02,
1.0909597821e+02,
1.0909700635e+02,
1.0909879358e+02,
1.0910168024e+02,
1.0910607994e+02,
1.0911247638e+02,
1.0912141610e+02,
1.0913349651e+02,
1.0914934924e+02,
1.0916961895e+02,
1.0919493787e+02,
1.0922589724e+02,
1.0926301666e+02,
1.0930671338e+02,
1.0935727340e+02,
1.0941482680e+02,
1.0947932940e+02,
1.0955055282e+02,
1.0962808414e+02,
1.0971133587e+02,
1.0979956563e+02,
1.0989190440e+02,
1.0998739109e+02,
1.1008501068e+02,
1.1018373314e+02,
1.1028255022e+02,
1.1038050788e+02,
1.1047673269e+02,
1.1057045133e+02,
1.1066100298e+02,
1.1074784503e+02,
1.1083055295e+02,
1.1090881541e+02,
1.1098242569e+02,
1.1105127073e+02,
1.1111531874e+02,
1.1117460625e+02,
1.1122922546e+02,
1.1127931243e+02,
1.1132503635e+02,
1.1136659035e+02,
1.1140418377e+02,
1.1143803582e+02,
1.1146837078e+02,
1.1149541424e+02,
1.1151939045e+02,
1.1154052045e+02,
1.1155902084e+02,
1.1157510301e+02,
1.1158897264e+02,
1.1160082935e+02,
1.1161086651e+02,
1.1161927088e+02,
1.1162622229e+02,
1.1163189310e+02,
1.1163644762e+02,
1.1164004132e+02,
1.1164282004e+02,
1.1164491905e+02,
1.1164646218e+02,
1.1164756105e+02,
1.1164831435e+02,
1.1164880749e+02,
1.1164911236e+02,
1.1164928759e+02,
1.1164937907e+02,
1.1164942086e+02,
1.1164943654e+02,
1.1164944081e+02,
1.1164944144e+02,
1.1164944149e+02,
1.1164944266e+02,
1.1164945055e+02,
1.1164947956e+02,
1.1164955688e+02,
1.1164972609e+02,
1.1165005004e+02,
1.1165061313e+02,
1.1165152250e+02,
1.1165290827e+02,
1.1165492241e+02,
1.1165773632e+02,
1.1166153684e+02,
1.1166652072e+02,
1.1167288763e+02,
1.1168083185e+02,
1.1169053291e+02,
1.1170214583e+02,
1.1171579143e+02,
1.1173154758e+02,
1.1174944204e+02,
1.1176944770e+02,
1.1179148078e+02,
1.1181540224e+02,
1.1184102239e+02,
1.1186810853e+02,
1.1189639475e+02,
1.1192559320e+02,
1.1195540583e+02,
1.1198553568e+02,
1.1201569688e+02,
1.1204562295e+02,
1.1207507289e+02,
1.1210383517e+02,
1.1213172968e+02,
1.1215860795e+02,
1.1218435203e+02,
1.1220887233e+02,
1.1223210495e+02,
1.1225400861e+02,
1.1227456158e+02,
1.1229375869e+02,
1.1231160864e+02,
1.1232813149e+02,
1.1234335665e+02,
1.1235732102e+02,
1.1237006753e+02,
1.1238164395e+02,
1.1239210186e+02,
1.1240149586e+02,
1.1240988296e+02,
1.1241732199e+02,
1.1242387317e+02,
1.1242959774e+02,
1.1243455753e+02,
1.1243881463e+02,
1.1244243101e+02,
1.1244546813e+02,
1.1244798649e+02,
1.1245004518e+02,
1.1245170144e+02,
1.1245301007e+02,
1.1245402301e+02,
1.1245478880e+02,
1.1245535213e+02,
1.1245575346e+02,
1.1245602867e+02,
1.1245620887e+02,
1.1245632029e+02,
1.1245638434e+02,
1.1245641777e+02,
1.1245643305e+02,
1.1245643878e+02,
1.1245644034e+02,
1.1245644057e+02,
1.1245644059e+02,
1.1245644104e+02,
1.1245644407e+02,
1.1245645523e+02,
1.1245648497e+02,
1.1245655004e+02,
1.1245667463e+02,
1.1245689123e+02,
1.1245724110e+02,
1.1245777444e+02,
1.1245854999e+02,
1.1245963425e+02,
1.1246110007e+02,
1.1246302476e+02,
1.1246548765e+02,
1.1246856720e+02,
1.1247233772e+02,
1.1247686594e+02,
1.1248220754e+02,
1.1248840388e+02,
1.1249547925e+02,
1.1250343879e+02,
1.1251226728e+02,
1.1252192894e+02,
1.1253236825e+02,
1.1254351180e+02,
1.1255527083e+02,
1.1256754458e+02,
1.1258022379e+02,
1.1259319452e+02,
1.1260634168e+02,
1.1261955235e+02,
1.1263271858e+02,
1.1264573964e+02,
1.1265852374e+02,
1.1267098912e+02,
1.1268306472e+02,
1.1269469031e+02,
1.1270581636e+02,
1.1271640361e+02,
1.1272642244e+02,
1.1273585215e+02,
1.1274468015e+02,
1.1275290111e+02,
1.1276051621e+02,
1.1276753225e+02,
1.1277396097e+02,
1.1277981832e+02,
1.1278512378e+02,
1.1278989984e+02,
1.1279417140e+02,
1.1279796534e+02,
1.1280131009e+02,
1.1280423524e+02,
1.1280677120e+02,
1.1280894890e+02,
1.1281079950e+02,
1.1281235406e+02,
1.1281364334e+02,
1.1281469743e+02,
1.1281554554e+02,
1.1281621568e+02,
1.1281673443e+02,
1.1281712662e+02,
1.1281741513e+02,
1.1281762067e+02,
1.1281776163e+02,
1.1281785392e+02,
1.1281791098e+02,
1.1281794378e+02,
1.1281796091e+02,
1.1281796873e+02,
1.1281797167e+02,
1.1281797247e+02,
1.1281797258e+02,
1.1281797260e+02,
1.1281797284e+02,
1.1281797448e+02,
1.1281798053e+02,
1.1281799665e+02,
1.1281803193e+02,
1.1281809947e+02,
1.1281821688e+02,
1.1281840653e+02,
1.1281869560e+02,
1.1281911592e+02,
1.1281970347e+02,
1.1282049762e+02,
1.1282154010e+02,
1.1282287360e+02,
1.1282454016e+02,
1.1282657932e+02,
1.1282902614e+02,
1.1283190918e+02,
1.1283524861e+02,
1.1283905450e+02,
1.1284332550e+02,
1.1284804803e+02,
1.1285319599e+02,
1.1285873115e+02,
1.1286460418e+02,
1.1287075618e+02,
1.1287712084e+02,
1.1288362683e+02,
1.1289020050e+02,
1.1289676856e+02,
1.1290326062e+02,
1.1290961155e+02,
1.1291576327e+02,
1.1292166620e+02,
1.1292728008e+02,
1.1293257430e+02,
1.1293752777e+02,
1.1294212830e+02,
1.1294637173e+02,
1.1295026084e+02,
1.1295380415e+02,
1.1295701471e+02,
1.1295990887e+02,
1.1296250529e+02,
1.1296482401e+02,
1.1296688564e+02,
1.1296871080e+02,
1.1297031963e+02,
1.1297173149e+02,
1.1297296474e+02,
1.1297403660e+02,
1.1297496312e+02,
1.1297575919e+02,
1.1297643857e+02,
1.1297701397e+02,
1.1297749711e+02,
1.1297789883e+02,
1.1297822912e+02,
1.1297849722e+02,
1.1297871166e+02,
1.1297888031e+02,
1.1297901037e+02,
1.1297910842e+02,
1.1297918040e+02,
1.1297923159e+02,
1.1297926666e+02,
1.1297928961e+02,
1.1297930379e+02,
1.1297931194e+02,
1.1297931619e+02,
1.1297931814e+02,
1.1297931887e+02,
1.1297931907e+02,
1.1297931909e+02,
1.1297931910e+02,
1.1297931916e+02,
1.1297931960e+02,
1.1297932119e+02,
1.1297932545e+02,
1.1297933475e+02,
1.1297935257e+02,
1.1297938352e+02,
1.1297943345e+02,
1.1297950943e+02,
1.1297961964e+02,
1.1297977313e+02,
1.1297997958e+02,
1.1298024880e+02,
1.1298059022e+02,
1.1298101225e+02,
1.1298152159e+02,
1.1298212255e+02,
1.1298281639e+02,
1.1298360080e+02,
1.1298446965e+02,
1.1298541295e+02,
1.1298641708e+02,
1.1298746546e+02,
1.1298853936e+02,
1.1298961896e+02,
1.1299068456e+02,
1.1299171767e+02,
1.1299270200e+02,
1.1299362428e+02,
1.1299447465e+02,
1.1299524685e+02,
1.1299593808e+02,
1.1299654861e+02,
1.1299708127e+02,
1.1299754081e+02,
1.1299793330e+02,
1.1299826556e+02,
1.1299854471e+02,
1.1299877779e+02,
1.1299897146e+02,
1.1299913183e+02,
1.1299926436e+02,
1.1299937381e+02,
1.1299946430e+02,
1.1299953930e+02,
1.1299960177e+02,
1.1299965415e+02,
1.1299969847e+02,
1.1299973634e+02,
1.1299976907e+02,
1.1299979768e+02,
1.1299982294e+02,
1.1299984547e+02,
1.1299986570e+02,
1.1299988396e+02,
1.1299990046e+02,
1.1299991538e+02,
1.1299992881e+02,
1.1299994082e+02,
1.1299995148e+02,
1.1299996084e+02,
1.1299996896e+02,
1.1299997590e+02,
1.1299998174e+02,
1.1299998656e+02,
1.1299999044e+02,
1.1299999349e+02,
1.1299999579e+02,
1.1299999746e+02,
1.1299999861e+02,
1.1299999934e+02,
1.1300000000e+02,
1.1300000000e+02,
1.1300000000e+02,
