0.0000000000e+00,
8.0799498647e-08,
2.5792816984e-06,
1.9506902500e-05,
8.1735172898e-05,
2.4761708600e-04,
6.1066686160e-04,
1.3060320847e-03,
2.5155328723e-03,
4.4710913578e-03,
7.4564290445e-03,
1.1806966041e-02,
1.7907910629e-02,
2.6190575380e-02,
3.7126992600e-02,
5.1222924019e-02,
6.9009366140e-02,
9.1032646158e-02,
1.1784319038e-01,
1.4998303868e-01,
1.8797218859e-01,
2.3229389512e-01,
2.8337913777e-01,
3.4159059695e-01,
4.0720664794e-01,
4.8040606000e-01,
5.6125424666e-01,
6.4969201217e-01,
7.4552774198e-01,
8.4843386917e-01,
9.5794821067e-01,
1.0734804278e+00,
1.1943234684e+00,
1.3196694461e+00,
1.4486290706e+00,
1.5802534972e+00,
1.7135573592e+00,
1.8475417711e+00,
1.9812162365e+00,
2.1136186226e+00,
2.2438326313e+00,
2.3710024639e+00,
2.4943446078e+00,
2.6131568531e+00,
2.7268247626e+00,
2.8348258769e+00,
2.9367319479e+00,
3.0322094714e+00,
3.1210187532e+00,
3.2030116938e+00,
3.2781284399e+00,
3.3463930138e+00,
3.4079080096e+00,
3.4628484366e+00,
3.5114547822e+00,
3.5540253786e+00,
3.5909081640e+00,
3.6224919488e+00,
3.6491973121e+00,
3.6714672771e+00,
3.6897579271e+00,
3.7045291457e+00,
3.7162356727e+00,
3.7253186778e+00,
3.7321980526e+00,
3.7372656182e+00,
3.7408794252e+00,
3.7433593064e+00,
3.7449838044e+00,
3.7459885632e+00,
3.7465662244e+00,
3.7468678227e+00,
3.7470056271e+00,
3.7470573225e+00,
3.7470713850e+00,
3.7470734605e+00,
3.7470737447e+00,
3.7470804546e+00,
3.7471259152e+00,
3.7472930328e+00,
3.7477385022e+00,
3.7487133767e+00,
3.7505802853e+00,
3.7538265646e+00,
3.7590726362e+00,
3.7670750276e+00,
3.7787235306e+00,
3.7950321111e+00,
3.8171233484e+00,
3.8462063945e+00,
3.8835487188e+00,
3.9304422210e+00,
3.9881646713e+00,
4.0579378118e+00,
4.1408838235e+00,
4.2379821428e+00,
4.3500287662e+00,
4.4776001436e+00,
4.6210235015e+00,
4.7803549781e+00,
4.9553663671e+00,
5.1455406963e+00,
5.3500764841e+00,
5.5679004353e+00,
5.7976885645e+00,
6.0378960411e+00,
6.2867960380e+00,
6.5425271032e+00,
6.8031469215e+00,
7.0666882575e+00,
7.3312114243e+00,
7.5948478693e+00,
7.8558316990e+00,
8.1125192492e+00,
8.3633995864e+00,
8.6070999487e+00,
8.8423895168e+00,
9.0681833452e+00,
9.2835467184e+00,
9.4876992094e+00,
9.6800174182e+00,
9.8600355496e+00,
1.0027443391e+01,
1.0182081658e+01,
1.0323934967e+01,
1.0453122870e+01,
1.0569889407e+01,
1.0674591601e+01,
1.0767687246e+01,
1.0849722208e+01,
1.0921317433e+01,
1.0983155736e+01,
1.1035968453e+01,
1.1080522013e+01,
1.1117604509e+01,
1.1148012365e+01,
1.1172537265e+01,
1.1191953507e+01,
1.1207006051e+01,
1.1218399499e+01,
1.1226788306e+01,
1.1232768516e+01,
1.1236871290e+01,
1.1239558460e+01,
1.1241220313e+01,
1.1242175695e+01,
1.1242674484e+01,
1.1242902384e+01,
1.1242987877e+01,
1.1243011133e+01,
1.1243014565e+01,
1.1243014891e+01,
1.1243021534e+01,
1.1243066543e+01,
1.1243231998e+01,
1.1243673034e+01,
1.1244638198e+01,
1.1246486478e+01,
1.1249700259e+01,
1.1254893531e+01,
1.1262814709e+01,
1.1274343535e+01,
1.1290481636e+01,
1.1312336449e+01,
1.1341098483e+01,
1.1378012094e+01,
1.1424340353e+01,
1.1481324894e+01,
1.1550142101e+01,
1.1631857366e+01,
1.1727379530e+01,
1.1837417902e+01,
1.1962444392e+01,
1.2102663263e+01,
1.2257990748e+01,
1.2428046263e+01,
1.2612156236e+01,
1.2809370588e+01,
1.3018490860e+01,
1.3238107899e+01,
1.3466646174e+01,
1.3702411221e+01,
1.3943636687e+01,
1.4188527905e+01,
1.4435299830e+01,
1.4682208338e+01,
1.4927575038e+01,
1.5169806704e+01,
1.5407410850e+01,
1.5639008995e+01,
1.5863348637e+01,
1.6079314295e+01,
1.6285937219e+01,
1.6482402939e+01,
1.6668055698e+01,
1.6842399111e+01,
1.7005092880e+01,
1.7155945944e+01,
1.7294906864e+01,
1.7422052400e+01,
1.7537575196e+01,
1.7641771279e+01,
1.7735027805e+01,
1.7817811247e+01,
1.7890656023e+01,
1.7954153476e+01,
1.8008941057e+01,
1.8055691600e+01,
1.8095102582e+01,
1.8127885366e+01,
1.8154754447e+01,
1.8176416804e+01,
1.8193561524e+01,
1.8206849889e+01,
1.8216906181e+01,
1.8224309463e+01,
1.8229586597e+01,
1.8233206771e+01,
1.8235577747e+01,
1.8237044010e+01,
1.8237886934e+01,
1.8238327007e+01,
1.8238528078e+01,
1.8238603506e+01,
1.8238624024e+01,
1.8238627053e+01,
1.8238627322e+01,
1.8238632628e+01,
1.8238668572e+01,
1.8238800707e+01,
1.8239152926e+01,
1.8239923719e+01,
1.8241399775e+01,
1.8243966317e+01,
1.8248113645e+01,
1.8254439360e+01,
1.8263645851e+01,
1.8276532689e+01,
1.8293983726e+01,
1.8316948849e+01,
1.8346420599e+01,
1.8383406121e+01,
1.8428895248e+01,
1.8483825873e+01,
1.8549048065e+01,
1.8625288673e+01,
1.8713118334e+01,
1.8812922735e+01,
1.8924879852e+01,
1.9048944390e+01,
1.9184840154e+01,
1.9332060382e+01,
1.9489875530e+01,
1.9657347648e+01,
1.9833350356e+01,
2.0016593619e+01,
2.0205652724e+01,
2.0399001069e+01,
2.0595046272e+01,
2.0792168808e+01,
2.0988761896e+01,
2.1183270865e+01,
2.1374229947e+01,
2.1560294461e+01,
2.1740266685e+01,
2.1913114268e+01,
2.2077980778e+01,
2.2234188663e+01,
2.2381235466e+01,
2.2518784578e+01,
2.2646651954e+01,
2.2764790273e+01,
2.2873271854e+01,
2.2972271434e+01,
2.3062049641e+01,
2.3142937720e+01,
2.3215323822e+01,
2.3279640976e+01,
2.3336356682e+01,
2.3385963973e+01,
2.3428973723e+01,
2.3465907941e+01,
2.3497293798e+01,
2.3523658154e+01,
2.3545522402e+01,
2.3563397478e+01,
2.3577778979e+01,
2.3589142358e+01,
2.3597938255e+01,
2.3604588058e+01,
2.3609479837e+01,
2.3612964828e+01,
2.3615354647e+01,
2.3616919414e+01,
2.3617886938e+01,
2.3618443091e+01,
2.3618733431e+01,
2.3618866084e+01,
2.3618915846e+01,
2.3618929383e+01,
2.3618931381e+01,
2.3618931557e+01,
2.3618935021e+01,
2.3618958489e+01,
2.3619044756e+01,
2.3619274705e+01,
2.3619777902e+01,
2.3620741422e+01,
2.3622416489e+01,
2.3625122490e+01,
2.3629247981e+01,
2.3635248271e+01,
2.3643639279e+01,
2.3654987382e+01,
2.3669895177e+01,
2.3688983215e+01,
2.3712868081e+01,
2.3742137431e+01,
2.3777323004e+01,
2.3818872896e+01,
2.3867124718e+01,
2.3922281439e+01,
2.3984391778e+01,
2.4053336898e+01,
2.4128824832e+01,
2.4210393551e+01,
2.4297422942e+01,
2.4389155138e+01,
2.4484721952e+01,
2.4583177458e+01,
2.4683533340e+01,
2.4784794452e+01,
2.4885992161e+01,
2.4986213427e+01,
2.5084624169e+01,
2.5180486162e+01,
2.5273167342e+01,
2.5362146008e+01,
2.5447009782e+01,
2.5527450420e+01,
2.5603255666e+01,
2.5674299220e+01,
2.5740529799e+01,
2.5801960025e+01,
2.5858655737e+01,
2.5910726081e+01,
2.5958314628e+01,
2.6001591623e+01,
2.6040747387e+01,
2.6075986814e+01,
2.6107524894e+01,
2.6135583113e+01,
2.6160386629e+01,
2.6182162053e+01,
2.6201135713e+01,
2.6217532274e+01,
2.6231573577e+01,
2.6243477606e+01,
2.6253457496e+01,
2.6261720516e+01,
2.6268466983e+01,
2.6273889094e+01,
2.6278169678e+01,
2.6281480900e+01,
2.6283982958e+01,
2.6285822848e+01,
2.6287133260e+01,
2.6288031699e+01,
2.6288619889e+01,
2.6288983547e+01,
2.6289192575e+01,
2.6289301695e+01,
2.6289351551e+01,
2.6289370253e+01,
2.6289375340e+01,
2.6289376091e+01,
2.6289376158e+01,
2.6289377492e+01,
2.6289386527e+01,
2.6289419738e+01,
2.6289508265e+01,
2.6289701982e+01,
2.6290072890e+01,
2.6290717646e+01,
2.6291759052e+01,
2.6293346347e+01,
2.6295654109e+01,
2.6298879641e+01,
2.6303238711e+01,
2.6308959607e+01,
2.6316275563e+01,
2.6325415705e+01,
2.6336594859e+01,
2.6350002686e+01,
2.6365792759e+01,
2.6384072339e+01,
2.6404893631e+01,
2.6428247298e+01,
2.6454058893e+01,
2.6482188658e+01,
2.6512434872e+01,
2.6544540602e+01,
2.6578203398e+01,
2.6613087216e+01,
2.6648835638e+01,
2.6685085410e+01,
2.6721479330e+01,
2.6757677659e+01,
2.6793367463e+01,
2.6828269523e+01,
2.6862142711e+01,
2.6894785999e+01,
2.6926038366e+01,
2.6955777064e+01,
2.6983914665e+01,
2.7010395348e+01,
2.7035190817e+01,
2.7058296153e+01,
2.7079725844e+01,
2.7099510145e+01,
2.7117691849e+01,
2.7134323520e+01,
2.7149465173e+01,
2.7163182381e+01,
2.7175544757e+01,
2.7186624763e+01,
2.7196496786e+01,
2.7205236426e+01,
2.7212919939e+01,
2.7219623787e+01,
2.7225424266e+01,
2.7230397149e+01,
2.7234617344e+01,
2.7238158528e+01,
2.7241092747e+01,
2.7243489978e+01,
2.7245417653e+01,
2.7246940151e+01,
2.7248118275e+01,
2.7249008738e+01,
2.7249663671e+01,
2.7250130199e+01,
2.7250450090e+01,
2.7250659530e+01,
2.7250789026e+01,
2.7250863462e+01,
2.7250902320e+01,
2.7250920074e+01,
2.7250926734e+01,
2.7250928546e+01,
2.7250928813e+01,
2.7250928838e+01,
2.7250929333e+01,
2.7250932685e+01,
2.7250945009e+01,
2.7250977857e+01,
2.7251049738e+01,
2.7251187370e+01,
2.7251426624e+01,
2.7251813085e+01,
2.7252402164e+01,
2.7253258716e+01,
2.7254456094e+01,
2.7256074613e+01,
2.7258199402e+01,
2.7260917677e+01,
2.7264315485e+01,
2.7268474056e+01,
2.7273465929e+01,
2.7279351083e+01,
2.7286173342e+01,
2.7293957329e+01,
2.7302706247e+01,
2.7312400689e+01,
2.7322998622e+01,
2.7334436578e+01,
2.7346631959e+01,
2.7359486277e+01,
2.7372889056e+01,
2.7386722067e+01,
2.7400863579e+01,
2.7415192321e+01,
2.7429590918e+01,
2.7443948659e+01,
2.7458163517e+01,
2.7472143447e+01,
2.7485807018e+01,
2.7499083526e+01,
2.7511912693e+01,
2.7524244107e+01,
2.7536036520e+01,
2.7547257087e+01,
2.7557880630e+01,
2.7567888948e+01,
2.7577270215e+01,
2.7586018438e+01,
2.7594132996e+01,
2.7601618225e+01,
2.7608483038e+01,
2.7614740578e+01,
2.7620407871e+01,
2.7625505487e+01,
2.7630057191e+01,
2.7634089590e+01,
2.7637631758e+01,
2.7640714850e+01,
2.7643371702e+01,
2.7645636400e+01,
2.7647543851e+01,
2.7649129327e+01,
2.7650428006e+01,
2.7651474508e+01,
2.7652302439e+01,
2.7652943945e+01,
2.7653429306e+01,
2.7653786558e+01,
2.7654041178e+01,
2.7654215835e+01,
2.7654330216e+01,
2.7654400950e+01,
2.7654441612e+01,
2.7654462840e+01,
2.7654472540e+01,
2.7654476178e+01,
2.7654477168e+01,
2.7654477314e+01,
2.7654477328e+01,
2.7654477612e+01,
2.7654479539e+01,
2.7654486623e+01,
2.7654505504e+01,
2.7654546823e+01,
2.7654625945e+01,
2.7654763511e+01,
2.7654985780e+01,
2.7655324729e+01,
2.7655817898e+01,
2.7656507935e+01,
2.7657441846e+01,
2.7658669940e+01,
2.7660244476e+01,
2.7662218043e+01,
2.7664641722e+01,
2.7667563104e+01,
2.7671024244e+01,
2.7675059677e+01,
2.7679694582e+01,
2.7684943231e+01,
2.7690807807e+01,
2.7697277674e+01,
2.7704329139e+01,
2.7711925729e+01,
2.7720018959e+01,
2.7728549556e+01,
2.7737449060e+01,
2.7746641742e+01,
2.7756046736e+01,
2.7765580302e+01,
2.7775158120e+01,
2.7784697519e+01,
2.7794119547e+01,
2.7803350806e+01,
2.7812324963e+01,
2.7820983903e+01,
2.7829278490e+01,
2.7837168932e+01,
2.7844624774e+01,
2.7851624574e+01,
2.7858155307e+01,
2.7864211583e+01,
2.7869794735e+01,
2.7874911851e+01,
2.7879574799e+01,
2.7883799307e+01,
2.7887604107e+01,
2.7891010184e+01,
2.7894040125e+01,
2.7896717578e+01,
2.7899066810e+01,
2.7901112352e+01,
2.7902878721e+01,
2.7904390200e+01,
2.7905670658e+01,
2.7906743400e+01,
2.7907631040e+01,
2.7908355369e+01,
2.7908937238e+01,
2.7909396428e+01,
2.7909751521e+01,
2.7910019774e+01,
2.7910216998e+01,
2.7910357446e+01,
2.7910453730e+01,
2.7910516761e+01,
2.7910555730e+01,
2.7910578128e+01,
2.7910589821e+01,
2.7910595163e+01,
2.7910597167e+01,
2.7910597712e+01,
2.7910597792e+01,
2.7910597800e+01,
2.7910597966e+01,
2.7910599089e+01,
2.7910603218e+01,
2.7910614224e+01,
2.7910638307e+01,
2.7910684414e+01,
2.7910764553e+01,
2.7910893962e+01,
2.7911091135e+01,
2.7911377651e+01,
2.7911777807e+01,
2.7912318017e+01,
2.7913025990e+01,
2.7913929663e+01,
2.7915055943e+01,
2.7916429270e+01,
2.7918070098e+01,
2.7919993363e+01,
2.7922207064e+01,
2.7924711075e+01,
2.7927496311e+01,
2.7930544356e+01,
2.7933827642e+01,
2.7937310191e+01,
2.7940948934e+01,
2.7944695505e+01,
2.7948498390e+01,
2.7952305265e+01,
2.7956065334e+01,
2.7959731472e+01,
2.7963262018e+01,
2.7966622109e+01,
2.7969784469e+01,
2.7972729680e+01,
2.7975445965e+01,
2.7977928573e+01,
2.7980178875e+01,
2.7982203300e+01,
2.7984012197e+01,
2.7985618733e+01,
2.7987037883e+01,
2.7988285559e+01,
2.7989377898e+01,
2.7990330711e+01,
2.7991159086e+01,
2.7991877122e+01,
2.7992497772e+01,
2.7993032782e+01,
2.7993492688e+01,
2.7993886859e+01,
2.7994223582e+01,
2.7994510151e+01,
2.7994752972e+01,
2.7994957669e+01,
2.7995129184e+01,
2.7995271867e+01,
2.7995389566e+01,
2.7995485694e+01,
2.7995563292e+01,
2.7995625079e+01,
2.7995673496e+01,
2.7995710729e+01,
2.7995738736e+01,
2.7995759262e+01,
2.7995773845e+01,
2.7995783826e+01,
2.7995790352e+01,
2.7995794385e+01,
2.7995796701e+01,
2.7995797910e+01,
2.7995798463e+01,
2.7995798670e+01,
2.7995798726e+01,
2.7995798735e+01,
2.7995798736e+01,
2.7995798754e+01,
2.7995798877e+01,
2.7995799331e+01,
2.7995800540e+01,
2.7995803185e+01,
2.7995808245e+01,
2.7995817033e+01,
2.7995831200e+01,
2.7995852732e+01,
2.7995883903e+01,
2.7995927207e+01,
2.7995985240e+01,
2.7996060557e+01,
2.7996155479e+01,
2.7996271888e+01,
2.7996411002e+01,
2.7996573166e+01,
2.7996757686e+01,
2.7996962722e+01,
2.7997185285e+01,
2.7997421330e+01,
2.7997665971e+01,
2.7997913782e+01,
2.7998159173e+01,
2.7998396776e+01,
2.7998621819e+01,
2.7998830418e+01,
2.7999019765e+01,
2.7999188203e+01,
2.7999335181e+01,
2.7999461113e+01,
2.7999567184e+01,
2.7999655122e+01,
2.7999726987e+01,
2.7999784968e+01,
2.7999831226e+01,
2.7999867784e+01,
2.7999896447e+01,
2.7999918777e+01,
2.7999936090e+01,
2.7999949475e+01,
2.7999959813e+01,
2.7999967805e+01,
2.7999973997e+01,
2.7999978809e+01,
2.7999982564e+01,
2.7999985514e+01,
2.7999987851e+01,
2.7999989725e+01,
2.7999991248e+01,
2.7999992503e+01,
2.7999993554e+01,
2.7999994446e+01,
2.7999995215e+01,
2.7999995888e+01,
2.7999996485e+01,
2.7999997020e+01,
2.7999997500e+01,
2.7999997929e+01,
2.7999998308e+01,
2.7999998640e+01,
2.7999998926e+01,
2.7999999169e+01,
2.7999999372e+01,
2.7999999539e+01,
2.8000000000e+01,
2.8000000000e+01,
2.8000000000e+01,
2.8000000000e+01,
2.8000000000e+01,
2.8000000000e+01,
2.8000000000e+01,
2.8000000000e+01,
2.8000000000e+01,
