0.0000000000e+00,
5.2118400617e-07,
1.6637222998e-05,
1.2582609200e-04,
5.2722090000e-04,
1.5972302820e-03,
3.9391132980e-03,
8.4248401500e-03,
1.6227866873e-02,
2.8845799189e-02,
4.8112277135e-02,
7.6197713718e-02,
1.1559868321e-01,
1.6911568765e-01,
2.3981867184e-01,
3.3099902443e-01,
4.4610605404e-01,
5.8866539913e-01,
7.6217701941e-01,
9.6999186620e-01,
1.2151694037e+00,
1.5003227507e+00,
1.8274635340e+00,
2.1978630892e+00,
2.6119485400e+00,
3.0692499561e+00,
3.5684077465e+00,
4.1072388274e+00,
4.6828486453e+00,
5.2917673522e+00,
5.9300854123e+00,
6.5935680306e+00,
7.2777380739e+00,
7.9779303999e+00,
8.6893322060e+00,
9.4070295488e+00,
1.0126076516e+01,
1.0841591059e+01,
1.1548865580e+01,
1.2243470009e+01,
1.2921327137e+01,
1.3578752970e+01,
1.4212469353e+01,
1.4819603111e+01,
1.5397683740e+01,
1.5944645019e+01,
1.6458829952e+01,
1.6938995677e+01,
1.7384314851e+01,
1.7794371208e+01,
1.8169148377e+01,
1.8509012050e+01,
1.8814686184e+01,
1.9087224120e+01,
1.9327975491e+01,
1.9538549737e+01,
1.9720776905e+01,
1.9876666400e+01,
2.0008364268e+01,
2.0118109673e+01,
2.0208191248e+01,
2.0280904061e+01,
2.0338508048e+01,
2.0383188782e+01,
2.0417021506e+01,
2.0441939347e+01,
2.0459706590e+01,
2.0471897797e+01,
2.0479883415e+01,
2.0484822360e+01,
2.0487661817e+01,
2.0489144286e+01,
2.0489821641e+01,
2.0490075741e+01,
2.0490144863e+01,
2.0490155065e+01,
2.0490156462e+01,
2.0490189443e+01,
2.0490412897e+01,
2.0491234330e+01,
2.0493423926e+01,
2.0498215584e+01,
2.0507391338e+01,
2.0523345413e+01,
2.0549124359e+01,
2.0588439982e+01,
2.0645652164e+01,
2.0725719191e+01,
2.0834114072e+01,
2.0976706460e+01,
2.1159611321e+01,
2.1389007406e+01,
2.1670930806e+01,
2.2011051249e+01,
2.2414441178e+01,
2.2885349714e+01,
2.3426994963e+01,
2.4041388345e+01,
2.4729203160e+01,
2.5489696188e+01,
2.6320685896e+01,
2.7218585041e+01,
2.8178481129e+01,
2.9194257655e+01,
3.0258752744e+01,
3.1363956483e+01,
3.2501247234e+01,
3.3661655690e+01,
3.4836128088e+01,
3.6015752104e+01,
3.7191922757e+01,
3.8356454149e+01,
3.9501663700e+01,
4.0620454051e+01,
4.1706400114e+01,
4.2753831405e+01,
4.3757893472e+01,
4.4714576766e+01,
4.5620710544e+01,
4.6473927542e+01,
4.7272609373e+01,
4.8015822869e+01,
4.8703255246e+01,
4.9335152748e+01,
4.9912264496e+01,
5.0435791349e+01,
5.0907338557e+01,
5.1328870807e+01,
5.1702668438e+01,
5.2031283953e+01,
5.2317498296e+01,
5.2564276591e+01,
5.2774723231e+01,
5.2952036364e+01,
5.3099461924e+01,
5.3220247539e+01,
5.3317596825e+01,
5.3394624749e+01,
5.3454314945e+01,
5.3499480017e+01,
5.3532725984e+01,
5.3556422053e+01,
5.3572676867e+01,
5.3583322277e+01,
5.3589905460e+01,
5.3593689935e+01,
5.3595665714e+01,
5.3596568450e+01,
5.3596907095e+01,
5.3596999215e+01,
5.3597012811e+01,
5.3597014102e+01,
5.3597040416e+01,
5.3597218699e+01,
5.3597874079e+01,
5.3599621042e+01,
5.3603444032e+01,
5.3610764758e+01,
5.3623493194e+01,
5.3644059377e+01,
5.3675423307e+01,
5.3721060534e+01,
5.3784921436e+01,
5.3871362857e+01,
5.3985051695e+01,
5.4130841275e+01,
5.4313622893e+01,
5.4538156692e+01,
5.4808887940e+01,
5.5129756611e+01,
5.5504009765e+01,
5.5934027333e+01,
5.6421172367e+01,
5.6965676500e+01,
5.7566569978e+01,
5.8221662991e+01,
5.8927580799e+01,
5.9679849509e+01,
6.0473023412e+01,
6.1300840725e+01,
6.2156394928e+01,
6.3032313876e+01,
6.3920945907e+01,
6.4814556203e+01,
6.5705534535e+01,
6.6586607946e+01,
6.7451043268e+01,
6.8292819539e+01,
6.9106751924e+01,
6.9888556071e+01,
7.0634851977e+01,
7.1343116091e+01,
7.2011596826e+01,
7.2639210912e+01,
7.3225436471e+01,
7.3770214597e+01,
7.4273866208e+01,
7.4737026299e+01,
7.5160594293e+01,
7.5545697261e+01,
7.5893662133e+01,
7.6205993327e+01,
7.6484353004e+01,
7.6730542043e+01,
7.6946480627e+01,
7.7134187877e+01,
7.7295760320e+01,
7.7433349207e+01,
7.7549136743e+01,
7.7645311434e+01,
7.7724042768e+01,
7.7787455604e+01,
7.7837604702e+01,
7.7876450002e+01,
7.7905833319e+01,
7.7927457243e+01,
7.7942867058e+01,
7.7953436473e+01,
7.7960357910e+01,
7.7964637945e+01,
7.7967098332e+01,
7.7968382816e+01,
7.7968969693e+01,
7.7969189849e+01,
7.7969249736e+01,
7.7969258576e+01,
7.7969259362e+01,
7.7969274847e+01,
7.7969379760e+01,
7.7969765425e+01,
7.7970793443e+01,
7.7973043103e+01,
7.7977350967e+01,
7.7984840803e+01,
7.7996942142e+01,
7.8015395817e+01,
7.8042245007e+01,
7.8079810548e+01,
7.8130649672e+01,
7.8197497926e+01,
7.8283194779e+01,
7.8390594408e+01,
7.8522464299e+01,
7.8681375462e+01,
7.8869589227e+01,
7.9088946552e+01,
7.9340766461e+01,
7.9625760502e+01,
7.9943970017e+01,
8.0294732308e+01,
8.0676680372e+01,
8.1087778338e+01,
8.1525390746e+01,
8.1986378610e+01,
8.2467210102e+01,
8.2964071159e+01,
8.3472963556e+01,
8.3989785111e+01,
8.4510395506e+01,
8.5030677218e+01,
8.5546601221e+01,
8.6054302144e+01,
8.6550160614e+01,
8.7030885102e+01,
8.7493583543e+01,
8.7935816349e+01,
8.8355625829e+01,
8.8751541088e+01,
8.9122560923e+01,
8.9468119470e+01,
8.9788040303e+01,
9.0082484535e+01,
9.0351897610e+01,
9.0596958307e+01,
9.0818532227e+01,
9.1017630970e+01,
9.1195377347e+01,
9.1352976392e+01,
9.1491691520e+01,
9.1612825021e+01,
9.1717701970e+01,
9.1807656680e+01,
9.1884020887e+01,
9.1948113002e+01,
9.2001227896e+01,
9.2044626852e+01,
9.2079527488e+01,
9.2107093620e+01,
9.2128425198e+01,
9.2144548563e+01,
9.2156407402e+01,
9.2164854844e+01,
9.2170647161e+01,
9.2174439546e+01,
9.2176784363e+01,
9.2178132184e+01,
9.2178835805e+01,
9.2179157282e+01,
9.2179277876e+01,
9.2179310680e+01,
9.2179315522e+01,
9.2179315950e+01,
9.2179324344e+01,
9.2179381216e+01,
9.2179590278e+01,
9.2180147537e+01,
9.2181366972e+01,
9.2183701897e+01,
9.2187760979e+01,
9.2194317850e+01,
9.2204313295e+01,
9.2218849017e+01,
9.2239172125e+01,
9.2266649701e+01,
9.2302733176e+01,
9.2348912745e+01,
9.2406662757e+01,
9.2477379815e+01,
9.2562316199e+01,
9.2662512097e+01,
9.2778730837e+01,
9.2911401766e+01,
9.3060575419e+01,
9.3225895163e+01,
9.3406588501e+01,
9.3601479711e+01,
9.3809023722e+01,
9.4027359247e+01,
9.4254377469e+01,
9.4487801326e+01,
9.4725269697e+01,
9.4964420765e+01,
9.5202969296e+01,
9.5438773520e+01,
9.5669888561e+01,
9.5894604688e+01,
9.6111470107e+01,
9.6319299246e+01,
9.6517168505e+01,
9.6704402127e+01,
9.6880551062e+01,
9.7045367614e+01,
9.7198778227e+01,
9.7340856294e+01,
9.7471796280e+01,
9.7591890026e+01,
9.7701505664e+01,
9.7801069371e+01,
9.7891049917e+01,
9.7971945894e+01,
9.8044275383e+01,
9.8108567769e+01,
9.8165357390e+01,
9.8215178675e+01,
9.8258562432e+01,
9.8296032986e+01,
9.8328105844e+01,
9.8355285663e+01,
9.8378064303e+01,
9.8396918794e+01,
9.8412309143e+01,
9.8424675905e+01,
9.8434437554e+01,
9.8441987703e+01,
9.8447692290e+01,
9.8451886868e+01,
9.8454874194e+01,
9.8456922278e+01,
9.8458263084e+01,
9.8459092048e+01,
9.8459568526e+01,
9.8459817263e+01,
9.8459930907e+01,
9.8459973538e+01,
9.8459985135e+01,
9.8459986846e+01,
9.8459987000e+01,
9.8459990039e+01,
9.8460010634e+01,
9.8460086339e+01,
9.8460288132e+01,
9.8460729701e+01,
9.8461575162e+01,
9.8463044816e+01,
9.8465418530e+01,
9.8469036352e+01,
9.8474295963e+01,
9.8481646603e+01,
9.8491579240e+01,
9.8504612839e+01,
9.8521276866e+01,
9.8542090432e+01,
9.8567538806e+01,
9.8598048443e+01,
9.8633961987e+01,
9.8675514990e+01,
9.8722816214e+01,
9.8775833341e+01,
9.8834385603e+01,
9.8898144356e+01,
9.8966641965e+01,
9.9039288541e+01,
9.9115395352e+01,
9.9194203041e+01,
9.9274912348e+01,
9.9356714874e+01,
9.9438821581e+01,
9.9520487121e+01,
9.9601028727e+01,
9.9679839115e+01,
9.9756393533e+01,
9.9830251686e+01,
9.9901055622e+01,
9.9968524826e+01,
1.0003244971e+02,
1.0009268445e+02,
1.0014913997e+02,
1.0020177723e+02,
1.0025060120e+02,
1.0029565531e+02,
1.0033701636e+02,
1.0037478961e+02,
1.0040910414e+02,
1.0044010837e+02,
1.0046796580e+02,
1.0049285100e+02,
1.0051494606e+02,
1.0053443747e+02,
1.0055151346e+02,
1.0056636189e+02,
1.0057916852e+02,
1.0059011569e+02,
1.0059938127e+02,
1.0060713781e+02,
1.0061355177e+02,
1.0061878287e+02,
1.0062298326e+02,
1.0062629689e+02,
1.0062885862e+02,
1.0063079346e+02,
1.0063221575e+02,
1.0063322849e+02,
1.0063392271e+02,
1.0063437715e+02,
1.0063465809e+02,
1.0063481957e+02,
1.0063490386e+02,
1.0063494238e+02,
1.0063495682e+02,
1.0063496075e+02,
1.0063496133e+02,
1.0063496139e+02,
1.0063496246e+02,
1.0063496973e+02,
1.0063499646e+02,
1.0063506772e+02,
1.0063522363e+02,
1.0063552214e+02,
1.0063604099e+02,
1.0063687887e+02,
1.0063815561e+02,
1.0064001107e+02,
1.0064260286e+02,
1.0064610255e+02,
1.0065069043e+02,
1.0065654877e+02,
1.0066385385e+02,
1.0067276686e+02,
1.0068342425e+02,
1.0069592803e+02,
1.0071033683e+02,
1.0072665841e+02,
1.0074484458e+02,
1.0076478927e+02,
1.0078633031e+02,
1.0080925538e+02,
1.0083331178e+02,
1.0085821965e+02,
1.0088368728e+02,
1.0090942694e+02,
1.0093516946e+02,
1.0096067567e+02,
1.0098574366e+02,
1.0101021139e+02,
1.0103395504e+02,
1.0105688430e+02,
1.0107893594e+02,
1.0110006705e+02,
1.0112024909e+02,
1.0113946306e+02,
1.0115769632e+02,
1.0117494058e+02,
1.0119119098e+02,
1.0120644592e+02,
1.0122070717e+02,
1.0123398029e+02,
1.0124627494e+02,
1.0125760522e+02,
1.0126798986e+02,
1.0127745226e+02,
1.0128602045e+02,
1.0129372691e+02,
1.0130060836e+02,
1.0130670535e+02,
1.0131206191e+02,
1.0131672506e+02,
1.0132074424e+02,
1.0132417081e+02,
1.0132705734e+02,
1.0132945699e+02,
1.0133142284e+02,
1.0133300714e+02,
1.0133426067e+02,
1.0133523201e+02,
1.0133596698e+02,
1.0133650797e+02,
1.0133689356e+02,
1.0133715807e+02,
1.0133733129e+02,
1.0133743841e+02,
1.0133750000e+02,
1.0133753215e+02,
1.0133754683e+02,
1.0133755235e+02,
1.0133755384e+02,
1.0133755407e+02,
1.0133755409e+02,
1.0133755452e+02,
1.0133755744e+02,
1.0133756816e+02,
1.0133759676e+02,
1.0133765934e+02,
1.0133777917e+02,
1.0133798751e+02,
1.0133832415e+02,
1.0133883752e+02,
1.0133958451e+02,
1.0134062976e+02,
1.0134204456e+02,
1.0134390529e+02,
1.0134629136e+02,
1.0134928285e+02,
1.0135295779e+02,
1.0135738920e+02,
1.0136264217e+02,
1.0136877092e+02,
1.0137581621e+02,
1.0138380315e+02,
1.0139273964e+02,
1.0140261536e+02,
1.0141340170e+02,
1.0142505223e+02,
1.0143750392e+02,
1.0145067896e+02,
1.0146448689e+02,
1.0147882712e+02,
1.0149359149e+02,
1.0150866684e+02,
1.0152393753e+02,
1.0153928775e+02,
1.0155460373e+02,
1.0156977567e+02,
1.0158469957e+02,
1.0159927881e+02,
1.0161342552e+02,
1.0162706169e+02,
1.0164012001e+02,
1.0165254443e+02,
1.0166429032e+02,
1.0167532443e+02,
1.0168562447e+02,
1.0169517851e+02,
1.0170398417e+02,
1.0171204769e+02,
1.0171938290e+02,
1.0172601022e+02,
1.0173195566e+02,
1.0173724982e+02,
1.0174192709e+02,
1.0174602476e+02,
1.0174958235e+02,
1.0175264095e+02,
1.0175524261e+02,
1.0175742977e+02,
1.0175924481e+02,
1.0176072948e+02,
1.0176192449e+02,
1.0176286903e+02,
1.0176360034e+02,
1.0176415334e+02,
1.0176456020e+02,
1.0176485008e+02,
1.0176504888e+02,
1.0176517905e+02,
1.0176525955e+02,
1.0176530582e+02,
1.0176532997e+02,
1.0176534101e+02,
1.0176534515e+02,
1.0176534627e+02,
1.0176534644e+02,
1.0176534646e+02,
1.0176534680e+02,
1.0176534912e+02,
1.0176535765e+02,
1.0176538039e+02,
1.0176543015e+02,
1.0176552542e+02,
1.0176569105e+02,
1.0176595859e+02,
1.0176636643e+02,
1.0176695952e+02,
1.0176778871e+02,
1.0176890975e+02,
1.0177038178e+02,
1.0177226546e+02,
1.0177462067e+02,
1.0177750393e+02,
1.0178096554e+02,
1.0178504669e+02,
1.0178977651e+02,
1.0179516955e+02,
1.0180122355e+02,
1.0180791797e+02,
1.0181521332e+02,
1.0182305145e+02,
1.0183135689e+02,
1.0184003925e+02,
1.0184899642e+02,
1.0185811867e+02,
1.0186729310e+02,
1.0187640820e+02,
1.0188535832e+02,
1.0189404746e+02,
1.0190239238e+02,
1.0191032471e+02,
1.0191779203e+02,
1.0192475796e+02,
1.0193120142e+02,
1.0193711519e+02,
1.0194250397e+02,
1.0194738228e+02,
1.0195177221e+02,
1.0195570132e+02,
1.0195920071e+02,
1.0196230337e+02,
1.0196504286e+02,
1.0196745227e+02,
1.0196956343e+02,
1.0197140641e+02,
1.0197300922e+02,
1.0197439763e+02,
1.0197559519e+02,
1.0197662325e+02,
1.0197750113e+02,
1.0197824623e+02,
1.0197887427e+02,
1.0197939943e+02,
1.0197983453e+02,
1.0198019119e+02,
1.0198047998e+02,
1.0198071051e+02,
1.0198089150e+02,
1.0198103091e+02,
1.0198113590e+02,
1.0198121292e+02,
1.0198126767e+02,
1.0198130516e+02,
1.0198132969e+02,
1.0198134484e+02,
1.0198135355e+02,
1.0198135809e+02,
1.0198136017e+02,
1.0198136095e+02,
1.0198136116e+02,
1.0198136119e+02,
1.0198136119e+02,
1.0198136126e+02,
1.0198136173e+02,
1.0198136343e+02,
1.0198136798e+02,
1.0198137792e+02,
1.0198139695e+02,
1.0198143000e+02,
1.0198148330e+02,
1.0198156437e+02,
1.0198168186e+02,
1.0198184530e+02,
1.0198206477e+02,
1.0198235035e+02,
1.0198271150e+02,
1.0198315633e+02,
1.0198369078e+02,
1.0198431791e+02,
1.0198503717e+02,
1.0198584394e+02,
1.0198672931e+02,
1.0198768027e+02,
1.0198868019e+02,
1.0198970969e+02,
1.0199074784e+02,
1.0199177348e+02,
1.0199276656e+02,
1.0199370939e+02,
1.0199458753e+02,
1.0199539049e+02,
1.0199611184e+02,
1.0199674913e+02,
1.0199730335e+02,
1.0199777835e+02,
1.0199818002e+02,
1.0199851560e+02,
1.0199879296e+02,
1.0199902009e+02,
1.0199920466e+02,
1.0199935371e+02,
1.0199947350e+02,
1.0199956944e+02,
1.0199964612e+02,
1.0199970737e+02,
1.0199975637e+02,
1.0199979569e+02,
1.0199982739e+02,
1.0199985312e+02,
1.0199987419e+02,
1.0199989162e+02,
1.0199990622e+02,
1.0199991863e+02,
1.0199992933e+02,
1.0199993869e+02,
1.0199994696e+02,
1.0199995433e+02,
1.0199996093e+02,
1.0199996683e+02,
1.0199997211e+02,
1.0199997682e+02,
1.0199998099e+02,
1.0199998465e+02,
1.0199998782e+02,
1.0199999054e+02,
1.0199999283e+02,
1.0199999472e+02,
1.0199999624e+02,
1.0199999744e+02,
1.0199999834e+02,
1.0199999900e+02,
1.0199999945e+02,
1.0200000000e+02,
1.0200000000e+02,
1.0200000000e+02,
1.0200000000e+02,
