0.0000000000e+00,
4.5682089933e-07,
1.4582630300e-05,
1.1028734970e-04,
4.6211225450e-04,
1.3999807780e-03,
3.4526478905e-03,
7.3843814158e-03,
1.4223665971e-02,
2.5283022368e-02,
4.2169349506e-02,
6.6784471042e-02,
1.0131573810e-01,
1.4821652951e-01,
2.1017624897e-01,
2.9007894901e-01,
3.9094912105e-01,
5.1588272294e-01,
6.6796154259e-01,
8.5014994215e-01,
1.0651752155e+00,
1.3153962279e+00,
1.6026692040e+00,
1.9282234482e+00,
2.2925620276e+00,
2.6954017101e+00,
3.1356620544e+00,
3.6115059748e+00,
4.1204250175e+00,
4.6593545084e+00,
5.2247991547e+00,
5.8129501808e+00,
6.4197806444e+00,
7.0411145514e+00,
7.6726749537e+00,
8.3101232199e+00,
8.9491035994e+00,
9.5853030733e+00,
1.0214527634e+01,
1.0832786393e+01,
1.1436369245e+01,
1.2021905347e+01,
1.2586397203e+01,
1.3127233688e+01,
1.3642190186e+01,
1.4129423808e+01,
1.4587468336e+01,
1.5015229972e+01,
1.5411982741e+01,
1.5777361714e+01,
1.6111352541e+01,
1.6414276478e+01,
1.6686770699e+01,
1.6929764150e+01,
1.7144449427e+01,
1.7332251281e+01,
1.7494792346e+01,
1.7633856714e+01,
1.7751351983e+01,
1.7849270387e+01,
1.7929649714e+01,
1.7994534717e+01,
1.8045939799e+01,
1.8085813786e+01,
1.8116007641e+01,
1.8138245919e+01,
1.8154102789e+01,
1.8164983287e+01,
1.8172110403e+01,
1.8176518402e+01,
1.8179052619e+01,
1.8180375725e+01,
1.8180980267e+01,
1.8181207052e+01,
1.8181268743e+01,
1.8181277848e+01,
1.8181279095e+01,
1.8181308531e+01,
1.8181507964e+01,
1.8182241096e+01,
1.8184195320e+01,
1.8188471907e+01,
1.8196661371e+01,
1.8210900691e+01,
1.8233909245e+01,
1.8269000554e+01,
1.8320067291e+01,
1.8391537485e+01,
1.8488300601e+01,
1.8615603189e+01,
1.8778915098e+01,
1.8983768927e+01,
1.9235577211e+01,
1.9539433873e+01,
1.9899908419e+01,
2.0320843160e+01,
2.0805165038e+01,
2.1354724343e+01,
2.1970172116e+01,
2.2650886071e+01,
2.3394950859e+01,
2.4199192821e+01,
2.5059262891e+01,
2.5969756400e+01,
2.6924357551e+01,
2.7916000515e+01,
2.8937046416e+01,
2.9979480343e+01,
3.1035128637e+01,
3.2095883316e+01,
3.3153906639e+01,
3.4201788167e+01,
3.5232643670e+01,
3.6240168196e+01,
3.7218667385e+01,
3.8163085930e+01,
3.9069038181e+01,
3.9932834854e+01,
4.0751496649e+01,
4.1522748841e+01,
4.2244996299e+01,
4.2917282688e+01,
4.3539239646e+01,
4.4111031592e+01,
4.4633300509e+01,
4.5107113253e+01,
4.5533912426e+01,
4.5915470714e+01,
4.6253847998e+01,
4.6551350308e+01,
4.6810489724e+01,
4.7033944494e+01,
4.7224518884e+01,
4.7385102497e+01,
4.7518629073e+01,
4.7628035004e+01,
4.7716218007e+01,
4.7785996634e+01,
4.7840071467e+01,
4.7880988962e+01,
4.7911109041e+01,
4.7932577525e+01,
4.7947304471e+01,
4.7956949353e+01,
4.7962913838e+01,
4.7966342653e+01,
4.7968132754e+01,
4.7968950655e+01,
4.7969257476e+01,
4.7969340938e+01,
4.7969353257e+01,
4.7969354427e+01,
4.7969378268e+01,
4.7969539796e+01,
4.7970133587e+01,
4.7971716381e+01,
4.7975180114e+01,
4.7981812915e+01,
4.7993345345e+01,
4.8011979269e+01,
4.8040396954e+01,
4.8081748230e+01,
4.8139613944e+01,
4.8217944559e+01,
4.8320973602e+01,
4.8453106796e+01,
4.8618789133e+01,
4.8822353774e+01,
4.9067858328e+01,
4.9358915665e+01,
4.9698527610e+01,
5.0088930525e+01,
5.0531461684e+01,
5.1026454565e+01,
5.1573169821e+01,
5.2169767222e+01,
5.2813322385e+01,
5.3499890610e+01,
5.4224617658e+01,
5.4981892775e+01,
5.5765532334e+01,
5.6568975417e+01,
5.7385470104e+01,
5.8208234889e+01,
5.9030592154e+01,
5.9846082763e+01,
6.0648575094e+01,
6.1432376410e+01,
6.2192344135e+01,
6.2923986024e+01,
6.3623535526e+01,
6.4287991865e+01,
6.4915120933e+01,
6.5503420013e+01,
6.6052054476e+01,
6.6560776986e+01,
6.7029839671e+01,
6.7459907857e+01,
6.7851981304e+01,
6.8207326170e+01,
6.8527418595e+01,
6.8813899260e+01,
6.9068537231e+01,
6.9293201079e+01,
6.9489835211e+01,
6.9660439566e+01,
6.9807051217e+01,
6.9931726709e+01,
7.0036524381e+01,
7.0123486205e+01,
7.0194618957e+01,
7.0251874809e+01,
7.0297131620e+01,
7.0332173406e+01,
7.0358671608e+01,
7.0378167881e+01,
7.0392059189e+01,
7.0401585981e+01,
7.0407824168e+01,
7.0411681508e+01,
7.0413898843e+01,
7.0415056417e+01,
7.0415585306e+01,
7.0415783708e+01,
7.0415837678e+01,
7.0415845644e+01,
7.0415846353e+01,
7.0415860307e+01,
7.0415954853e+01,
7.0416302409e+01,
7.0417228836e+01,
7.0419256152e+01,
7.0423138137e+01,
7.0429887172e+01,
7.0440790655e+01,
7.0457415450e+01,
7.0481598898e+01,
7.0515425175e+01,
7.0561186157e+01,
7.0621326521e+01,
7.0698373663e+01,
7.0794853994e+01,
7.0913198433e+01,
7.1055641147e+01,
7.1224116772e+01,
7.1420162215e+01,
7.1644829449e+01,
7.1898615399e+01,
7.2181413873e+01,
7.2492492730e+01,
7.2830497343e+01,
7.3193479437e+01,
7.3578948976e+01,
7.3983946430e+01,
7.4405133092e+01,
7.4838897527e+01,
7.5281475329e+01,
7.5729076326e+01,
7.6178008800e+01,
7.6624786745e+01,
7.7066207031e+01,
7.7499390106e+01,
7.7921787841e+01,
7.8331170279e+01,
7.8725605321e+01,
7.9103441776e+01,
7.9463299873e+01,
7.9804067924e+01,
8.0124901074e+01,
8.0425217951e+01,
8.0704692496e+01,
8.0963240049e+01,
8.1200998284e+01,
8.1418304445e+01,
8.1615670631e+01,
8.1793758732e+01,
8.1953356250e+01,
8.2095353798e+01,
8.2220724657e+01,
8.2330506420e+01,
8.2425784556e+01,
8.2507677534e+01,
8.2577323158e+01,
8.2635865713e+01,
8.2684443644e+01,
8.2724177532e+01,
8.2756158276e+01,
8.2781435516e+01,
8.2801006422e+01,
8.2815805111e+01,
8.2826693008e+01,
8.2834450559e+01,
8.2839770663e+01,
8.2843254247e+01,
8.2845408280e+01,
8.2846646487e+01,
8.2847292900e+01,
8.2847588242e+01,
8.2847699033e+01,
8.2847729171e+01,
8.2847733619e+01,
8.2847734012e+01,
8.2847741724e+01,
8.2847793972e+01,
8.2847986041e+01,
8.2848498008e+01,
8.2849618352e+01,
8.2851763626e+01,
8.2855493280e+01,
8.2861518716e+01,
8.2870705715e+01,
8.2884069403e+01,
8.2902761065e+01,
8.2928046300e+01,
8.2961274310e+01,
8.3003838519e+01,
8.3057129280e+01,
8.3122480036e+01,
8.3201109021e+01,
8.3294059240e+01,
8.3402140128e+01,
8.3525874639e+01,
8.3665455677e+01,
8.3820715544e+01,
8.3991111382e+01,
8.4175728552e+01,
8.4373302443e+01,
8.4582257643e+01,
8.4800761806e+01,
8.5026790313e+01,
8.5258197006e+01,
8.5492786137e+01,
8.5728381130e+01,
8.5962886608e+01,
8.6194341280e+01,
8.6420960276e+01,
8.6641166328e+01,
8.6853609801e+01,
8.7057177951e+01,
8.7250994222e+01,
8.7434408825e+01,
8.7606982302e+01,
8.7768464139e+01,
8.7918768602e+01,
8.8057949833e+01,
8.8186177855e+01,
8.8303716628e+01,
8.8410904771e+01,
8.8508139160e+01,
8.8595861305e+01,
8.8674546214e+01,
8.8744693383e+01,
8.8806819547e+01,
8.8861452798e+01,
8.8909127753e+01,
8.8950381466e+01,
8.8985749825e+01,
8.9015764205e+01,
8.9040948214e+01,
8.9061814397e+01,
8.9078860803e+01,
8.9092567416e+01,
8.9103392443e+01,
8.9111768565e+01,
8.9118099252e+01,
8.9122755318e+01,
8.9126071887e+01,
8.9128345975e+01,
8.9129834860e+01,
8.9130755423e+01,
8.9131284569e+01,
8.9131560805e+01,
8.9131687013e+01,
8.9131734358e+01,
8.9131747236e+01,
8.9131749137e+01,
8.9131749308e+01,
8.9131752684e+01,
8.9131775555e+01,
8.9131859632e+01,
8.9132083739e+01,
8.9132574144e+01,
8.9133513140e+01,
8.9135145477e+01,
8.9137782195e+01,
8.9141801452e+01,
8.9147645933e+01,
8.9155816475e+01,
8.9166861668e+01,
8.9181363294e+01,
8.9199917744e+01,
8.9223113794e+01,
8.9251507496e+01,
8.9285595282e+01,
8.9325786740e+01,
8.9372378777e+01,
8.9425533036e+01,
8.9485258393e+01,
8.9551400123e+01,
8.9623636901e+01,
8.9701486220e+01,
8.9784318126e+01,
8.9871376514e+01,
8.9961806609e+01,
9.0054686793e+01,
9.0149062641e+01,
9.0243980942e+01,
9.0338521549e+01,
9.0431825205e+01,
9.0523115913e+01,
9.0611716969e+01,
9.0697060372e+01,
9.0778689909e+01,
9.0856258711e+01,
9.0929522378e+01,
9.0998328997e+01,
9.1062607317e+01,
9.1122354247e+01,
9.1177622598e+01,
9.1228509732e+01,
9.1275147517e+01,
9.1317693771e+01,
9.1356325198e+01,
9.1391231722e+01,
9.1422612044e+01,
9.1450670220e+01,
9.1475613076e+01,
9.1497648264e+01,
9.1516982807e+01,
9.1533821978e+01,
9.1548368423e+01,
9.1560821393e+01,
9.1571376043e+01,
9.1580222707e+01,
9.1587546114e+01,
9.1593524527e+01,
9.1598328777e+01,
9.1602121215e+01,
9.1605054614e+01,
9.1607271050e+01,
9.1608900838e+01,
9.1610061575e+01,
9.1610857376e+01,
9.1611378364e+01,
9.1611700470e+01,
9.1611885613e+01,
9.1611982264e+01,
9.1612026423e+01,
9.1612042988e+01,
9.1612047494e+01,
9.1612048159e+01,
9.1612048220e+01,
9.1612049451e+01,
9.1612057789e+01,
9.1612088440e+01,
9.1612170141e+01,
9.1612348920e+01,
9.1612691220e+01,
9.1613286226e+01,
9.1614247226e+01,
9.1615711841e+01,
9.1617840973e+01,
9.1620816303e+01,
9.1624836257e+01,
9.1630110370e+01,
9.1636852113e+01,
9.1645270337e+01,
9.1655559639e+01,
9.1667890119e+01,
9.1682397100e+01,
9.1699171526e+01,
9.1718251742e+01,
9.1739617374e+01,
9.1763185854e+01,
9.1788811971e+01,
9.1816290570e+01,
9.1845362261e+01,
9.1875721809e+01,
9.1907028676e+01,
9.1938919157e+01,
9.1971019484e+01,
9.2002959319e+01,
9.2034385023e+01,
9.2064972077e+01,
9.2094435948e+01,
9.2122540657e+01,
9.2149104351e+01,
9.2174001379e+01,
9.2197160720e+01,
9.2218561084e+01,
9.2238223432e+01,
9.2256201968e+01,
9.2272574730e+01,
9.2287434791e+01,
9.2300882746e+01,
9.2313020870e+01,
9.2323948991e+01,
9.2333761904e+01,
9.2342548054e+01,
9.2350389151e+01,
9.2357360409e+01,
9.2363531156e+01,
9.2368965616e+01,
9.2373723722e+01,
9.2377861871e+01,
9.2381433566e+01,
9.2384489916e+01,
9.2387079992e+01,
9.2389251036e+01,
9.2391048546e+01,
9.2392516247e+01,
9.2393695963e+01,
9.2394627427e+01,
9.2395348042e+01,
9.2395892619e+01,
9.2396293108e+01,
9.2396578365e+01,
9.2396773951e+01,
9.2396902002e+01,
9.2396981173e+01,
9.2397026681e+01,
9.2397050438e+01,
9.2397061292e+01,
9.2397065364e+01,
9.2397066471e+01,
9.2397066635e+01,
9.2397066650e+01,
9.2397066969e+01,
9.2397069125e+01,
9.2397077052e+01,
9.2397098180e+01,
9.2397144413e+01,
9.2397232934e+01,
9.2397386808e+01,
9.2397635335e+01,
9.2398014114e+01,
9.2398564777e+01,
9.2399334353e+01,
9.2400374256e+01,
9.2401738877e+01,
9.2403483819e+01,
9.2405663843e+01,
9.2408330620e+01,
9.2411530456e+01,
9.2415302144e+01,
9.2419675154e+01,
9.2424668308e+01,
9.2430289068e+01,
9.2436533488e+01,
9.2443386769e+01,
9.2450824303e+01,
9.2458813014e+01,
9.2467312800e+01,
9.2476277888e+01,
9.2485657977e+01,
9.2495399139e+01,
9.2505444470e+01,
9.2515734583e+01,
9.2526208024e+01,
9.2536801695e+01,
9.2547451370e+01,
9.2558092318e+01,
9.2568660064e+01,
9.2579091259e+01,
9.2589324622e+01,
9.2599301914e+01,
9.2608968888e+01,
9.2618276161e+01,
9.2627179969e+01,
9.2635642765e+01,
9.2643633642e+01,
9.2651128568e+01,
9.2658110446e+01,
9.2664569003e+01,
9.2670500535e+01,
9.2675907536e+01,
9.2680798232e+01,
9.2685186053e+01,
9.2689089055e+01,
9.2692529323e+01,
9.2695532353e+01,
9.2698126435e+01,
9.2700342038e+01,
9.2702211200e+01,
9.2703766928e+01,
9.2705042617e+01,
9.2706071479e+01,
9.2706886005e+01,
9.2707517457e+01,
9.2707995401e+01,
9.2708347298e+01,
9.2708598154e+01,
9.2708770255e+01,
9.2708882974e+01,
9.2708952684e+01,
9.2708992759e+01,
9.2709013682e+01,
9.2709023242e+01,
9.2709026828e+01,
9.2709027803e+01,
9.2709027947e+01,
9.2709027962e+01,
9.2709028258e+01,
9.2709030269e+01,
9.2709037658e+01,
9.2709057355e+01,
9.2709100460e+01,
9.2709183005e+01,
9.2709326530e+01,
9.2709558449e+01,
9.2709912170e+01,
9.2710426946e+01,
9.2711147442e+01,
9.2712122993e+01,
9.2713406555e+01,
9.2715053354e+01,
9.2717119250e+01,
9.2719658847e+01,
9.2722723417e+01,
9.2726358687e+01,
9.2730602590e+01,
9.2735483088e+01,
9.2741016155e+01,
9.2747204076e+01,
9.2754034159e+01,
9.2761477978e+01,
9.2769491263e+01,
9.2778014482e+01,
9.2786974174e+01,
9.2796284995e+01,
9.2805852416e+01,
9.2815575929e+01,
9.2825352574e+01,
9.2835080568e+01,
9.2844662777e+01,
9.2854009815e+01,
9.2863042565e+01,
9.2871694008e+01,
9.2879910281e+01,
9.2887650989e+01,
9.2894888847e+01,
9.2901608767e+01,
9.2907806542e+01,
9.2913487283e+01,
9.2918663743e+01,
9.2923354650e+01,
9.2927583153e+01,
9.2931375425e+01,
9.2934759472e+01,
9.2937764156e+01,
9.2940418430e+01,
9.2942750760e+01,
9.2944788728e+01,
9.2946558759e+01,
9.2948085980e+01,
9.2949394144e+01,
9.2950505629e+01,
9.2951441465e+01,
9.2952221384e+01,
9.2952863877e+01,
9.2953386238e+01,
9.2953804603e+01,
9.2954133967e+01,
9.2954388182e+01,
9.2954579948e+01,
9.2954720784e+01,
9.2954820997e+01,
9.2954889660e+01,
9.2954934592e+01,
9.2954962364e+01,
9.2954978325e+01,
9.2954986656e+01,
9.2954990462e+01,
9.2954991890e+01,
9.2954992279e+01,
9.2954992336e+01,
9.2954992342e+01,
9.2954992467e+01,
9.2954993318e+01,
9.2954996444e+01,
9.2955004776e+01,
9.2955023007e+01,
9.2955057904e+01,
9.2955118535e+01,
9.2955216386e+01,
9.2955365337e+01,
9.2955581481e+01,
9.2955882759e+01,
9.2956288384e+01,
9.2956818055e+01,
9.2957490958e+01,
9.2958324600e+01,
9.2959333505e+01,
9.2960527891e+01,
9.2961912408e+01,
9.2963485092e+01,
9.2965236651e+01,
9.2967150220e+01,
9.2969201658e+01,
9.2971360426e+01,
9.2973591018e+01,
9.2975854827e+01,
9.2978112284e+01,
9.2980325064e+01,
9.2982458145e+01,
9.2984481502e+01,
9.2986371315e+01,
9.2988110598e+01,
9.2989689265e+01,
9.2991103691e+01,
9.2992355899e+01,
9.2993452500e+01,
9.2994403537e+01,
9.2995221336e+01,
9.2995919470e+01,
9.2996511894e+01,
9.2997012277e+01,
9.2997433550e+01,
9.2997787609e+01,
9.2998085172e+01,
9.2998335709e+01,
9.2998547443e+01,
9.2998727397e+01,
9.2998881475e+01,
9.2999014565e+01,
9.2999130655e+01,
9.2999232948e+01,
9.2999323968e+01,
9.2999405658e+01,
9.2999479478e+01,
9.2999546491e+01,
9.2999607451e+01,
9.2999662884e+01,
9.2999713151e+01,
9.2999758509e+01,
9.2999799156e+01,
9.2999835261e+01,
9.2999866995e+01,
9.2999894542e+01,
9.2999918111e+01,
9.2999937943e+01,
9.2999954308e+01,
9.2999967502e+01,
9.2999977849e+01,
9.2999985690e+01,
9.2999991379e+01,
9.2999995277e+01,
9.2999997744e+01,
9.2999999132e+01,
9.3000000000e+01,
9.3000000000e+01,
