0.0000000000e+00,
1.1964679913e-08,
3.8193643004e-07,
2.8885538796e-06,
1.2103211350e-05,
3.6666616270e-05,
9.0425621630e-05,
1.9339049029e-04,
3.7247837446e-04,
6.6201555085e-04,
1.1039785907e-03,
1.7479628477e-03,
2.6508750527e-03,
3.8763550236e-03,
5.4939391510e-03,
7.5779850668e-03,
1.0206382492e-02,
1.3459079555e-02,
1.7416456898e-02,
2.2157583798e-02,
2.7758391703e-02,
3.4289801317e-02,
4.1815840280e-02,
5.0391789801e-02,
6.0062400609e-02,
7.0860221310e-02,
8.2804085195e-02,
9.5897804330e-02,
1.1012912135e-01,
1.2546896891e-01,
1.4187108345e-01,
1.5927201283e-01,
1.7759154670e-01,
1.9673358415e-01,
2.1658743592e-01,
2.3702953962e-01,
2.5792554763e-01,
2.7913272961e-01,
3.0050261718e-01,
3.2188380737e-01,
3.4312483614e-01,
3.6407703182e-01,
3.8459726275e-01,
4.0455050083e-01,
4.2381213396e-01,
4.4226997312e-01,
4.5982591384e-01,
4.7639722555e-01,
4.9191745530e-01,
5.0633694411e-01,
5.1962296429e-01,
5.3175949440e-01,
5.4274665544e-01,
5.5259983744e-01,
5.6134854977e-01,
5.6903503224e-01,
5.7571266686e-01,
5.8144423234e-01,
5.8630004556e-01,
5.9035603551e-01,
5.9369179612e-01,
5.9638866475e-01,
5.9852787218e-01,
6.0018880874e-01,
6.0144744813e-01,
6.0237496698e-01,
6.0303659282e-01,
6.0349070738e-01,
6.0378822476e-01,
6.0397225642e-01,
6.0407806635e-01,
6.0413331158e-01,
6.0415855424e-01,
6.0416802374e-01,
6.0417059968e-01,
6.0417097989e-01,
6.0417103193e-01,
6.0417226105e-01,
6.0418058851e-01,
6.0421120124e-01,
6.0429280430e-01,
6.0447139449e-01,
6.0481343099e-01,
6.0540828195e-01,
6.0636984431e-01,
6.0783725439e-01,
6.0997463006e-01,
6.1296980937e-01,
6.1703207640e-01,
6.2238889124e-01,
6.2928166754e-01,
6.3796066663e-01,
6.4867910338e-01,
6.6168658389e-01,
6.7722202208e-01,
6.9550621020e-01,
7.1673424973e-01,
7.4106808251e-01,
7.6862939674e-01,
7.9949321255e-01,
8.3368247289e-01,
8.7116396711e-01,
9.1184589084e-01,
9.5557728882e-01,
1.0021495380e+00,
1.0512999086e+00,
1.1027171040e+00,
1.1560485391e+00,
1.2109089948e+00,
1.2668901891e+00,
1.3235707613e+00,
1.3805261649e+00,
1.4373380121e+00,
1.4936025007e+00,
1.5489376615e+00,
1.6029892813e+00,
1.6554354663e+00,
1.7059899005e+00,
1.7544039202e+00,
1.8004675642e+00,
1.8440097735e+00,
1.8848979088e+00,
1.9230367344e+00,
1.9583669896e+00,
1.9908636423e+00,
2.0205338873e+00,
2.0474149354e+00,
2.0715716164e+00,
2.0930938116e+00,
2.1120937253e+00,
2.1287030027e+00,
2.1430697068e+00,
2.1553551724e+00,
2.1657307618e+00,
2.1743745602e+00,
2.1814680534e+00,
2.1871928447e+00,
2.1917274720e+00,
2.1952443964e+00,
2.1979072325e+00,
2.1998682961e+00,
2.2012665381e+00,
2.2022259293e+00,
2.2028543473e+00,
2.2032430063e+00,
2.2034664491e+00,
2.2035831071e+00,
2.2036364093e+00,
2.2036564048e+00,
2.2036618440e+00,
2.2036626469e+00,
2.2036627231e+00,
2.2036642768e+00,
2.2036748037e+00,
2.2037135013e+00,
2.2038166544e+00,
2.2040423985e+00,
2.2044747107e+00,
2.2052264592e+00,
2.2064413608e+00,
2.2082947145e+00,
2.2109927985e+00,
2.2147708516e+00,
2.2198895928e+00,
2.2266302829e+00,
2.2352883866e+00,
2.2461659673e+00,
2.2595630173e+00,
2.2757680108e+00,
2.2950480421e+00,
2.3176389780e+00,
2.3437360944e+00,
2.3734856829e+00,
2.4069780827e+00,
2.4442425261e+00,
2.4852440744e+00,
2.5298827814e+00,
2.5779950614e+00,
2.6293570879e+00,
2.6836899190e+00,
2.7406659654e+00,
2.7999163852e+00,
2.8610390223e+00,
2.9236065744e+00,
2.9871747733e+00,
3.0512904561e+00,
3.1154994715e+00,
3.1793543928e+00,
3.2424219915e+00,
3.3042903704e+00,
3.3645755854e+00,
3.4229275335e+00,
3.4790348607e+00,
3.5326286737e+00,
3.5834849174e+00,
3.6314253838e+00,
3.6763174383e+00,
3.7180726381e+00,
3.7566444838e+00,
3.7920255557e+00,
3.8242442702e+00,
3.8533614427e+00,
3.8794667882e+00,
3.9026754355e+00,
3.9231244880e+00,
3.9409696340e+00,
3.9563817926e+00,
3.9695437815e+00,
3.9806469934e+00,
3.9898880845e+00,
3.9974656887e+00,
4.0035771893e+00,
4.0084155946e+00,
4.0121665743e+00,
4.0150057257e+00,
4.0170961418e+00,
4.0185863553e+00,
4.0196087280e+00,
4.0202783454e+00,
4.0206924634e+00,
4.0209305352e+00,
4.0210548288e+00,
4.0211116192e+00,
4.0211329232e+00,
4.0211387184e+00,
4.0211395738e+00,
4.0211396499e+00,
4.0211411484e+00,
4.0211513006e+00,
4.0211886210e+00,
4.0212881023e+00,
4.0215058088e+00,
4.0219227200e+00,
4.0226476610e+00,
4.0238191674e+00,
4.0256061500e+00,
4.0282072425e+00,
4.0318487438e+00,
4.0367811004e+00,
4.0432739240e+00,
4.0516095977e+00,
4.0620755975e+00,
4.0749557407e+00,
4.0905206617e+00,
4.1090179055e+00,
4.1306621117e+00,
4.1556258143e+00,
4.1840314082e+00,
4.2159448028e+00,
4.2513711939e+00,
4.2902532380e+00,
4.3324717060e+00,
4.3778484642e+00,
4.4261514148e+00,
4.4771008670e+00,
4.5303767521e+00,
4.5856261483e+00,
4.6424707260e+00,
4.7005139164e+00,
4.7593477792e+00,
4.8185596509e+00,
4.8777386816e+00,
4.9364823063e+00,
4.9944026073e+00,
5.0511324216e+00,
5.1063309832e+00,
5.1596888657e+00,
5.2109320197e+00,
5.2598247569e+00,
5.3061716148e+00,
5.3498181137e+00,
5.3906504912e+00,
5.4285945460e+00,
5.4636137561e+00,
5.4957068416e+00,
5.5249049347e+00,
5.5512685001e+00,
5.5748841185e+00,
5.5958612209e+00,
5.6143288272e+00,
5.6304323256e+00,
5.6443303060e+00,
5.6561914523e+00,
5.6661914935e+00,
5.6745102144e+00,
5.6813285333e+00,
5.6868256643e+00,
5.6911763924e+00,
5.6945485031e+00,
5.6971004162e+00,
5.6989790829e+00,
5.7003182087e+00,
5.7012368606e+00,
5.7018385155e+00,
5.7022105911e+00,
5.7024244893e+00,
5.7025361610e+00,
5.7025871842e+00,
5.7026063246e+00,
5.7026115313e+00,
5.7026122998e+00,
5.7026123677e+00,
5.7026137000e+00,
5.7026227266e+00,
5.7026559090e+00,
5.7027443596e+00,
5.7029379249e+00,
5.7033085990e+00,
5.7039531217e+00,
5.7049946193e+00,
5.7065831647e+00,
5.7088951433e+00,
5.7121313391e+00,
5.7165136798e+00,
5.7222806255e+00,
5.7296812346e+00,
5.7389680057e+00,
5.7503886660e+00,
5.7641771584e+00,
5.7805441566e+00,
5.7996675142e+00,
5.8216831108e+00,
5.8466765970e+00,
5.8746765460e+00,
5.9056494884e+00,
5.9394972376e+00,
5.9760568032e+00,
6.0151030382e+00,
6.0563539975e+00,
6.0994787905e+00,
6.1441075339e+00,
6.1898428472e+00,
6.2362722233e+00,
6.2829805501e+00,
6.3295620716e+00,
6.3756311551e+00,
6.4208313641e+00,
6.4648425045e+00,
6.5073854937e+00,
6.5482250787e+00,
6.5871705757e+00,
6.6240749137e+00,
6.6588323290e+00,
6.6913750836e+00,
6.7216695634e+00,
6.7497120790e+00,
6.7755246308e+00,
6.7991508408e+00,
6.8206521913e+00,
6.8401046526e+00,
6.8575957343e+00,
6.8732219588e+00,
6.8870867258e+00,
6.8992985212e+00,
6.9099694090e+00,
6.9192137478e+00,
6.9271470678e+00,
6.9338850552e+00,
6.9395425969e+00,
6.9442328503e+00,
6.9480663137e+00,
6.9511498884e+00,
6.9535859330e+00,
6.9554713277e+00,
6.9568965709e+00,
6.9579449445e+00,
6.9586917864e+00,
6.9592039122e+00,
6.9595392256e+00,
6.9597465528e+00,
6.9598657277e+00,
6.9599279427e+00,
6.9599563681e+00,
6.9599670312e+00,
6.9599699319e+00,
6.9599703600e+00,
6.9599703984e+00,
6.9599711587e+00,
6.9599763100e+00,
6.9599952462e+00,
6.9600457212e+00,
6.9601561746e+00,
6.9603676675e+00,
6.9607353351e+00,
6.9613292607e+00,
6.9622346800e+00,
6.9635514274e+00,
6.9653925476e+00,
6.9678820178e+00,
6.9711515547e+00,
6.9753365337e+00,
6.9805711014e+00,
6.9869826424e+00,
6.9946858334e+00,
7.0037765987e+00,
7.0143263414e+00,
7.0263768611e+00,
7.0399363719e+00,
7.0549769874e+00,
7.0714339523e+00,
7.0892067660e+00,
7.1081621857e+00,
7.1281389274e+00,
7.1489537277e+00,
7.1704083101e+00,
7.1922967350e+00,
7.2144126047e+00,
7.2365556509e+00,
7.2585373340e+00,
7.2801852141e+00,
7.3013459955e+00,
7.3218872724e+00,
7.3416981096e+00,
7.3606886566e+00,
7.3787890308e+00,
7.3959477020e+00,
7.4121295955e+00,
7.4273140881e+00,
7.4414930346e+00,
7.4546689170e+00,
7.4668531725e+00,
7.4780647267e+00,
7.4883287343e+00,
7.4976755167e+00,
7.5061396733e+00,
7.5137593424e+00,
7.5205755818e+00,
7.5266318423e+00,
7.5319735097e+00,
7.5366474905e+00,
7.5407018235e+00,
7.5441852988e+00,
7.5471470734e+00,
7.5496362722e+00,
7.5517015719e+00,
7.5533907645e+00,
7.5547503059e+00,
7.5558248557e+00,
7.5566568207e+00,
7.5572859167e+00,
7.5577487645e+00,
7.5580785410e+00,
7.5583047012e+00,
7.5584527903e+00,
7.5585443596e+00,
7.5585969965e+00,
7.5586244760e+00,
7.5586370311e+00,
7.5586417409e+00,
7.5586430221e+00,
7.5586432112e+00,
7.5586432287e+00,
7.5586435786e+00,
7.5586459493e+00,
7.5586546643e+00,
7.5586778945e+00,
7.5587287289e+00,
7.5588260672e+00,
7.5589952899e+00,
7.5592686658e+00,
7.5596854560e+00,
7.5602916744e+00,
7.5611394748e+00,
7.5622861394e+00,
7.5637926631e+00,
7.5657219465e+00,
7.5681366383e+00,
7.5710967020e+00,
7.5746568125e+00,
7.5788637218e+00,
7.5837537540e+00,
7.5893506044e+00,
7.5956636059e+00,
7.6026866039e+00,
7.6103975363e+00,
7.6187587559e+00,
7.6277180740e+00,
7.6372104397e+00,
7.6471601233e+00,
7.6574832423e+00,
7.6680904559e+00,
7.6788896642e+00,
7.6897885732e+00,
7.7006970150e+00,
7.7115289530e+00,
7.7222041304e+00,
7.7326493499e+00,
7.7427993928e+00,
7.7525975993e+00,
7.7619961431e+00,
7.7709560372e+00,
7.7794469114e+00,
7.7874466046e+00,
7.7949406136e+00,
7.8019214399e+00,
7.8083878723e+00,
7.8143442411e+00,
7.8197996737e+00,
7.8247673763e+00,
7.8292639602e+00,
7.8333088253e+00,
7.8369236069e+00,
7.8401316887e+00,
7.8429577766e+00,
7.8454275297e+00,
7.8475672379e+00,
7.8494035368e+00,
7.8509631501e+00,
7.8522726499e+00,
7.8533582271e+00,
7.8542454663e+00,
7.8549591223e+00,
7.8555228973e+00,
7.8559592231e+00,
7.8562890512e+00,
7.8565316602e+00,
7.8567044881e+00,
7.8568229987e+00,
7.8569005928e+00,
7.8569485697e+00,
7.8569761475e+00,
7.8569905444e+00,
7.8569971222e+00,
7.8569995897e+00,
7.8570002610e+00,
7.8570003600e+00,
7.8570003695e+00,
7.8570005623e+00,
7.8570018691e+00,
7.8570066727e+00,
7.8570194769e+00,
7.8570474955e+00,
7.8571011434e+00,
7.8571944023e+00,
7.8573450392e+00,
7.8575746504e+00,
7.8579085092e+00,
7.8583751940e+00,
7.8590059830e+00,
7.8598340059e+00,
7.8608931591e+00,
7.8622168051e+00,
7.8638362969e+00,
7.8657793907e+00,
7.8680686281e+00,
7.8707197897e+00,
7.8737405296e+00,
7.8771293038e+00,
7.8808746940e+00,
7.8849552061e+00,
7.8893395922e+00,
7.8939877003e+00,
7.8988518160e+00,
7.9038784147e+00,
7.9090102098e+00,
7.9141883562e+00,
7.9193546589e+00,
7.9244536409e+00,
7.9294343437e+00,
7.9342517651e+00,
7.9388678733e+00,
7.9432521790e+00,
7.9473818845e+00,
7.9512416546e+00,
7.9548230837e+00,
7.9581239377e+00,
7.9611472561e+00,
7.9639003911e+00,
7.9663940524e+00,
7.9686414061e+00,
7.9706572673e+00,
7.9724574051e+00,
7.9740579704e+00,
7.9754750451e+00,
7.9767243033e+00,
7.9778207735e+00,
7.9787786849e+00,
7.9796113836e+00,
7.9803313013e+00,
7.9809499651e+00,
7.9814780330e+00,
7.9819253471e+00,
7.9823009947e+00,
7.9826133693e+00,
7.9828702290e+00,
7.9830787453e+00,
7.9832455429e+00,
7.9833767273e+00,
7.9834779026e+00,
7.9835541786e+00,
7.9836101718e+00,
7.9836500017e+00,
7.9836772857e+00,
7.9836951374e+00,
7.9837061704e+00,
7.9837125106e+00,
7.9837158200e+00,
7.9837173319e+00,
7.9837178990e+00,
7.9837180533e+00,
7.9837180761e+00,
7.9837180783e+00,
7.9837181252e+00,
7.9837184431e+00,
7.9837196117e+00,
7.9837227262e+00,
7.9837295406e+00,
7.9837425839e+00,
7.9837652447e+00,
7.9838018126e+00,
7.9838574683e+00,
7.9839382129e+00,
7.9840507244e+00,
7.9842021372e+00,
7.9843997387e+00,
7.9846505870e+00,
7.9849610638e+00,
7.9853363824e+00,
7.9857800888e+00,
7.9862935971e+00,
7.9868758126e+00,
7.9875228920e+00,
7.9882281850e+00,
7.9889823870e+00,
7.9897739088e+00,
7.9905894441e+00,
7.9914146883e+00,
7.9922351418e+00,
7.9930369184e+00,
7.9938074781e+00,
7.9945362166e+00,
7.9952148639e+00,
7.9958376718e+00,
7.9964013973e+00,
7.9969051112e+00,
7.9973498766e+00,
7.9977383500e+00,
7.9980743537e+00,
7.9983624641e+00,
7.9986076457e+00,
7.9988149498e+00,
7.9989892854e+00,
7.9991352579e+00,
7.9992570688e+00,
7.9993584639e+00,
7.9994427203e+00,
7.9995126603e+00,
7.9995706838e+00,
7.9996188115e+00,
7.9996587317e+00,
7.9996918465e+00,
7.9997193155e+00,
7.9997420940e+00,
7.9997609677e+00,
7.9997765825e+00,
7.9997894705e+00,
7.9998000712e+00,
7.9998087498e+00,
7.9998158113e+00,
7.9998215124e+00,
7.9998260709e+00,
7.9998296724e+00,
7.9998324772e+00,
7.9998346237e+00,
7.9998362324e+00,
7.9998374081e+00,
7.9998382417e+00,
7.9998388115e+00,
7.9998391837e+00,
7.9998394136e+00,
7.9998395456e+00,
7.9998396144e+00,
7.9998396459e+00,
7.9998396577e+00,
7.9998396609e+00,
7.9998396614e+00,
7.9998396614e+00,
7.9998396625e+00,
7.9998396695e+00,
7.9998396953e+00,
7.9998397641e+00,
7.9998399147e+00,
7.9998402026e+00,
7.9998407020e+00,
7.9998415062e+00,
7.9998427259e+00,
7.9998444860e+00,
7.9998469204e+00,
7.9998501628e+00,
7.9998543364e+00,
7.9998595406e+00,
7.9998658365e+00,
7.9998732337e+00,
7.9998816790e+00,
7.9998910507e+00,
7.9999011591e+00,
7.9999117562e+00,
7.9999225527e+00,
7.9999332412e+00,
7.9999435234e+00,
7.9999531347e+00,
7.9999618662e+00,
7.9999695770e+00,
7.9999762005e+00,
7.9999817400e+00,
7.9999862597e+00,
7.9999898676e+00,
7.9999926969e+00,
7.9999948862e+00,
7.9999965665e+00,
7.9999978599e+00,
7.9999988991e+00,
8.0000000000e+00,
7.9999990885e+00,
7.9999987350e+00,
7.9999985331e+00,
7.9999984575e+00,
7.9999985057e+00,
7.9999986631e+00,
7.9999988946e+00,
7.9999991509e+00,
7.9999993821e+00,
7.9999995523e+00,
8.0000000000e+00,
8.0000000000e+00,
8.0000000000e+00,
8.0000000000e+00,
8.0000000000e+00,
8.0000000000e+00,
8.0000000000e+00,
8.0000000000e+00,
8.0000000000e+00,
8.0000000000e+00,
8.0000000000e+00,
8.0000000000e+00,
8.0000000000e+00,
8.0000000000e+00,
8.0000000000e+00,
8.0000000000e+00,
8.0000000000e+00,
8.0000000000e+00,
8.0000000000e+00,
8.0000000000e+00,
8.0000000000e+00,
8.0000000000e+00,
8.0000000000e+00,
8.0000000000e+00,
8.0000000000e+00,
8.0000000000e+00,
8.0000000000e+00,
8.0000000000e+00,
