0.0000000000e+00,
6.3841500264e-07,
2.0379489001e-05,
1.5412859800e-04,
6.4581088500e-04,
1.9565045850e-03,
4.8251753150e-03,
1.0319977369e-02,
1.9878458630e-02,
3.5335435440e-02,
5.8937734377e-02,
9.3345337041e-02,
1.4161859031e-01,
2.0719093203e-01,
2.9382595505e-01,
4.0555664793e-01,
5.4660359070e-01,
7.2126830730e-01,
9.3379866408e-01,
1.1882259338e+00,
1.4881782986e+00,
1.8366826680e+00,
2.2359741236e+00,
2.6873374558e+00,
3.1910052966e+00,
3.7461304483e+00,
4.3508365733e+00,
5.0023346301e+00,
5.6970776030e+00,
6.4309187672e+00,
7.1992425540e+00,
7.9970519298e+00,
8.8190176786e+00,
9.6595151488e+00,
1.0512683235e+01,
1.1372530919e+01,
1.2233089179e+01,
1.3088575006e+01,
1.3933522505e+01,
1.4762854663e+01,
1.5571903179e+01,
1.6356405339e+01,
1.7112504839e+01,
1.7836767602e+01,
1.8526209328e+01,
1.9178325484e+01,
1.9791115274e+01,
2.0363094736e+01,
2.0893297582e+01,
2.1381264624e+01,
2.1827023664e+01,
2.2231061815e+01,
2.2594292009e+01,
2.2918014983e+01,
2.3203877700e+01,
2.3453828882e+01,
2.3670072186e+01,
2.3855017491e+01,
2.4011230820e+01,
2.4141383476e+01,
2.4248201095e+01,
2.4334413441e+01,
2.4402705859e+01,
2.4455673436e+01,
2.4495778916e+01,
2.4525315478e+01,
2.4546375417e+01,
2.4560825654e+01,
2.4570290879e+01,
2.4576144882e+01,
2.4579510398e+01,
2.4581267515e+01,
2.4582070359e+01,
2.4582371534e+01,
2.4582453461e+01,
2.4582465553e+01,
2.4582467208e+01,
2.4582506300e+01,
2.4582771151e+01,
2.4583744763e+01,
2.4586339999e+01,
2.4592019322e+01,
2.4602894804e+01,
2.4621803913e+01,
2.4652356813e+01,
2.4698951201e+01,
2.4766751104e+01,
2.4861626765e+01,
2.4990053699e+01,
2.5158970477e+01,
2.5375596693e+01,
2.5647214985e+01,
2.5980923795e+01,
2.6383370465e+01,
2.6860477091e+01,
2.7417173642e+01,
2.8057153785e+01,
2.8782668155e+01,
2.9594367389e+01,
3.0491203767e+01,
3.1470397035e+01,
3.2527468348e+01,
3.3656346150e+01,
3.4849545757e+01,
3.6098415322e+01,
3.7393423658e+01,
3.8724450231e+01,
4.0081040960e+01,
4.1452619742e+01,
4.2828675831e+01,
4.4198956043e+01,
4.5553672853e+01,
4.6883712713e+01,
4.8180814014e+01,
4.9437688196e+01,
5.0648074002e+01,
5.1806732896e+01,
5.2909404857e+01,
5.3952745822e+01,
5.4934262854e+01,
5.5852255020e+01,
5.6705760772e+01,
5.7494508613e+01,
5.8218867194e+01,
5.8879792456e+01,
5.9478771477e+01,
6.0017764169e+01,
6.0499144489e+01,
6.0925642547e+01,
6.1300288402e+01,
6.1626357692e+01,
6.1907318832e+01,
6.2146781299e+01,
6.2348444583e+01,
6.2516047491e+01,
6.2653317804e+01,
6.2763922539e+01,
6.2851419403e+01,
6.2919210289e+01,
6.2970497918e+01,
6.3008246894e+01,
6.3035150513e+01,
6.3053604665e+01,
6.3065690021e+01,
6.3073163509e+01,
6.3077459737e+01,
6.3079702672e+01,
6.3080727468e+01,
6.3081111902e+01,
6.3081216477e+01,
6.3081231912e+01,
6.3081233377e+01,
6.3081263249e+01,
6.3081465637e+01,
6.3082209629e+01,
6.3084192789e+01,
6.3088532631e+01,
6.3096842968e+01,
6.3111291654e+01,
6.3134636357e+01,
6.3170235215e+01,
6.3222029481e+01,
6.3294495778e+01,
6.3392566300e+01,
6.3521516436e+01,
6.3686820747e+01,
6.3893980135e+01,
6.4148325212e+01,
6.4454803225e+01,
6.4817758105e+01,
6.5240715024e+01,
6.5726181839e+01,
6.6275479797e+01,
6.6888614663e+01,
6.7564197296e+01,
6.8299420129e+01,
6.9090093634e+01,
6.9930744979e+01,
7.0814779264e+01,
7.1734700687e+01,
7.2682385493e+01,
7.3649390330e+01,
7.4627270600e+01,
7.5607876889e+01,
7.6583597367e+01,
7.7547521925e+01,
7.8493518669e+01,
7.9416231216e+01,
8.0311020611e+01,
8.1173883927e+01,
8.2001380345e+01,
8.2790585447e+01,
8.3539079302e+01,
8.4244959099e+01,
8.4906858121e+01,
8.5523952645e+01,
8.6095945870e+01,
8.6623028422e+01,
8.7105823065e+01,
8.7545324021e+01,
8.7942839367e+01,
8.8299940939e+01,
8.8618422464e+01,
8.8900264369e+01,
8.9147603009e+01,
8.9362702164e+01,
8.9547925283e+01,
8.9705707503e+01,
8.9838526981e+01,
8.9948875429e+01,
9.0039228011e+01,
9.0112012957e+01,
9.0169581440e+01,
9.0214178386e+01,
9.0247915041e+01,
9.0272744174e+01,
9.0290438877e+01,
9.0302575839e+01,
9.0310523954e+01,
9.0315438924e+01,
9.0318264328e+01,
9.0319739381e+01,
9.0320413330e+01,
9.0320666150e+01,
9.0320734923e+01,
9.0320745073e+01,
9.0320745977e+01,
9.0320763759e+01,
9.0320884237e+01,
9.0321327123e+01,
9.0322507666e+01,
9.0325091116e+01,
9.0330038191e+01,
9.0338639506e+01,
9.0352536981e+01,
9.0373730393e+01,
9.0404567403e+01,
9.0447715686e+01,
9.0506116243e+01,
9.0582917623e+01,
9.0681391634e+01,
9.0804832204e+01,
9.0956440250e+01,
9.1139198662e+01,
9.1355742636e+01,
9.1608231432e+01,
9.1898228067e+01,
9.2226593387e+01,
9.2593400576e+01,
9.2997875502e+01,
9.3438367711e+01,
9.3912356331e+01,
9.4416494437e+01,
9.4946694058e+01,
9.5498251438e+01,
9.6066008158e+01,
9.6644538768e+01,
9.7228350876e+01,
9.7812080571e+01,
9.8390666018e+01,
9.8959485270e+01,
9.9514450256e+01,
1.0005205590e+02,
1.0056938971e+02,
1.0106411123e+02,
1.0153441248e+02,
1.0197896899e+02,
1.0239688881e+02,
1.0278766340e+02,
1.0315112193e+02,
1.0348738889e+02,
1.0379684439e+02,
1.0408008687e+02,
1.0433789809e+02,
1.0457121107e+02,
1.0478108123e+02,
1.0496866117e+02,
1.0513517900e+02,
1.0528191998e+02,
1.0541021086e+02,
1.0552140636e+02,
1.0561687700e+02,
1.0569799774e+02,
1.0576613695e+02,
1.0582264527e+02,
1.0586884436e+02,
1.0590601516e+02,
1.0593538618e+02,
1.0595812171e+02,
1.0597531050e+02,
1.0598795533e+02,
1.0599696389e+02,
1.0600314155e+02,
1.0600718650e+02,
1.0600968757e+02,
1.0601112525e+02,
1.0601187579e+02,
1.0601221871e+02,
1.0601234734e+02,
1.0601238234e+02,
1.0601238750e+02,
1.0601238796e+02,
1.0601239691e+02,
1.0601245758e+02,
1.0601268058e+02,
1.0601327501e+02,
1.0601457580e+02,
1.0601706656e+02,
1.0602139674e+02,
1.0602839204e+02,
1.0603905705e+02,
1.0605456910e+02,
1.0607626252e+02,
1.0610560269e+02,
1.0614414962e+02,
1.0619351150e+02,
1.0625528909e+02,
1.0633101287e+02,
1.0642207567e+02,
1.0652966419e+02,
1.0665469377e+02,
1.0679775066e+02,
1.0695904639e+02,
1.0713838779e+02,
1.0733516531e+02,
1.0754836052e+02,
1.0777657227e+02,
1.0801805919e+02,
1.0827079539e+02,
1.0853253571e+02,
1.0880088675e+02,
1.0907338035e+02,
1.0934754651e+02,
1.0962098265e+02,
1.0989141636e+02,
1.1015675858e+02,
1.1041514506e+02,
1.1066496424e+02,
1.1090487135e+02,
1.1113378955e+02,
1.1135090018e+02,
1.1155562471e+02,
1.1174760140e+02,
1.1192665925e+02,
1.1209279158e+02,
1.1224613068e+02,
1.1238692459e+02,
1.1251551634e+02,
1.1263232601e+02,
1.1273783512e+02,
1.1283257356e+02,
1.1291710839e+02,
1.1299203446e+02,
1.1305796651e+02,
1.1311553242e+02,
1.1316536737e+02,
1.1320810867e+02,
1.1324439097e+02,
1.1327484174e+02,
1.1330007676e+02,
1.1332069556e+02,
1.1333727676e+02,
1.1335037334e+02,
1.1336050791e+02,
1.1336816808e+02,
1.1337380219e+02,
1.1337781555e+02,
1.1338056747e+02,
1.1338236923e+02,
1.1338348325e+02,
1.1338412360e+02,
1.1338445789e+02,
1.1338461062e+02,
1.1338466791e+02,
1.1338468350e+02,
1.1338468580e+02,
1.1338468601e+02,
1.1338469009e+02,
1.1338471777e+02,
1.1338481952e+02,
1.1338509072e+02,
1.1338568419e+02,
1.1338682054e+02,
1.1338879598e+02,
1.1339198695e+02,
1.1339685120e+02,
1.1340392467e+02,
1.1341381384e+02,
1.1342718327e+02,
1.1344473807e+02,
1.1346720158e+02,
1.1349528854e+02,
1.1352967481e+02,
1.1357096478e+02,
1.1361965825e+02,
1.1367611886e+02,
1.1374054629e+02,
1.1381295449e+02,
1.1389315803e+02,
1.1398076825e+02,
1.1407519999e+02,
1.1417568919e+02,
1.1428132049e+02,
1.1439106309e+02,
1.1450381218e+02,
1.1461843271e+02,
1.1473380185e+02,
1.1484884670e+02,
1.1496257462e+02,
1.1507409468e+02,
1.1518263019e+02,
1.1528752321e+02,
1.1538823310e+02,
1.1548433089e+02,
1.1557549139e+02,
1.1566148419e+02,
1.1574216430e+02,
1.1581746287e+02,
1.1588737797e+02,
1.1595196564e+02,
1.1601133119e+02,
1.1606562091e+02,
1.1611501430e+02,
1.1615971699e+02,
1.1619995444e+02,
1.1623596647e+02,
1.1626800267e+02,
1.1629631862e+02,
1.1632117280e+02,
1.1634282420e+02,
1.1636153031e+02,
1.1637754559e+02,
1.1639112001e+02,
1.1640249790e+02,
1.1641191663e+02,
1.1641960542e+02,
1.1642578402e+02,
1.1643066126e+02,
1.1643443367e+02,
1.1643728401e+02,
1.1643937990e+02,
1.1644087258e+02,
1.1644189595e+02,
1.1644256592e+02,
1.1644298013e+02,
1.1644321822e+02,
1.1644334251e+02,
1.1644339929e+02,
1.1644342060e+02,
1.1644342639e+02,
1.1644342725e+02,
1.1644342732e+02,
1.1644342891e+02,
1.1644343963e+02,
1.1644347905e+02,
1.1644358411e+02,
1.1644381401e+02,
1.1644425419e+02,
1.1644501933e+02,
1.1644625512e+02,
1.1644813850e+02,
1.1645087636e+02,
1.1645470228e+02,
1.1645987129e+02,
1.1646665265e+02,
1.1647532051e+02,
1.1648614288e+02,
1.1649936907e+02,
1.1651521645e+02,
1.1653385708e+02,
1.1655540523e+02,
1.1657990690e+02,
1.1660733213e+02,
1.1663757117e+02,
1.1667043495e+02,
1.1670566020e+02,
1.1674291894e+02,
1.1678183183e+02,
1.1682198421e+02,
1.1686294369e+02,
1.1690427772e+02,
1.1694556985e+02,
1.1698643357e+02,
1.1702652276e+02,
1.1706553857e+02,
1.1710323266e+02,
1.1713940722e+02,
1.1717391242e+02,
1.1720664207e+02,
1.1723752820e+02,
1.1726653526e+02,
1.1729365450e+02,
1.1731889873e+02,
1.1734229783e+02,
1.1736389500e+02,
1.1738374365e+02,
1.1740190507e+02,
1.1741844647e+02,
1.1743343961e+02,
1.1744695965e+02,
1.1745908432e+02,
1.1746989326e+02,
1.1747946742e+02,
1.1748788867e+02,
1.1749523933e+02,
1.1750160181e+02,
1.1750705824e+02,
1.1751169002e+02,
1.1751557742e+02,
1.1751879910e+02,
1.1752143155e+02,
1.1752354862e+02,
1.1752522086e+02,
1.1752651494e+02,
1.1752749310e+02,
1.1752821256e+02,
1.1752872507e+02,
1.1752907649e+02,
1.1752930658e+02,
1.1752944885e+02,
1.1752953062e+02,
1.1752957331e+02,
1.1752959282e+02,
1.1752960014e+02,
1.1752960213e+02,
1.1752960242e+02,
1.1752960245e+02,
1.1752960302e+02,
1.1752960689e+02,
1.1752962114e+02,
1.1752965911e+02,
1.1752974219e+02,
1.1752990126e+02,
1.1753017779e+02,
1.1753062445e+02,
1.1753130526e+02,
1.1753229512e+02,
1.1753367873e+02,
1.1753554875e+02,
1.1753800328e+02,
1.1754114270e+02,
1.1754506579e+02,
1.1754986547e+02,
1.1755562421e+02,
1.1756240946e+02,
1.1757026932e+02,
1.1757922889e+02,
1.1758928742e+02,
1.1760041670e+02,
1.1761256071e+02,
1.1762563663e+02,
1.1763953714e+02,
1.1765413392e+02,
1.1766928201e+02,
1.1768482486e+02,
1.1770059969e+02,
1.1771644291e+02,
1.1773219529e+02,
1.1774770669e+02,
1.1776284002e+02,
1.1777747445e+02,
1.1779150760e+02,
1.1780485678e+02,
1.1781745932e+02,
1.1782927197e+02,
1.1784026967e+02,
1.1785044375e+02,
1.1785979971e+02,
1.1786835491e+02,
1.1787613618e+02,
1.1788317753e+02,
1.1788951810e+02,
1.1789520032e+02,
1.1790026836e+02,
1.1790476696e+02,
1.1790874039e+02,
1.1791223183e+02,
1.1791528284e+02,
1.1791793307e+02,
1.1792022014e+02,
1.1792217952e+02,
1.1792384464e+02,
1.1792524688e+02,
1.1792641570e+02,
1.1792737872e+02,
1.1792816179e+02,
1.1792878903e+02,
1.1792928288e+02,
1.1792966408e+02,
1.1792995165e+02,
1.1793016286e+02,
1.1793031315e+02,
1.1793041613e+02,
1.1793048352e+02,
1.1793052518e+02,
1.1793054911e+02,
1.1793056161e+02,
1.1793056732e+02,
1.1793056946e+02,
1.1793057004e+02,
1.1793057013e+02,
1.1793057014e+02,
1.1793057031e+02,
1.1793057151e+02,
1.1793057593e+02,
1.1793058769e+02,
1.1793061342e+02,
1.1793066267e+02,
1.1793074826e+02,
1.1793088640e+02,
1.1793109672e+02,
1.1793140201e+02,
1.1793182772e+02,
1.1793240119e+02,
1.1793315061e+02,
1.1793410361e+02,
1.1793528577e+02,
1.1793671874e+02,
1.1793841853e+02,
1.1794039368e+02,
1.1794264384e+02,
1.1794515870e+02,
1.1794791750e+02,
1.1795088932e+02,
1.1795403405e+02,
1.1795730412e+02,
1.1796064686e+02,
1.1796400725e+02,
1.1796733083e+02,
1.1797056649e+02,
1.1797366890e+02,
1.1797660038e+02,
1.1797933204e+02,
1.1798184423e+02,
1.1798412626e+02,
1.1798617564e+02,
1.1798799686e+02,
1.1798959999e+02,
1.1799099914e+02,
1.1799221110e+02,
1.1799325409e+02,
1.1799414666e+02,
1.1799490696e+02,
1.1799555214e+02,
1.1799609796e+02,
1.1799655865e+02,
1.1799694680e+02,
1.1799727339e+02,
1.1799754790e+02,
1.1799777846e+02,
1.1799797192e+02,
1.1799813411e+02,
1.1799826989e+02,
1.1799838337e+02,
1.1799847798e+02,
1.1799855660e+02,
1.1799862165e+02,
1.1799867519e+02,
1.1799871894e+02,
1.1799875440e+02,
1.1799878284e+02,
1.1799880536e+02,
1.1799882294e+02,
1.1799883641e+02,
1.1799884652e+02,
1.1799885391e+02,
1.1799885916e+02,
1.1799886275e+02,
1.1799886509e+02,
1.1799886654e+02,
1.1799886737e+02,
1.1799886780e+02,
1.1799886800e+02,
1.1799886808e+02,
1.1799886810e+02,
1.1799886810e+02,
1.1799886810e+02,
1.1799886811e+02,
1.1799886815e+02,
1.1799886831e+02,
1.1799886875e+02,
1.1799886970e+02,
1.1799887151e+02,
1.1799887466e+02,
1.1799887973e+02,
1.1799888743e+02,
1.1799889855e+02,
1.1799891396e+02,
1.1799893451e+02,
1.1799896104e+02,
1.1799899424e+02,
1.1799903458e+02,
1.1799908223e+02,
1.1799913700e+02,
1.1799919828e+02,
1.1799926501e+02,
1.1799933577e+02,
1.1799940879e+02,
1.1799948216e+02,
1.1799955391e+02,
1.1799962223e+02,
1.1799968557e+02,
1.1799974278e+02,
1.1799979312e+02,
1.1799983634e+02,
1.1799987255e+02,
1.1799990220e+02,
1.1799992597e+02,
1.1799994463e+02,
1.1799995902e+02,
1.1799996992e+02,
1.1799997807e+02,
1.1799998409e+02,
1.1799998848e+02,
1.1799999167e+02,
1.1799999396e+02,
1.1799999559e+02,
1.1799999674e+02,
1.1799999755e+02,
1.1799999815e+02,
1.1799999862e+02,
1.1799999902e+02,
1.1799999937e+02,
1.1799999956e+02,
1.1799999942e+02,
1.1799999928e+02,
1.1799999923e+02,
1.1799999928e+02,
1.1799999939e+02,
1.1799999953e+02,
1.1800000000e+02,
1.1800000000e+02,
1.1800000000e+02,
1.1800000000e+02,
1.1800000000e+02,
1.1800000000e+02,
1.1800000000e+02,
1.1800000000e+02,
1.1800000000e+02,
1.1800000000e+02,
1.1800000000e+02,
1.1800000000e+02,
1.1800000000e+02,
1.1800000000e+02,
1.1800000000e+02,
1.1800000000e+02,
1.1800000000e+02,
1.1800000000e+02,
1.1800000000e+02,
1.1800000000e+02,
1.1800000000e+02,
