0.0000000000e+00,
3.4360259349e-07,
1.0968476104e-05,
8.2953756603e-05,
3.4758224740e-04,
1.0530075700e-03,
2.5969298916e-03,
5.5541707900e-03,
1.0698226786e-02,
1.9016104607e-02,
3.1715978851e-02,
5.0227433184e-02,
7.6194208413e-02,
1.1145943958e-01,
1.5804328300e-01,
2.1811260473e-01,
2.9394206950e-01,
3.8786565116e-01,
5.0221747691e-01,
6.3926125719e-01,
8.0110855925e-01,
9.8962794366e-01,
1.2063493574e+00,
1.4523707285e+00,
1.7282757416e+00,
2.0340725183e+00,
2.3691617584e+00,
2.7323396799e+00,
3.1218362705e+00,
3.5353839872e+00,
3.9703074566e+00,
4.4236221573e+00,
4.8921302062e+00,
5.3725041081e+00,
5.8613538351e+00,
6.3552775393e+00,
6.8509002180e+00,
7.3449067011e+00,
7.8340750253e+00,
8.3153139074e+00,
8.7857045848e+00,
9.2425440684e+00,
9.6833850535e+00,
1.0106067922e+01,
1.0508742113e+01,
1.0889876614e+01,
1.1248261275e+01,
1.1583001540e+01,
1.1893508957e+01,
1.2179489071e+01,
1.2440927457e+01,
1.2678074017e+01,
1.2891425385e+01,
1.3081705230e+01,
1.3249842322e+01,
1.3396946391e+01,
1.3524281933e+01,
1.3633240268e+01,
1.3725310230e+01,
1.3802047964e+01,
1.3865046397e+01,
1.3915904958e+01,
1.3956200227e+01,
1.3987458167e+01,
1.4011128639e+01,
1.4028562874e+01,
1.4040994531e+01,
1.4049524889e+01,
1.4055112639e+01,
1.4058568591e+01,
1.4060555472e+01,
1.4061592818e+01,
1.4062066793e+01,
1.4062244599e+01,
1.4062292966e+01,
1.4062300105e+01,
1.4062301082e+01,
1.4062324161e+01,
1.4062480521e+01,
1.4063055315e+01,
1.4064587479e+01,
1.4067940450e+01,
1.4074361281e+01,
1.4085525566e+01,
1.4103565746e+01,
1.4131080564e+01,
1.4171123742e+01,
1.4227170334e+01,
1.4303059834e+01,
1.4402915912e+01,
1.4531043714e+01,
1.4691806918e+01,
1.4889488151e+01,
1.5128137716e+01,
1.5411416822e+01,
1.5742442325e+01,
1.6123640504e+01,
1.6556617495e+01,
1.7042053982e+01,
1.7579631575e+01,
1.8167997778e+01,
1.8804775070e+01,
1.9486616527e+01,
2.0209305564e+01,
2.0967891225e+01,
2.1756845107e+01,
2.2570223499e+01,
2.3401820471e+01,
2.4245304147e+01,
2.5094336829e+01,
2.5942686042e+01,
2.6784334253e+01,
2.7613589292e+01,
2.8425188535e+01,
2.9214383957e+01,
2.9976996652e+01,
3.0709437805e+01,
3.1408702538e+01,
3.2072348015e+01,
3.2698466057e+01,
3.3285655929e+01,
3.3832998479e+01,
3.4340030350e+01,
3.4806716537e+01,
3.5233420328e+01,
3.5620870551e+01,
3.5970126722e+01,
3.6282542908e+01,
3.6559731067e+01,
3.6803524346e+01,
3.7015940623e+01,
3.7199146307e+01,
3.7355420359e+01,
3.7487118450e+01,
3.7596637247e+01,
3.7686378951e+01,
3.7758716361e+01,
3.7815958921e+01,
3.7860320364e+01,
3.7893888695e+01,
3.7918599349e+01,
3.7936212407e+01,
3.7948294711e+01,
3.7956207623e+01,
3.7961101059e+01,
3.7963914165e+01,
3.7965382821e+01,
3.7966053853e+01,
3.7966305579e+01,
3.7966374054e+01,
3.7966384161e+01,
3.7966385120e+01,
3.7966404680e+01,
3.7966537204e+01,
3.7967024369e+01,
3.7968322945e+01,
3.7971164709e+01,
3.7976606498e+01,
3.7986068155e+01,
3.8001356257e+01,
3.8024671633e+01,
3.8058598915e+01,
3.8106076687e+01,
3.8170347257e+01,
3.8254885804e+01,
3.8363309520e+01,
3.8499268547e+01,
3.8666321834e+01,
3.8867802485e+01,
3.9106678616e+01,
3.9385416994e+01,
3.9705857631e+01,
4.0069107781e+01,
4.0475463296e+01,
4.0924363830e+01,
4.1414385869e+01,
4.1943274132e+01,
4.2508007929e+01,
4.3104895242e+01,
4.3729684542e+01,
4.4377683755e+01,
4.5043877752e+01,
4.5723040132e+01,
4.6409840413e+01,
4.7098951526e+01,
4.7785162373e+01,
4.8463495013e+01,
4.9129317969e+01,
4.9778441024e+01,
5.0407177610e+01,
5.1012369195e+01,
5.1591377262e+01,
5.2142055925e+01,
5.2662718706e+01,
5.3152108059e+01,
5.3609370083e+01,
5.4034032605e+01,
5.4425983463e+01,
5.4785446390e+01,
5.5112953389e+01,
5.5409313818e+01,
5.5675581230e+01,
5.5913019327e+01,
5.6123068245e+01,
5.6307312054e+01,
5.6467447977e+01,
5.6605257440e+01,
5.6722578861e+01,
5.6821281882e+01,
5.6903242774e+01,
5.6970320751e+01,
5.7024335098e+01,
5.7067043142e+01,
5.7100119287e+01,
5.7125135497e+01,
5.7143543746e+01,
5.7156661025e+01,
5.7165657551e+01,
5.7171548767e+01,
5.7175191657e+01,
5.7177285752e+01,
5.7178378998e+01,
5.7178878498e+01,
5.7179065876e+01,
5.7179116847e+01,
5.7179124370e+01,
5.7179125039e+01,
5.7179138219e+01,
5.7179227511e+01,
5.7179555755e+01,
5.7180430710e+01,
5.7182345403e+01,
5.7186011790e+01,
5.7192386173e+01,
5.7202684856e+01,
5.7218388610e+01,
5.7241234610e+01,
5.7273194712e+01,
5.7316439246e+01,
5.7373285957e+01,
5.7446134369e+01,
5.7537386656e+01,
5.7649357050e+01,
5.7784172899e+01,
5.7943671576e+01,
5.8129298456e+01,
5.8342012028e+01,
5.8582202711e+01,
5.8849632006e+01,
5.9143398134e+01,
5.9461933057e+01,
5.9803033891e+01,
6.0163928992e+01,
6.0541375869e+01,
6.0931784677e+01,
6.1331358063e+01,
6.1736236119e+01,
6.2142634609e+01,
6.2546965821e+01,
6.2945934088e+01,
6.3336601820e+01,
6.3716425907e+01,
6.4083267840e+01,
6.4435383238e+01,
6.4771397382e+01,
6.5090272977e+01,
6.5391275080e+01,
6.5673936478e+01,
6.5938025240e+01,
6.6183515002e+01,
6.6410557899e+01,
6.6619459852e+01,
6.6810657956e+01,
6.6984699879e+01,
6.7142225269e+01,
6.7283949232e+01,
6.7410647837e+01,
6.7523145540e+01,
6.7622304280e+01,
6.7709013956e+01,
6.7784183899e+01,
6.7848735007e+01,
6.7903592212e+01,
6.7949677007e+01,
6.7987899866e+01,
6.8019152449e+01,
6.8044299605e+01,
6.8064171242e+01,
6.8079554254e+01,
6.8091184757e+01,
6.8099740913e+01,
6.8105836705e+01,
6.8110016986e+01,
6.8112754133e+01,
6.8114446581e+01,
6.8115419444e+01,
6.8115927328e+01,
6.8116159377e+01,
6.8116246425e+01,
6.8116270104e+01,
6.8116273599e+01,
6.8116273907e+01,
6.8116279967e+01,
6.8116321018e+01,
6.8116471924e+01,
6.8116874172e+01,
6.8117754410e+01,
6.8119439902e+01,
6.8122370143e+01,
6.8127103929e+01,
6.8134321167e+01,
6.8144818773e+01,
6.8159500093e+01,
6.8179357455e+01,
6.8205447697e+01,
6.8238860904e+01,
6.8280683024e+01,
6.8331953594e+01,
6.8393620375e+01,
6.8466493259e+01,
6.8551200238e+01,
6.8648148446e+01,
6.8757493228e+01,
6.8879117784e+01,
6.9012625168e+01,
6.9157343408e+01,
6.9312343336e+01,
6.9476467586e+01,
6.9648368358e+01,
6.9826551062e+01,
7.0009420936e+01,
7.0195330108e+01,
7.0382623081e+01,
7.0569679201e+01,
7.0754951001e+01,
7.0936997548e+01,
7.1114511986e+01,
7.1286342605e+01,
7.1451506943e+01,
7.1609198794e+01,
7.1758788426e+01,
7.1899816732e+01,
7.2031984391e+01,
7.2155137351e+01,
7.2269249967e+01,
7.2374407085e+01,
7.2470786149e+01,
7.2558640187e+01,
7.2638282256e+01,
7.2710071700e+01,
7.2774402364e+01,
7.2831692727e+01,
7.2882377828e+01,
7.2926902750e+01,
7.2965717407e+01,
7.2999272351e+01,
7.3028015325e+01,
7.3052388317e+01,
7.3072824896e+01,
7.3089747658e+01,
7.3103565672e+01,
7.3114671849e+01,
7.3123440219e+01,
7.3130223163e+01,
7.3135348677e+01,
7.3139117789e+01,
7.3141802271e+01,
7.3143642806e+01,
7.3144847773e+01,
7.3145592767e+01,
7.3146020985e+01,
7.3146244531e+01,
7.3146346665e+01,
7.3146384978e+01,
7.3146395401e+01,
7.3146396939e+01,
7.3146397077e+01,
7.3146399809e+01,
7.3146418317e+01,
7.3146486356e+01,
7.3146667713e+01,
7.3147064565e+01,
7.3147824417e+01,
7.3149145284e+01,
7.3151278754e+01,
7.3154530581e+01,
7.3159258455e+01,
7.3165866652e+01,
7.3174797313e+01,
7.3186518274e+01,
7.3201507510e+01,
7.3220234520e+01,
7.3243139302e+01,
7.3270609828e+01,
7.3302959289e+01,
7.3340404606e+01,
7.3383047848e+01,
7.3430862188e+01,
7.3483683837e+01,
7.3541211002e+01,
7.3603010370e+01,
7.3668530956e+01,
7.3737124472e+01,
7.3808070763e+01,
7.3880606397e+01,
7.3953954260e+01,
7.4027352044e+01,
7.4100077751e+01,
7.4171470772e+01,
7.4240947666e+01,
7.4308012284e+01,
7.4372260444e+01,
7.4433379727e+01,
7.4491145276e+01,
7.4545412591e+01,
7.4596108344e+01,
7.4643220168e+01,
7.4686786200e+01,
7.4726885021e+01,
7.4763626421e+01,
7.4797143269e+01,
7.4827584607e+01,
7.4855109984e+01,
7.4879884964e+01,
7.4902077683e+01,
7.4921856311e+01,
7.4939387257e+01,
7.4954833956e+01,
7.4968356103e+01,
7.4980109193e+01,
7.4990244252e+01,
7.4998907684e+01,
7.5006241127e+01,
7.5012381296e+01,
7.5017459735e+01,
7.5021602489e+01,
7.5024929666e+01,
7.5027554901e+01,
7.5029584754e+01,
7.5031118061e+01,
7.5032245301e+01,
7.5033048003e+01,
7.5033598279e+01,
7.5033958503e+01,
7.5034181206e+01,
7.5034309210e+01,
7.5034376031e+01,
7.5034406560e+01,
7.5034418012e+01,
7.5034421128e+01,
7.5034421588e+01,
7.5034421630e+01,
7.5034422481e+01,
7.5034428245e+01,
7.5034449436e+01,
7.5034505920e+01,
7.5034629517e+01,
7.5034866158e+01,
7.5035277479e+01,
7.5035941752e+01,
7.5036954012e+01,
7.5038425270e+01,
7.5040480712e+01,
7.5043256794e+01,
7.5046897213e+01,
7.5051547777e+01,
7.5057350331e+01,
7.5064435960e+01,
7.5072917843e+01,
7.5082884218e+01,
7.5094392005e+01,
7.5107461644e+01,
7.5122073680e+01,
7.5138167490e+01,
7.5155642380e+01,
7.5174361041e+01,
7.5194155109e+01,
7.5214832363e+01,
7.5236184931e+01,
7.5257997806e+01,
7.5280056990e+01,
7.5302156709e+01,
7.5324105269e+01,
7.5345729358e+01,
7.5366876754e+01,
7.5387417561e+01,
7.5407244208e+01,
7.5426270494e+01,
7.5444429984e+01,
7.5461674019e+01,
7.5477969570e+01,
7.5493297114e+01,
7.5507648638e+01,
7.5521025844e+01,
7.5533438581e+01,
7.5544903512e+01,
7.5555442993e+01,
7.5565084141e+01,
7.5573858064e+01,
7.5581799226e+01,
7.5588944903e+01,
7.5595334737e+01,
7.5601010327e+01,
7.5606014875e+01,
7.5610392848e+01,
7.5614189650e+01,
7.5617451287e+01,
7.5620224035e+01,
7.5622554074e+01,
7.5624487112e+01,
7.5626067990e+01,
7.5627340263e+01,
7.5628345780e+01,
7.5629124261e+01,
7.5629712894e+01,
7.5630145961e+01,
7.5630454513e+01,
7.5630666114e+01,
7.5630804669e+01,
7.5630890342e+01,
7.5630939589e+01,
7.5630965299e+01,
7.5630977046e+01,
7.5630981453e+01,
7.5630982651e+01,
7.5630982828e+01,
7.5630982845e+01,
7.5630983190e+01,
7.5630985523e+01,
7.5630994102e+01,
7.5631016968e+01,
7.5631067005e+01,
7.5631162816e+01,
7.5631329378e+01,
7.5631598443e+01,
7.5632008630e+01,
7.5632605178e+01,
7.5633439323e+01,
7.5634567273e+01,
7.5636048783e+01,
7.5637945323e+01,
7.5640317909e+01,
7.5643224649e+01,
7.5646718121e+01,
7.5650842741e+01,
7.5655632252e+01,
7.5661107549e+01,
7.5667274972e+01,
7.5674125222e+01,
7.5681632996e+01,
7.5689757363e+01,
7.5698442863e+01,
7.5707621254e+01,
7.5717213764e+01,
7.5727133704e+01,
7.5737289278e+01,
7.5747586423e+01,
7.5757931537e+01,
7.5768233989e+01,
7.5778408303e+01,
7.5788375968e+01,
7.5798066829e+01,
7.5807420051e+01,
7.5816384659e+01,
7.5824919698e+01,
7.5832994034e+01,
7.5840585879e+01,
7.5847682083e+01,
7.5854277266e+01,
7.5860372864e+01,
7.5865976124e+01,
7.5871099126e+01,
7.5875757845e+01,
7.5879971300e+01,
7.5883760796e+01,
7.5887149272e+01,
7.5890160758e+01,
7.5892819931e+01,
7.5895151755e+01,
7.5897181207e+01,
7.5898933057e+01,
7.5900431701e+01,
7.5901701019e+01,
7.5902764260e+01,
7.5903643932e+01,
7.5904361695e+01,
7.5904938251e+01,
7.5905393225e+01,
7.5905745046e+01,
7.5906010820e+01,
7.5906206217e+01,
7.5906345363e+01,
7.5906440753e+01,
7.5906503199e+01,
7.5906541805e+01,
7.5906563996e+01,
7.5906575579e+01,
7.5906580872e+01,
7.5906582857e+01,
7.5906583397e+01,
7.5906583477e+01,
7.5906583485e+01,
7.5906583649e+01,
7.5906584762e+01,
7.5906588853e+01,
7.5906599756e+01,
7.5906623615e+01,
7.5906669293e+01,
7.5906748686e+01,
7.5906876890e+01,
7.5907072224e+01,
7.5907356065e+01,
7.5907752474e+01,
7.5908287614e+01,
7.5908988918e+01,
7.5909884052e+01,
7.5910999659e+01,
7.5912359954e+01,
7.5913985235e+01,
7.5915890394e+01,
7.5918083549e+01,
7.5920564914e+01,
7.5923326023e+01,
7.5926349410e+01,
7.5929608810e+01,
7.5933069912e+01,
7.5936691624e+01,
7.5940427785e+01,
7.5944229177e+01,
7.5948045698e+01,
7.5951828516e+01,
7.5955532039e+01,
7.5959115560e+01,
7.5962544495e+01,
7.5965791140e+01,
7.5968834971e+01,
7.5971662511e+01,
7.5974266849e+01,
7.5976646893e+01,
7.5978806463e+01,
7.5980753310e+01,
7.5982498142e+01,
7.5984053713e+01,
7.5985434014e+01,
7.5986653602e+01,
7.5987727052e+01,
7.5988668548e+01,
7.5989491586e+01,
7.5990208787e+01,
7.5990831787e+01,
7.5991371195e+01,
7.5991836602e+01,
7.5992236624e+01,
7.5992578967e+01,
7.5992870507e+01,
7.5993117373e+01,
7.5993325033e+01,
7.5993498376e+01,
7.5993641784e+01,
7.5993759197e+01,
7.5993854172e+01,
7.5993929923e+01,
7.5993989362e+01,
7.5994035119e+01,
7.5994069567e+01,
7.5994094828e+01,
7.5994112783e+01,
7.5994125076e+01,
7.5994133117e+01,
7.5994138085e+01,
7.5994140939e+01,
7.5994142429e+01,
7.5994143109e+01,
7.5994143365e+01,
7.5994143434e+01,
7.5994143444e+01,
7.5994143446e+01,
7.5994143468e+01,
7.5994143620e+01,
7.5994144179e+01,
7.5994145669e+01,
7.5994148928e+01,
7.5994155165e+01,
7.5994165997e+01,
7.5994183466e+01,
7.5994210028e+01,
7.5994248508e+01,
7.5994302017e+01,
7.5994373824e+01,
7.5994467185e+01,
7.5994585124e+01,
7.5994730194e+01,
7.5994904207e+01,
7.5995107987e+01,
7.5995341151e+01,
7.5995601964e+01,
7.5995887292e+01,
7.5996192674e+01,
7.5996512521e+01,
7.5996840428e+01,
7.5997169573e+01,
7.5997493158e+01,
7.5997804852e+01,
7.5998099167e+01,
7.5998371754e+01,
7.5998619564e+01,
7.5998840888e+01,
7.5999035274e+01,
7.5999203353e+01,
7.5999346596e+01,
7.5999467068e+01,
7.5999567184e+01,
7.5999649507e+01,
7.5999716589e+01,
7.5999770845e+01,
7.5999814469e+01,
7.5999849386e+01,
7.5999877239e+01,
7.5999899410e+01,
7.5999917050e+01,
7.5999931110e+01,
7.5999942361e+01,
7.5999951414e+01,
7.5999958744e+01,
7.5999964723e+01,
7.5999969646e+01,
7.5999973752e+01,
7.5999977233e+01,
7.5999980237e+01,
7.5999982867e+01,
7.5999985195e+01,
7.5999987267e+01,
7.5999989114e+01,
7.5999990762e+01,
7.5999992228e+01,
7.5999993532e+01,
7.5999994685e+01,
7.5999995699e+01,
7.5999996581e+01,
7.5999997339e+01,
7.5999997979e+01,
7.5999998510e+01,
7.5999998939e+01,
7.5999999276e+01,
7.5999999532e+01,
7.6000000000e+01,
7.6000000000e+01,
7.6000000000e+01,
7.6000000000e+01,
7.6000000000e+01,
7.6000000000e+01,
