0.0000000000e+00,
3.1928799160e-08,
1.0192312008e-06,
7.7083626007e-06,
3.2298510000e-05,
9.7848293301e-05,
2.4130989340e-04,
5.1608476870e-04,
9.9401053680e-04,
1.7667071163e-03,
2.9462310651e-03,
4.6650092174e-03,
7.0750450077e-03,
1.0346411990e-02,
1.4665067737e-02,
2.0230036503e-02,
2.7250020028e-02,
3.5939502731e-02,
4.6514420766e-02,
5.9187465724e-02,
7.4163095067e-02,
9.1632325303e-02,
1.1176739274e-01,
1.3471638186e-01,
1.6059794325e-01,
1.8949624971e-01,
2.2145636736e-01,
2.5648024258e-01,
2.9452352012e-01,
3.3549340587e-01,
3.7924776674e-01,
4.2559561672e-01,
4.7429907568e-01,
5.2507680940e-01,
5.7760887445e-01,
6.3154280820e-01,
6.8650073190e-01,
7.4208718045e-01,
7.9789734186e-01,
8.5352538297e-01,
9.0857255533e-01,
9.6265481140e-01,
1.0154097106e+00,
1.0665024513e+00,
1.1156309217e+00,
1.1625297152e+00,
1.2069731020e+00,
1.2487769826e+00,
1.2877998764e+00,
1.3239430135e+00,
1.3571496093e+00,
1.3874034024e+00,
1.4147265386e+00,
1.4391768801e+00,
1.4608448194e+00,
1.4798496720e+00,
1.4963357265e+00,
1.5104680279e+00,
1.5224279747e+00,
1.5324088142e+00,
1.5406111233e+00,
1.5472383657e+00,
1.5524926208e+00,
1.5565705776e+00,
1.5596598868e+00,
1.5619359581e+00,
1.5635592818e+00,
1.5646733420e+00,
1.5654031729e+00,
1.5658545933e+00,
1.5661141320e+00,
1.5662496395e+00,
1.5663115551e+00,
1.5663347820e+00,
1.5663411003e+00,
1.5663420328e+00,
1.5663421605e+00,
1.5663451753e+00,
1.5663656009e+00,
1.5664406875e+00,
1.5666408405e+00,
1.5670788684e+00,
1.5679177361e+00,
1.5693765092e+00,
1.5717342068e+00,
1.5753313245e+00,
1.5805688306e+00,
1.5879044981e+00,
1.5978464967e+00,
1.6109442464e+00,
1.6277766253e+00,
1.6489377212e+00,
1.6750204373e+00,
1.7065983800e+00,
1.7442065964e+00,
1.7883218630e+00,
1.8393433534e+00,
1.8975746251e+00,
1.9632079200e+00,
2.0363117711e+00,
2.1168228007e+00,
2.2045423877e+00,
2.2991385593e+00,
2.4001530658e+00,
2.5070131651e+00,
2.6190472480e+00,
2.7355031439e+00,
2.8555678093e+00,
2.9783871479e+00,
3.1030849125e+00,
3.2287799649e+00,
3.3546015228e+00,
3.4797023550e+00,
3.6032701144e+00,
3.7245371098e+00,
3.8427888089e+00,
3.9573712644e+00,
4.0676975222e+00,
4.1732529415e+00,
4.2735992814e+00,
4.3683773936e+00,
4.4573084133e+00,
4.5401934243e+00,
4.6169116762e+00,
4.6874175128e+00,
4.7517362221e+00,
4.8099590347e+00,
4.8622374788e+00,
4.9087772683e+00,
4.9498318550e+00,
4.9856957408e+00,
5.0166976153e+00,
5.0431933687e+00,
5.0655590280e+00,
5.0841836700e+00,
5.0994623818e+00,
5.1117893561e+00,
5.1215512312e+00,
5.1291208026e+00,
5.1348512455e+00,
5.1390709970e+00,
5.1420794424e+00,
5.1441435416e+00,
5.1454955105e+00,
5.1463316445e+00,
5.1468123367e+00,
5.1470633009e+00,
5.1471779683e+00,
5.1472209840e+00,
5.1472326853e+00,
5.1472344124e+00,
5.1472345764e+00,
5.1472379189e+00,
5.1472605649e+00,
5.1473438138e+00,
5.1475657224e+00,
5.1480513517e+00,
5.1489813433e+00,
5.1505984603e+00,
5.1532117589e+00,
5.1571980901e+00,
5.1630006769e+00,
5.1711245714e+00,
5.1821288739e+00,
5.1966156986e+00,
5.2152159963e+00,
5.2385725019e+00,
5.2673202459e+00,
5.3020652623e+00,
5.3433623136e+00,
5.3916926281e+00,
5.4474427796e+00,
5.5108859109e+00,
5.5821664852e+00,
5.6612896090e+00,
5.7481157034e+00,
5.8423608917e+00,
5.9436029709e+00,
6.0512923104e+00,
6.1647665890e+00,
6.2832680558e+00,
6.4059620477e+00,
6.5319557878e+00,
6.6603169132e+00,
6.7900915697e+00,
6.9203221261e+00,
7.0500645576e+00,
7.1784053743e+00,
7.3044777250e+00,
7.4274761170e+00,
7.5466691163e+00,
7.6614094628e+00,
7.7711412144e+00,
7.8754037798e+00,
7.9738329452e+00,
8.0661592123e+00,
8.1522039078e+00,
8.2318735933e+00,
8.3051533112e+00,
8.3720991473e+00,
8.4328305126e+00,
8.4875224453e+00,
8.5363981342e+00,
8.5797217773e+00,
8.6177918143e+00,
8.6509345200e+00,
8.6794979113e+00,
8.7038459074e+00,
8.7243526828e+00,
8.7413971685e+00,
8.7553576804e+00,
8.7666066833e+00,
8.7755057319e+00,
8.7824006611e+00,
8.7876171248e+00,
8.7914566027e+00,
8.7941930054e+00,
8.7960700082e+00,
8.7972992328e+00,
8.7980593767e+00,
8.7984963551e+00,
8.7987244889e+00,
8.7988287233e+00,
8.7988678248e+00,
8.7988784614e+00,
8.7988800313e+00,
8.7988801710e+00,
8.7988829213e+00,
8.7989015547e+00,
8.7989700525e+00,
8.7991526386e+00,
8.7995522040e+00,
8.8003173440e+00,
8.8016476922e+00,
8.8037972532e+00,
8.8070754538e+00,
8.8118456624e+00,
8.8185209705e+00,
8.8275570949e+00,
8.8394423537e+00,
8.8546847888e+00,
8.8737966677e+00,
8.8972767723e+00,
8.9255910841e+00,
8.9591526719e+00,
8.9983017676e+00,
9.0432871520e+00,
9.0942500423e+00,
9.1512116457e+00,
9.2140654167e+00,
9.2825748076e+00,
9.3563769470e+00,
9.4349922473e+00,
9.5178394580e+00,
9.6042552187e+00,
9.6935167688e+00,
9.7848662137e+00,
9.8775346600e+00,
9.9707646419e+00,
1.0063829542e+01,
1.0156049128e+01,
1.0246800797e+01,
1.0335526600e+01,
1.0421736480e+01,
1.0505008463e+01,
1.0584986609e+01,
1.0661377569e+01,
1.0733946453e+01,
1.0802512542e+01,
1.0866945183e+01,
1.0927160035e+01,
1.0983115689e+01,
1.1034810585e+01,
1.1082280139e+01,
1.1125593947e+01,
1.1164852984e+01,
1.1200186748e+01,
1.1231750304e+01,
1.1259721229e+01,
1.1284296473e+01,
1.1305689143e+01,
1.1324125236e+01,
1.1339840317e+01,
1.1353076180e+01,
1.1364077481e+01,
1.1373088384e+01,
1.1380349244e+01,
1.1386093374e+01,
1.1390543948e+01,
1.1393911135e+01,
1.1396389508e+01,
1.1398155860e+01,
1.1399367474e+01,
1.1400160946e+01,
1.1400651625e+01,
1.1400933698e+01,
1.1401080961e+01,
1.1401148245e+01,
1.1401173485e+01,
1.1401180351e+01,
1.1401181365e+01,
1.1401181454e+01,
1.1401183211e+01,
1.1401195114e+01,
1.1401238872e+01,
1.1401355510e+01,
1.1401610758e+01,
1.1402099542e+01,
1.1402949394e+01,
1.1404322588e+01,
1.1406416814e+01,
1.1409464249e+01,
1.1413728880e+01,
1.1419501999e+01,
1.1427095840e+01,
1.1436835410e+01,
1.1449048652e+01,
1.1464055200e+01,
1.1482154102e+01,
1.1503610979e+01,
1.1528645226e+01,
1.1557417868e+01,
1.1590020786e+01,
1.1626467942e+01,
1.1666689271e+01,
1.1710527771e+01,
1.1757740271e+01,
1.1808002244e+01,
1.1860916841e+01,
1.1916028103e+01,
1.1972837890e+01,
1.2030825557e+01,
1.2089468831e+01,
1.2148263855e+01,
1.2206742221e+01,
1.2264483191e+01,
1.2321120148e+01,
1.2376341437e+01,
1.2429886795e+01,
1.2481541137e+01,
1.2531127540e+01,
1.2578500849e+01,
1.2623542717e+01,
1.2666158323e+01,
1.2706274560e+01,
1.2743839277e+01,
1.2778821113e+01,
1.2811209515e+01,
1.2841014668e+01,
1.2868267137e+01,
1.2893017174e+01,
1.2915333668e+01,
1.2935302774e+01,
1.2953026279e+01,
1.2968619762e+01,
1.2982210585e+01,
1.2993935776e+01,
1.3003939821e+01,
1.3012372405e+01,
1.3019386108e+01,
1.3025134111e+01,
1.3029767913e+01,
1.3033435113e+01,
1.3036277305e+01,
1.3038428115e+01,
1.3040011456e+01,
1.3041140052e+01,
1.3041914269e+01,
1.3042421324e+01,
1.3042734896e+01,
1.3042915161e+01,
1.3043009274e+01,
1.3043052274e+01,
1.3043068405e+01,
1.3043072792e+01,
1.3043073440e+01,
1.3043073498e+01,
1.3043074648e+01,
1.3043082441e+01,
1.3043111087e+01,
1.3043187447e+01,
1.3043354551e+01,
1.3043674551e+01,
1.3044230956e+01,
1.3045130045e+01,
1.3046501339e+01,
1.3048497040e+01,
1.3051290353e+01,
1.3055072642e+01,
1.3060049415e+01,
1.3066435159e+01,
1.3074447126e+01,
1.3084298239e+01,
1.3096189325e+01,
1.3110300998e+01,
1.3126785526e+01,
1.3145759096e+01,
1.3167294871e+01,
1.3191417255e+01,
1.3218097731e+01,
1.3247252579e+01,
1.3278742705e+01,
1.3312375703e+01,
1.3347910158e+01,
1.3385062070e+01,
1.3423513117e+01,
1.3462920360e+01,
1.3502926861e+01,
1.3543172597e+01,
1.3583305052e+01,
1.3622988866e+01,
1.3661914059e+01,
1.3699802462e+01,
1.3736412183e+01,
1.3771540080e+01,
1.3805022407e+01,
1.3836733881e+01,
1.3866585504e+01,
1.3894521494e+01,
1.3920515684e+01,
1.3944567675e+01,
1.3966699010e+01,
1.3986949533e+01,
1.4005374073e+01,
1.4022039505e+01,
1.4037022220e+01,
1.4050405981e+01,
1.4062280137e+01,
1.4072738141e+01,
1.4081876310e+01,
1.4089792781e+01,
1.4096586590e+01,
1.4102356842e+01,
1.4107201917e+01,
1.4111218698e+01,
1.4114501784e+01,
1.4117142694e+01,
1.4119229066e+01,
1.4120843852e+01,
1.4122064546e+01,
1.4122962466e+01,
1.4123602132e+01,
1.4124040767e+01,
1.4124327963e+01,
1.4124505539e+01,
1.4124607613e+01,
1.4124660901e+01,
1.4124685247e+01,
1.4124694380e+01,
1.4124696864e+01,
1.4124697231e+01,
1.4124697265e+01,
1.4124697943e+01,
1.4124702541e+01,
1.4124719440e+01,
1.4124764487e+01,
1.4124863060e+01,
1.4125051804e+01,
1.4125379918e+01,
1.4125909934e+01,
1.4126717891e+01,
1.4127892824e+01,
1.4129535504e+01,
1.4131756378e+01,
1.4134672676e+01,
1.4138404729e+01,
1.4143071556e+01,
1.4148785884e+01,
1.4155648821e+01,
1.4163744461e+01,
1.4173134788e+01,
1.4183855238e+01,
1.4195911315e+01,
1.4209276564e+01,
1.4223892160e+01,
1.4239668192e+01,
1.4256486616e+01,
1.4274205655e+01,
1.4292665309e+01,
1.4311693536e+01,
1.4331112617e+01,
1.4350745247e+01,
1.4370419942e+01,
1.4389975512e+01,
1.4409264412e+01,
1.4428154970e+01,
1.4446532565e+01,
1.4464299910e+01,
1.4481376631e+01,
1.4497698357e+01,
1.4513215490e+01,
1.4527891831e+01,
1.4541703162e+01,
1.4554635871e+01,
1.4566685673e+01,
1.4577856440e+01,
1.4588159158e+01,
1.4597610994e+01,
1.4606234479e+01,
1.4614056771e+01,
1.4621109014e+01,
1.4627425749e+01,
1.4633044389e+01,
1.4638004728e+01,
1.4642348489e+01,
1.4646118886e+01,
1.4649360191e+01,
1.4652117318e+01,
1.4654435383e+01,
1.4656359270e+01,
1.4657933183e+01,
1.4659200183e+01,
1.4660201740e+01,
1.4660977281e+01,
1.4661563762e+01,
1.4661995284e+01,
1.4662302756e+01,
1.4662513626e+01,
1.4662651706e+01,
1.4662737088e+01,
1.4662786169e+01,
1.4662811791e+01,
1.4662823498e+01,
1.4662827890e+01,
1.4662829085e+01,
1.4662829261e+01,
1.4662829278e+01,
1.4662829621e+01,
1.4662831947e+01,
1.4662840496e+01,
1.4662863285e+01,
1.4662913154e+01,
1.4663008643e+01,
1.4663174650e+01,
1.4663442828e+01,
1.4663851686e+01,
1.4664446354e+01,
1.4665277972e+01,
1.4666402693e+01,
1.4667880285e+01,
1.4669772337e+01,
1.4672140122e+01,
1.4675042174e+01,
1.4678531689e+01,
1.4682653875e+01,
1.4687443411e+01,
1.4692922189e+01,
1.4699097486e+01,
1.4705960727e+01,
1.4713486933e+01,
1.4721634912e+01,
1.4730348197e+01,
1.4739556672e+01,
1.4749178782e+01,
1.4759124197e+01,
1.4769296760e+01,
1.4779597567e+01,
1.4789928000e+01,
1.4800192581e+01,
1.4810301516e+01,
1.4820172819e+01,
1.4829733975e+01,
1.4838923068e+01,
1.4847689410e+01,
1.4855993664e+01,
1.4863807548e+01,
1.4871113160e+01,
1.4877902044e+01,
1.4884174059e+01,
1.4889936154e+01,
1.4895201124e+01,
1.4899986399e+01,
1.4904312936e+01,
1.4908204217e+01,
1.4911685399e+01,
1.4914782606e+01,
1.4917522359e+01,
1.4919931137e+01,
1.4922035055e+01,
1.4923859625e+01,
1.4925429606e+01,
1.4926768898e+01,
1.4927900477e+01,
1.4928846353e+01,
1.4929627533e+01,
1.4930263990e+01,
1.4930774615e+01,
1.4931177170e+01,
1.4931488217e+01,
1.4931723051e+01,
1.4931895624e+01,
1.4932018477e+01,
1.4932102679e+01,
1.4932157792e+01,
1.4932191861e+01,
1.4932211443e+01,
1.4932221664e+01,
1.4932226334e+01,
1.4932228086e+01,
1.4932228563e+01,
1.4932228633e+01,
1.4932228640e+01,
1.4932228785e+01,
1.4932229767e+01,
1.4932233376e+01,
1.4932242997e+01,
1.4932264049e+01,
1.4932304350e+01,
1.4932374387e+01,
1.4932487462e+01,
1.4932659691e+01,
1.4932909839e+01,
1.4933258962e+01,
1.4933729832e+01,
1.4934346153e+01,
1.4935131553e+01,
1.4936108391e+01,
1.4937296423e+01,
1.4938711397e+01,
1.4940363672e+01,
1.4942256989e+01,
1.4944387501e+01,
1.4946743192e+01,
1.4949303776e+01,
1.4952041136e+01,
1.4954920316e+01,
1.4957901005e+01,
1.4960939415e+01,
1.4963990400e+01,
1.4967009627e+01,
1.4969955619e+01,
1.4972791507e+01,
1.4975486344e+01,
1.4978015940e+01,
1.4980363172e+01,
1.4982517831e+01,
1.4984476074e+01,
1.4986239589e+01,
1.4987814600e+01,
1.4989210798e+01,
1.4990440310e+01,
1.4991516753e+01,
1.4992454435e+01,
1.4993267705e+01,
1.4993970465e+01,
1.4994575824e+01,
1.4995095883e+01,
1.4995541620e+01,
1.4995922851e+01,
1.4996248262e+01,
1.4996525460e+01,
1.4996761068e+01,
1.4996960821e+01,
1.4997129668e+01,
1.4997271872e+01,
1.4997391109e+01,
1.4997490549e+01,
1.4997572940e+01,
1.4997640669e+01,
1.4997695825e+01,
1.4997740242e+01,
1.4997775540e+01,
1.4997803156e+01,
1.4997824367e+01,
1.4997840307e+01,
1.4997851980e+01,
1.4997860270e+01,
1.4997865941e+01,
1.4997869649e+01,
1.4997871940e+01,
1.4997873255e+01,
1.4997873942e+01,
1.4997874256e+01,
1.4997874373e+01,
1.4997874405e+01,
1.4997874410e+01,
1.4997874411e+01,
1.4997874421e+01,
1.4997874491e+01,
1.4997874749e+01,
1.4997875435e+01,
1.4997876937e+01,
1.4997879810e+01,
1.4997884799e+01,
1.4997892838e+01,
1.4997905050e+01,
1.4997922715e+01,
1.4997947228e+01,
1.4997980029e+01,
1.4998022510e+01,
1.4998075905e+01,
1.4998141163e+01,
1.4998218815e+01,
1.4998308861e+01,
1.4998410673e+01,
1.4998522959e+01,
1.4998643776e+01,
1.4998770618e+01,
1.4998900568e+01,
1.4999030498e+01,
1.4999157305e+01,
1.4999278137e+01,
1.4999390595e+01,
1.4999492872e+01,
1.4999583825e+01,
1.4999662978e+01,
1.4999730455e+01,
1.4999786870e+01,
1.4999833189e+01,
1.4999870590e+01,
1.4999900335e+01,
1.4999923672e+01,
1.4999941767e+01,
1.4999955659e+01,
1.4999966246e+01,
1.4999974272e+01,
1.4999980335e+01,
1.4999984902e+01,
1.4999988341e+01,
1.4999990941e+01,
1.4999992941e+01,
1.4999994528e+01,
1.4999995838e+01,
1.4999996950e+01,
1.4999997899e+01,
1.4999998692e+01,
1.4999999325e+01,
1.5000000000e+01,
1.5000000000e+01,
1.5000000000e+01,
1.5000000000e+01,
1.5000000000e+01,
1.5000000000e+01,
1.5000000000e+01,
1.5000000000e+01,
1.5000000000e+01,
1.5000000000e+01,
1.5000000000e+01,
1.5000000000e+01,
1.5000000000e+01,
1.5000000000e+01,
1.5000000000e+01,
1.5000000000e+01,
1.5000000000e+01,
1.5000000000e+01,
1.5000000000e+01,
1.5000000000e+01,
1.5000000000e+01,
1.5000000000e+01,
1.5000000000e+01,
1.5000000000e+01,
