0.0000000000e+00,
4.4277139466e-07,
1.4134141296e-05,
1.0689545920e-04,
4.4789995040e-04,
1.3569240121e-03,
3.3464595832e-03,
7.1572651844e-03,
1.3786182005e-02,
2.4505333809e-02,
4.0872134281e-02,
6.4729794452e-02,
9.8198192119e-02,
1.4365496594e-01,
2.0370647760e-01,
2.8114784832e-01,
3.7891071910e-01,
4.9999693177e-01,
6.4739632874e-01,
8.2398772238e-01,
1.0324241013e+00,
1.2750063455e+00,
1.5535536820e+00,
1.8692828748e+00,
2.2227104199e+00,
2.6135915398e+00,
3.0409058825e+00,
3.5028928609e+00,
3.9971310196e+00,
4.5206479902e+00,
5.0700428448e+00,
5.6416025617e+00,
6.2313990125e+00,
6.8353609716e+00,
7.4493246277e+00,
8.0690730629e+00,
8.6903777769e+00,
9.3090525098e+00,
9.9210222239e+00,
1.0522401210e+01,
1.1109568148e+01,
1.1679225829e+01,
1.2228438907e+01,
1.2754650781e+01,
1.3255686110e+01,
1.3729746419e+01,
1.4175403998e+01,
1.4591596030e+01,
1.4977618534e+01,
1.5333118656e+01,
1.5658083913e+01,
1.5952827445e+01,
1.6217968959e+01,
1.6454411450e+01,
1.6663314097e+01,
1.6846061832e+01,
1.7004232175e+01,
1.7139559907e+01,
1.7253900202e+01,
1.7349190832e+01,
1.7427414133e+01,
1.7490559431e+01,
1.7540586692e+01,
1.7579392213e+01,
1.7608777156e+01,
1.7630419750e+01,
1.7645851919e+01,
1.7656441023e+01,
1.7663377275e+01,
1.7667667233e+01,
1.7670133588e+01,
1.7671421264e+01,
1.7672009617e+01,
1.7672230329e+01,
1.7672290368e+01,
1.7672299230e+01,
1.7672300443e+01,
1.7672329091e+01,
1.7672523183e+01,
1.7673236684e+01,
1.7675138579e+01,
1.7679300652e+01,
1.7687270834e+01,
1.7701128908e+01,
1.7723521495e+01,
1.7757673532e+01,
1.7807373749e+01,
1.7876932156e+01,
1.7971108269e+01,
1.8095009773e+01,
1.8253962627e+01,
1.8453355166e+01,
1.8698460593e+01,
1.8994244113e+01,
1.9345162897e+01,
1.9754968670e+01,
2.0226524086e+01,
2.0761644671e+01,
2.1360977914e+01,
2.2023929375e+01,
2.2748642170e+01,
2.3532030770e+01,
2.4369863569e+01,
2.5256883065e+01,
2.6186950314e+01,
2.7153203245e+01,
2.8148225592e+01,
2.9164230074e+01,
3.0193259456e+01,
3.1227399241e+01,
3.2258980955e+01,
3.3280748223e+01,
3.4285967757e+01,
3.5268488737e+01,
3.6222770831e+01,
3.7143902499e+01,
3.8027620543e+01,
3.8870329556e+01,
3.9669113780e+01,
4.0421734494e+01,
4.1126610314e+01,
4.1782782175e+01,
4.2389867394e+01,
4.2948007936e+01,
4.3457817185e+01,
4.3920328152e+01,
4.4336944563e+01,
4.4709395150e+01,
4.5039690727e+01,
4.5330083278e+01,
4.5583026227e+01,
4.5801135154e+01,
4.5987148422e+01,
4.6143887410e+01,
4.6274216314e+01,
4.6381001684e+01,
4.6467072154e+01,
4.6535178965e+01,
4.6587958122e+01,
4.6627895144e+01,
4.6657293451e+01,
4.6678247468e+01,
4.6692621493e+01,
4.6702035240e+01,
4.6707856786e+01,
4.6711203431e+01,
4.6712950632e+01,
4.6713748932e+01,
4.6714048400e+01,
4.6714129862e+01,
4.6714141886e+01,
4.6714143027e+01,
4.6714166297e+01,
4.6714323955e+01,
4.6714903515e+01,
4.6716448377e+01,
4.6719829101e+01,
4.6726302946e+01,
4.6737558997e+01,
4.6755746344e+01,
4.6783482963e+01,
4.6823843174e+01,
4.6880321969e+01,
4.6956775082e+01,
4.7057334521e+01,
4.7186300395e+01,
4.7348011265e+01,
4.7546696856e+01,
4.7786318610e+01,
4.8070405155e+01,
4.8401890905e+01,
4.8782966653e+01,
4.9214950797e+01,
4.9698188865e+01,
5.0231987399e+01,
5.0814586462e+01,
5.1443173491e+01,
5.2113940193e+01,
5.2822183074e+01,
5.3562445713e+01,
5.4328695675e+01,
5.5114521311e+01,
5.5913327178e+01,
5.6718506991e+01,
5.7523582402e+01,
5.8322310445e+01,
5.9108773288e+01,
5.9877464589e+01,
6.0623378552e+01,
6.1342097083e+01,
6.2029863686e+01,
6.2683632193e+01,
6.3301082850e+01,
6.3880604625e+01,
6.4421248372e+01,
6.4922659097e+01,
6.5384996716e+01,
6.5808853971e+01,
6.6195178123e+01,
6.6545200718e+01,
6.6860377432e+01,
6.7142338281e+01,
6.7392847254e+01,
6.7613769786e+01,
6.7807046262e+01,
6.7974669763e+01,
6.8118666524e+01,
6.8241077823e+01,
6.8343942406e+01,
6.8429278809e+01,
6.8499067294e+01,
6.8555231338e+01,
6.8599618891e+01,
6.8633983784e+01,
6.8659967886e+01,
6.8679084667e+01,
6.8692704939e+01,
6.8702045541e+01,
6.8708161672e+01,
6.8711943486e+01,
6.8714117386e+01,
6.8715252281e+01,
6.8715770806e+01,
6.8715965319e+01,
6.8716018232e+01,
6.8716026041e+01,
6.8716026736e+01,
6.8716040418e+01,
6.8716133110e+01,
6.8716473855e+01,
6.8717382125e+01,
6.8719369697e+01,
6.8723175550e+01,
6.8729792122e+01,
6.8740481333e+01,
6.8756778779e+01,
6.8780484652e+01,
6.8813640143e+01,
6.8858488465e+01,
6.8917420208e+01,
6.8992903560e+01,
6.9087400956e+01,
6.9203274980e+01,
6.9342687588e+01,
6.9507498011e+01,
6.9699165575e+01,
6.9918664116e+01,
7.0166414372e+01,
7.0442239586e+01,
7.0745347656e+01,
7.1074340712e+01,
7.1427250445e+01,
7.1801595537e+01,
7.2194456513e+01,
7.2602563717e+01,
7.3022395335e+01,
7.3450283626e+01,
7.3882527356e+01,
7.4315506045e+01,
7.4745787625e+01,
7.5170217947e+01,
7.5585981242e+01,
7.5990626449e+01,
7.6382062950e+01,
7.6758536368e+01,
7.7118597191e+01,
7.7461072034e+01,
7.7785042010e+01,
7.8089827893e+01,
7.8374979172e+01,
7.8640263714e+01,
7.8885655668e+01,
7.9111320611e+01,
7.9317598051e+01,
7.9504982084e+01,
7.9674101245e+01,
7.9825698528e+01,
7.9960612281e+01,
8.0079758426e+01,
8.0184114123e+01,
8.0274702833e+01,
8.0352580571e+01,
8.0418823054e+01,
8.0474513503e+01,
8.0520730818e+01,
8.0558537999e+01,
8.0588970732e+01,
8.0613026193e+01,
8.0631652208e+01,
8.0645737034e+01,
8.0656100064e+01,
8.0663483829e+01,
8.0668547679e+01,
8.0671863507e+01,
8.0673913824e+01,
8.0675092418e+01,
8.0675707711e+01,
8.0675988835e+01,
8.0676094292e+01,
8.0676122979e+01,
8.0676127213e+01,
8.0676127588e+01,
8.0676134928e+01,
8.0676184661e+01,
8.0676367483e+01,
8.0676854805e+01,
8.0677921218e+01,
8.0679963234e+01,
8.0683513394e+01,
8.0689248924e+01,
8.0697994077e+01,
8.0710715421e+01,
8.0728509400e+01,
8.0752581702e+01,
8.0784218252e+01,
8.0824748012e+01,
8.0875498308e+01,
8.0937743974e+01,
8.1012652261e+01,
8.1101226092e+01,
8.1204248831e+01,
8.1322234077e+01,
8.1455384162e+01,
8.1603560774e+01,
8.1766270562e+01,
8.1942667560e+01,
8.2131572979e+01,
8.2331511414e+01,
8.2540761013e+01,
8.2757413913e+01,
8.2979442429e+01,
8.3204766355e+01,
8.3431317108e+01,
8.3657095471e+01,
8.3880220775e+01,
8.4098970545e+01,
8.4311810376e+01,
8.4517414300e+01,
8.4714676012e+01,
8.4902711415e+01,
8.5080853135e+01,
8.5248637966e+01,
8.5405788715e+01,
8.5552192255e+01,
8.5687875810e+01,
8.5812983303e+01,
8.5927753259e+01,
8.6032499192e+01,
8.6127592931e+01,
8.6213450894e+01,
8.6290523053e+01,
8.6359284193e+01,
8.6420227006e+01,
8.6473856573e+01,
8.6520685859e+01,
8.6561231865e+01,
8.6596012172e+01,
8.6625541652e+01,
8.6650329186e+01,
8.6670874273e+01,
8.6687663472e+01,
8.6701166672e+01,
8.6711833229e+01,
8.6720088068e+01,
8.6726327871e+01,
8.6730917528e+01,
8.6734187018e+01,
8.6736428933e+01,
8.6737896803e+01,
8.6738804391e+01,
8.6739326085e+01,
8.6739598433e+01,
8.6739722866e+01,
8.6739769544e+01,
8.6739782242e+01,
8.6739784116e+01,
8.6739784284e+01,
8.6739787612e+01,
8.6739810162e+01,
8.6739893056e+01,
8.6740114011e+01,
8.6740597521e+01,
8.6741523327e+01,
8.6743132770e+01,
8.6745732606e+01,
8.6749695874e+01,
8.6755459443e+01,
8.6763517876e+01,
8.6774413400e+01,
8.6788721851e+01,
8.6807034751e+01,
8.6829937882e+01,
8.6857987113e+01,
8.6891682521e+01,
8.6931442221e+01,
8.6977577543e+01,
8.7030271314e+01,
8.7089560961e+01,
8.7155327893e+01,
8.7227294206e+01,
8.7305027175e+01,
8.7387951388e+01,
8.7475367774e+01,
8.7566478232e+01,
8.7660414236e+01,
8.7756267542e+01,
8.7853121069e+01,
8.7950078121e+01,
8.8046288322e+01,
8.8140968998e+01,
8.8233421165e+01,
8.8323039799e+01,
8.8409318574e+01,
8.8491849673e+01,
8.8570319641e+01,
8.8644502354e+01,
8.8714250227e+01,
8.8779484643e+01,
8.8840186349e+01,
8.8896386388e+01,
8.8948157839e+01,
8.8995608510e+01,
8.9038874575e+01,
8.9078115091e+01,
8.9113507287e+01,
8.9145242526e+01,
8.9173522839e+01,
8.9198557963e+01,
8.9220562798e+01,
8.9239755222e+01,
8.9256354200e+01,
8.9270578116e+01,
8.9282643261e+01,
8.9292762415e+01,
8.9301143467e+01,
8.9307988035e+01,
8.9313490065e+01,
8.9317834390e+01,
8.9321195295e+01,
8.9323735108e+01,
8.9325602873e+01,
8.9326933198e+01,
8.9327845316e+01,
8.9328442472e+01,
8.9328811680e+01,
8.9329023899e+01,
8.9329134685e+01,
8.9329185302e+01,
8.9329204290e+01,
8.9329209455e+01,
8.9329210217e+01,
8.9329210287e+01,
8.9329211698e+01,
8.9329221256e+01,
8.9329256390e+01,
8.9329350041e+01,
8.9329554969e+01,
8.9329947343e+01,
8.9330629408e+01,
8.9331731059e+01,
8.9333410141e+01,
8.9335851267e+01,
8.9339263027e+01,
8.9343873427e+01,
8.9349923528e+01,
8.9357659303e+01,
8.9367321877e+01,
8.9379136459e+01,
8.9393300431e+01,
8.9409971222e+01,
8.9429254713e+01,
8.9451195002e+01,
8.9475766363e+01,
8.9502868198e+01,
8.9532323611e+01,
8.9563882076e+01,
8.9597226417e+01,
8.9631984034e+01,
8.9667741999e+01,
8.9704065246e+01,
8.9740516680e+01,
8.9776677599e+01,
8.9812166522e+01,
8.9846654478e+01,
8.9879875114e+01,
8.9911628748e+01,
8.9941780443e+01,
8.9970253145e+01,
8.9997017622e+01,
9.0022081094e+01,
9.0045476272e+01,
9.0067251945e+01,
9.0087465700e+01,
9.0106178843e+01,
9.0123453250e+01,
9.0139349729e+01,
9.0153927438e+01,
9.0167243974e+01,
9.0179355809e+01,
9.0190318878e+01,
9.0200189149e+01,
9.0209023121e+01,
9.0216878187e+01,
9.0223812853e+01,
9.0229886814e+01,
9.0235160887e+01,
9.0239696815e+01,
9.0243556954e+01,
9.0246803863e+01,
9.0249499803e+01,
9.0251706173e+01,
9.0253482895e+01,
9.0254887779e+01,
9.0255975878e+01,
9.0256798870e+01,
9.0257404497e+01,
9.0257836066e+01,
9.0258132067e+01,
9.0258325900e+01,
9.0258445761e+01,
9.0258514662e+01,
9.0258550633e+01,
9.0258567068e+01,
9.0258573234e+01,
9.0258574911e+01,
9.0258575158e+01,
9.0258575182e+01,
9.0258575664e+01,
9.0258578929e+01,
9.0258590931e+01,
9.0258622924e+01,
9.0258692935e+01,
9.0258826995e+01,
9.0259060064e+01,
9.0259436603e+01,
9.0260010724e+01,
9.0260845881e+01,
9.0262014060e+01,
9.0263594439e+01,
9.0265671502e+01,
9.0268332661e+01,
9.0271665415e+01,
9.0275754178e+01,
9.0280676913e+01,
9.0286501760e+01,
9.0293283865e+01,
9.0301062627e+01,
9.0309859544e+01,
9.0319676809e+01,
9.0330496735e+01,
9.0342282023e+01,
9.0354976816e+01,
9.0368508424e+01,
9.0382789570e+01,
9.0397720978e+01,
9.0413194136e+01,
9.0429094073e+01,
9.0445302029e+01,
9.0461697923e+01,
9.0478162577e+01,
9.0494579687e+01,
9.0510837544e+01,
9.0526830546e+01,
9.0542460507e+01,
9.0557637801e+01,
9.0572282309e+01,
9.0586324170e+01,
9.0599704321e+01,
9.0612374781e+01,
9.0624298690e+01,
9.0635450102e+01,
9.0645813542e+01,
9.0655383381e+01,
9.0664163051e+01,
9.0672164163e+01,
9.0679405568e+01,
9.0685912407e+01,
9.0691715170e+01,
9.0696848806e+01,
9.0701351877e+01,
9.0705265776e+01,
9.0708633995e+01,
9.0711501446e+01,
9.0713913821e+01,
9.0715916981e+01,
9.0717556376e+01,
9.0718876477e+01,
9.0719920243e+01,
9.0720728601e+01,
9.0721339976e+01,
9.0721789855e+01,
9.0722110426e+01,
9.0722330291e+01,
9.0722474265e+01,
9.0722563292e+01,
9.0722614469e+01,
9.0722641187e+01,
9.0722653394e+01,
9.0722657973e+01,
9.0722659219e+01,
9.0722659402e+01,
9.0722659421e+01,
9.0722659799e+01,
9.0722662366e+01,
9.0722671802e+01,
9.0722696953e+01,
9.0722751991e+01,
9.0722857377e+01,
9.0723040589e+01,
9.0723336561e+01,
9.0723787791e+01,
9.0724444076e+01,
9.0725361841e+01,
9.0726603023e+01,
9.0728233500e+01,
9.0730321085e+01,
9.0732933089e+01,
9.0736133540e+01,
9.0739980143e+01,
9.0744521123e+01,
9.0749792103e+01,
9.0755813219e+01,
9.0762586680e+01,
9.0770094967e+01,
9.0778299871e+01,
9.0787142518e+01,
9.0796544464e+01,
9.0806409902e+01,
9.0816628881e+01,
9.0827081390e+01,
9.0837642048e+01,
9.0848185080e+01,
9.0858589218e+01,
9.0868742172e+01,
9.0878544370e+01,
9.0887911721e+01,
9.0896777308e+01,
9.0905091969e+01,
9.0912823889e+01,
9.0919957351e+01,
9.0926490883e+01,
9.0932435022e+01,
9.0937809910e+01,
9.0942642926e+01,
9.0946966478e+01,
9.0950816061e+01,
9.0954228617e+01,
9.0957241236e+01,
9.0959890163e+01,
9.0962210091e+01,
9.0964233701e+01,
9.0965991397e+01,
9.0967511209e+01,
9.0968818799e+01,
9.0969937560e+01,
9.0970888764e+01,
9.0971691736e+01,
9.0972364044e+01,
9.0972921676e+01,
9.0973379212e+01,
9.0973749965e+01,
9.0974046101e+01,
9.0974278732e+01,
9.0974457979e+01,
9.0974593017e+01,
9.0974692093e+01,
9.0974762541e+01,
9.0974810786e+01,
9.0974842346e+01,
9.0974861849e+01,
9.0974873056e+01,
9.0974878905e+01,
9.0974881577e+01,
9.0974882580e+01,
9.0974882852e+01,
9.0974882893e+01,
9.0974882897e+01,
9.0974882985e+01,
9.0974883582e+01,
9.0974885777e+01,
9.0974891626e+01,
9.0974904424e+01,
9.0974928916e+01,
9.0974971459e+01,
9.0975040084e+01,
9.0975144471e+01,
9.0975295781e+01,
9.0975506360e+01,
9.0975789267e+01,
9.0976157634e+01,
9.0976623879e+01,
9.0977198775e+01,
9.0977890454e+01,
9.0978703424e+01,
9.0979637691e+01,
9.0980688108e+01,
9.0981844072e+01,
9.0983089627e+01,
9.0984404059e+01,
9.0985762922e+01,
9.0987139464e+01,
9.0988506269e+01,
9.0989836983e+01,
9.0991107895e+01,
9.0992299233e+01,
9.0993396025e+01,
9.0994388493e+01,
9.0995271970e+01,
9.0996046414e+01,
9.0996715644e+01,
9.0997286417e+01,
9.0997767469e+01,
9.0998168638e+01,
9.0998500119e+01,
9.0998771886e+01,
9.0998993284e+01,
9.0999172775e+01,
9.0999317798e+01,
9.0999434745e+01,
9.0999529000e+01,
9.0999605040e+01,
9.0999666549e+01,
9.0999716538e+01,
9.0999757444e+01,
9.0999791221e+01,
9.0999819419e+01,
9.0999843249e+01,
9.0999863652e+01,
9.0999881348e+01,
9.0999896883e+01,
9.0999910663e+01,
9.0999922980e+01,
9.0999934041e+01,
9.0999943985e+01,
9.0999952908e+01,
9.0999960874e+01,
9.0999967932e+01,
9.0999974124e+01,
9.0999979493e+01,
9.0999984082e+01,
9.0999987940e+01,
9.0999991122e+01,
9.0999993686e+01,
9.0999995697e+01,
9.0999997220e+01,
9.0999998325e+01,
9.0999999083e+01,
9.0999999562e+01,
9.1000000000e+01,
9.1000000000e+01,
9.1000000000e+01,
