0.0000000000e+00,
3.8279699766e-07,
1.2219641107e-05,
9.2416228398e-05,
3.8723077090e-04,
1.1731242422e-03,
2.8931654509e-03,
6.1877574461e-03,
1.1918664128e-02,
2.1185566510e-02,
3.5334642464e-02,
5.5958904490e-02,
8.4890197581e-02,
1.2418279971e-01,
1.7608843832e-01,
2.4302223216e-01,
3.2751865194e-01,
4.3217622006e-01,
5.5958958837e-01,
7.1226814168e-01,
8.9254162954e-01,
1.1024556051e+00,
1.3436624120e+00,
1.6173164991e+00,
1.9239850497e+00,
2.2635853229e+00,
2.6353580534e+00,
3.0378817185e+00,
3.4691262564e+00,
3.9265383814e+00,
4.4071457355e+00,
4.9076651496e+00,
5.4246018455e+00,
5.9543309981e+00,
6.4931593121e+00,
7.0373702820e+00,
7.5832608528e+00,
8.1271781518e+00,
8.6655626507e+00,
9.1949994698e+00,
9.7122744056e+00,
1.0214427791e+01,
1.0698798934e+01,
1.1163056517e+01,
1.1605214370e+01,
1.2023635321e+01,
1.2417027239e+01,
1.2784434878e+01,
1.3125229670e+01,
1.3439098218e+01,
1.3726029266e+01,
1.3986298594e+01,
1.4220451313e+01,
1.4429281278e+01,
1.4613807547e+01,
1.4775248087e+01,
1.4914991023e+01,
1.5034563861e+01,
1.5135601205e+01,
1.5219811508e+01,
1.5288943487e+01,
1.5344752863e+01,
1.5388970136e+01,
1.5423270124e+01,
1.5449244022e+01,
1.5468374708e+01,
1.5482015976e+01,
1.5491376315e+01,
1.5497507725e+01,
1.5501299919e+01,
1.5503480109e+01,
1.5504618380e+01,
1.5505138470e+01,
1.5505333574e+01,
1.5505386647e+01,
1.5505394480e+01,
1.5505395553e+01,
1.5505420877e+01,
1.5505592450e+01,
1.5506223166e+01,
1.5507904397e+01,
1.5511583579e+01,
1.5518629084e+01,
1.5530879495e+01,
1.5550674635e+01,
1.5580865894e+01,
1.5624803692e+01,
1.5686300399e+01,
1.5769567623e+01,
1.5879127709e+01,
1.6019700369e+01,
1.6196066781e+01,
1.6412914996e+01,
1.6674672032e+01,
1.6985329497e+01,
1.7348270716e+01,
1.7766108260e+01,
1.8240541234e+01,
1.8772241865e+01,
1.9360780478e+01,
2.0004596422e+01,
2.0701019417e+01,
2.1446340750e+01,
2.2235927456e+01,
2.3064366695e+01,
2.3925624430e+01,
2.4813204184e+01,
2.5720298182e+01,
2.6639931832e+01,
2.7565108383e+01,
2.8488959187e+01,
2.9404895867e+01,
3.0306749632e+01,
3.1188878844e+01,
3.2046233298e+01,
3.2874377947e+01,
3.3669490004e+01,
3.4428345137e+01,
3.5148302640e+01,
3.5827291837e+01,
3.6463797224e+01,
3.7056838940e+01,
3.7605946551e+01,
3.8111126173e+01,
3.8572822408e+01,
3.8991877138e+01,
3.9369487106e+01,
3.9707161682e+01,
4.0006681597e+01,
4.0270058883e+01,
4.0499497905e+01,
4.0697357157e+01,
4.0866111480e+01,
4.1008314435e+01,
4.1126560706e+01,
4.1223448620e+01,
4.1301543080e+01,
4.1363339403e+01,
4.1411228756e+01,
4.1447466022e+01,
4.1474141019e+01,
4.1493154034e+01,
4.1506196605e+01,
4.1514738379e+01,
4.1520020696e+01,
4.1523057354e+01,
4.1524642719e+01,
4.1525367076e+01,
4.1525638806e+01,
4.1525712723e+01,
4.1525723633e+01,
4.1525724668e+01,
4.1525745783e+01,
4.1525888837e+01,
4.1526414715e+01,
4.1527816484e+01,
4.1530884069e+01,
4.1536758279e+01,
4.1546971758e+01,
4.1563474569e+01,
4.1588642263e+01,
4.1625264534e+01,
4.1676512884e+01,
4.1745886299e+01,
4.1837134638e+01,
4.1954160520e+01,
4.2100901702e+01,
4.2281197461e+01,
4.2498644071e+01,
4.2756445991e+01,
4.3057270673e+01,
4.3403115634e+01,
4.3795196445e+01,
4.4233863291e+01,
4.4718551684e+01,
4.5247769961e+01,
4.5819122732e+01,
4.6429366242e+01,
4.7074489708e+01,
4.7749816706e+01,
4.8450122912e+01,
4.9169769526e+01,
4.9902853373e+01,
5.0643372112e+01,
5.1385395871e+01,
5.2123228214e+01,
5.2851536280e+01,
5.3565436646e+01,
5.4260537582e+01,
5.4932951197e+01,
5.5579293248e+01,
5.6196683245e+01,
5.6782748515e+01,
5.7335628686e+01,
5.7853974419e+01,
5.8336935384e+01,
5.8784135506e+01,
5.9195636484e+01,
5.9571892606e+01,
5.9913700709e+01,
6.0222148940e+01,
6.0498567263e+01,
6.0744481625e+01,
6.0961572795e+01,
6.1151640021e+01,
6.1316569180e+01,
6.1458304663e+01,
6.1578824190e+01,
6.1680115691e+01,
6.1764155556e+01,
6.1832887732e+01,
6.1888203373e+01,
6.1931921005e+01,
6.1965767372e+01,
6.1991359374e+01,
6.2010187622e+01,
6.2023602273e+01,
6.2032801834e+01,
6.2038825600e+01,
6.2042550294e+01,
6.2044691358e+01,
6.2045809109e+01,
6.2046319801e+01,
6.2046511377e+01,
6.2046563490e+01,
6.2046571182e+01,
6.2046571866e+01,
6.2046585341e+01,
6.2046676633e+01,
6.2047012231e+01,
6.2047906780e+01,
6.2049864327e+01,
6.2053612681e+01,
6.2060129278e+01,
6.2070656938e+01,
6.2086707970e+01,
6.2110055165e+01,
6.2142708414e+01,
6.2186876051e+01,
6.2244910513e+01,
6.2319238671e+01,
6.2412278156e+01,
6.2526342129e+01,
6.2663536263e+01,
6.2825652958e+01,
6.3014069023e+01,
6.3229653840e+01,
6.3472695397e+01,
6.3742851123e+01,
6.4039129220e+01,
6.4359903970e+01,
6.4702965500e+01,
6.5065600969e+01,
6.5444700622e+01,
6.5836879264e+01,
6.6238602145e+01,
6.6646304392e+01,
6.7056495148e+01,
6.7465841021e+01,
6.7871227499e+01,
6.8269800624e+01,
6.8658993515e+01,
6.9036542736e+01,
6.9400498278e+01,
6.9749228695e+01,
7.0081420852e+01,
7.0396072747e+01,
7.0692478236e+01,
7.0970203970e+01,
7.1229060441e+01,
7.1469070146e+01,
7.1690435932e+01,
7.1893511888e+01,
7.2078778095e+01,
7.2246819515e+01,
7.2398308627e+01,
7.2533991069e+01,
7.2654673499e+01,
7.2761212944e+01,
7.2854507091e+01,
7.2935485087e+01,
7.3005098536e+01,
7.3064312484e+01,
7.3114096262e+01,
7.3155414091e+01,
7.3189215468e+01,
7.3216425389e+01,
7.3237934550e+01,
7.3254589745e+01,
7.3267184724e+01,
7.3276451857e+01,
7.3283054927e+01,
7.3287583441e+01,
7.3290548760e+01,
7.3292382356e+01,
7.3293436375e+01,
7.3293986634e+01,
7.3294238044e+01,
7.3294332356e+01,
7.3294358010e+01,
7.3294361797e+01,
7.3294362132e+01,
7.3294368697e+01,
7.3294413173e+01,
7.3294576672e+01,
7.3295012487e+01,
7.3295966190e+01,
7.3297792390e+01,
7.3300967366e+01,
7.3306096822e+01,
7.3313918027e+01,
7.3325295662e+01,
7.3341210817e+01,
7.3362742712e+01,
7.3391043029e+01,
7.3427303049e+01,
7.3472714261e+01,
7.3528423638e+01,
7.3595485317e+01,
7.3674810941e+01,
7.3767121334e+01,
7.3872902401e+01,
7.3992368130e+01,
7.4125433311e+01,
7.4271698050e+01,
7.4430445494e+01,
7.4600653396e+01,
7.4781019315e+01,
7.4969998507e+01,
7.5165852740e+01,
7.5366707604e+01,
7.5570615177e+01,
7.5775618410e+01,
7.5979813334e+01,
7.6181405304e+01,
7.6378756021e+01,
7.6570419033e+01,
7.6755162574e+01,
7.6931979856e+01,
7.7100088025e+01,
7.7258917775e+01,
7.7408096070e+01,
7.7547424453e+01,
7.7676855230e+01,
7.7796467403e+01,
7.7906443731e+01,
7.8007049839e+01,
7.8098615878e+01,
7.8181520885e+01,
7.8256179815e+01,
7.8323032994e+01,
7.8382537716e+01,
7.8435161639e+01,
7.8481377623e+01,
7.8521659685e+01,
7.8556479760e+01,
7.8586304996e+01,
7.8611595350e+01,
7.8632801297e+01,
7.8650361506e+01,
7.8664700398e+01,
7.8676225552e+01,
7.8685324947e+01,
7.8692364127e+01,
7.8697683368e+01,
7.8701595000e+01,
7.8704381021e+01,
7.8706291190e+01,
7.8707541753e+01,
7.8708314940e+01,
7.8708759364e+01,
7.8708991370e+01,
7.8709097370e+01,
7.8709137133e+01,
7.8709147950e+01,
7.8709149546e+01,
7.8709149690e+01,
7.8709152525e+01,
7.8709171734e+01,
7.8709242348e+01,
7.8709430569e+01,
7.8709842442e+01,
7.8710631056e+01,
7.8712001927e+01,
7.8714216178e+01,
7.8717591168e+01,
7.8722498195e+01,
7.8729356965e+01,
7.8738626603e+01,
7.8750793084e+01,
7.8766353208e+01,
7.8785795462e+01,
7.8809578435e+01,
7.8838107778e+01,
7.8871713026e+01,
7.8910625798e+01,
7.8954961074e+01,
7.9004703150e+01,
7.9059697655e+01,
7.9119650613e+01,
7.9184134930e+01,
7.9252604069e+01,
7.9324412026e+01,
7.9398838162e+01,
7.9475115089e+01,
7.9552457611e+01,
7.9630090742e+01,
7.9707275045e+01,
7.9783327898e+01,
7.9857639741e+01,
7.9929684850e+01,
7.9999026716e+01,
8.0065318509e+01,
8.0128299463e+01,
8.0187788210e+01,
8.0243674135e+01,
8.0295907750e+01,
8.0344490917e+01,
8.0389467531e+01,
8.0430915059e+01,
8.0468937152e+01,
8.0503657382e+01,
8.0535214076e+01,
8.0563756151e+01,
8.0589439820e+01,
8.0612426028e+01,
8.0632878488e+01,
8.0650962187e+01,
8.0666842246e+01,
8.0680683035e+01,
8.0692647437e+01,
8.0702896214e+01,
8.0711587382e+01,
8.0718875568e+01,
8.0724911297e+01,
8.0729840217e+01,
8.0733802220e+01,
8.0736930518e+01,
8.0739350657e+01,
8.0741179540e+01,
8.0742524497e+01,
8.0743482451e+01,
8.0744139261e+01,
8.0744569271e+01,
8.0744835135e+01,
8.0744987954e+01,
8.0745067731e+01,
8.0745104180e+01,
8.0745117853e+01,
8.0745121572e+01,
8.0745122121e+01,
8.0745122172e+01,
8.0745123188e+01,
8.0745130070e+01,
8.0745155370e+01,
8.0745222808e+01,
8.0745370376e+01,
8.0745652925e+01,
8.0746144080e+01,
8.0746937383e+01,
8.0748146505e+01,
8.0749904402e+01,
8.0752361319e+01,
8.0755681528e+01,
8.0760038793e+01,
8.0765610591e+01,
8.0772571235e+01,
8.0781084136e+01,
8.0791293610e+01,
8.0803316677e+01,
8.0817235461e+01,
8.0833090755e+01,
8.0850877355e+01,
8.0870541607e+01,
8.0891981480e+01,
8.0915049227e+01,
8.0939556502e+01,
8.0965281529e+01,
8.0991977773e+01,
8.1019383446e+01,
8.1047231145e+01,
8.1075256974e+01,
8.1103208604e+01,
8.1130851884e+01,
8.1157975793e+01,
8.1184395656e+01,
8.1209954750e+01,
8.1234524470e+01,
8.1258003344e+01,
8.1280315202e+01,
8.1301406773e+01,
8.1321245007e+01,
8.1339814319e+01,
8.1357113930e+01,
8.1373155418e+01,
8.1387960546e+01,
8.1401559383e+01,
8.1413988732e+01,
8.1425290827e+01,
8.1435512282e+01,
8.1444703228e+01,
8.1452916623e+01,
8.1460207684e+01,
8.1466633399e+01,
8.1472252096e+01,
8.1477123047e+01,
8.1481306069e+01,
8.1484861120e+01,
8.1487847877e+01,
8.1490325277e+01,
8.1492351038e+01,
8.1493981149e+01,
8.1495269353e+01,
8.1496266620e+01,
8.1497020640e+01,
8.1497575362e+01,
8.1497970578e+01,
8.1498241608e+01,
8.1498419073e+01,
8.1498528805e+01,
8.1498591882e+01,
8.1498624811e+01,
8.1498639856e+01,
8.1498645500e+01,
8.1498647035e+01,
8.1498647262e+01,
8.1498647284e+01,
8.1498647725e+01,
8.1498650714e+01,
8.1498661701e+01,
8.1498690988e+01,
8.1498755076e+01,
8.1498877790e+01,
8.1499091119e+01,
8.1499435725e+01,
8.1499961060e+01,
8.1500725040e+01,
8.1501793242e+01,
8.1503237579e+01,
8.1505134455e+01,
8.1507562411e+01,
8.1510599322e+01,
8.1514319248e+01,
8.1518789079e+01,
8.1524065173e+01,
8.1530190201e+01,
8.1537190424e+01,
8.1545073635e+01,
8.1553827919e+01,
8.1563421363e+01,
8.1573802729e+01,
8.1584903030e+01,
8.1596637887e+01,
8.1608910445e+01,
8.1621614652e+01,
8.1634638643e+01,
8.1647868060e+01,
8.1661189124e+01,
8.1674491372e+01,
8.1687669984e+01,
8.1700627681e+01,
8.1713276200e+01,
8.1725537364e+01,
8.1737343764e+01,
8.1748639093e+01,
8.1759378160e+01,
8.1769526620e+01,
8.1779060455e+01,
8.1787965261e+01,
8.1796235383e+01,
8.1803872951e+01,
8.1810886867e+01,
8.1817291792e+01,
8.1823107155e+01,
8.1828356248e+01,
8.1833065388e+01,
8.1837263186e+01,
8.1840979919e+01,
8.1844246993e+01,
8.1847096497e+01,
8.1849560834e+01,
8.1851672406e+01,
8.1853463353e+01,
8.1854965306e+01,
8.1856209175e+01,
8.1857224932e+01,
8.1858041399e+01,
8.1858686034e+01,
8.1859184722e+01,
8.1859561564e+01,
8.1859838684e+01,
8.1860036060e+01,
8.1860171387e+01,
8.1860259983e+01,
8.1860314760e+01,
8.1860346245e+01,
8.1860362681e+01,
8.1860370191e+01,
8.1860373008e+01,
8.1860373774e+01,
8.1860373887e+01,
8.1860373899e+01,
8.1860374132e+01,
8.1860375711e+01,
8.1860381515e+01,
8.1860396987e+01,
8.1860430842e+01,
8.1860495661e+01,
8.1860608329e+01,
8.1860790285e+01,
8.1861067565e+01,
8.1861470581e+01,
8.1862033629e+01,
8.1862794093e+01,
8.1863791332e+01,
8.1865065258e+01,
8.1866654635e+01,
8.1868595153e+01,
8.1870917371e+01,
8.1873644638e+01,
8.1876791138e+01,
8.1880360220e+01,
8.1884343161e+01,
8.1888718517e+01,
8.1893452153e+01,
8.1898498019e+01,
8.1903799661e+01,
8.1909292381e+01,
8.1914905924e+01,
8.1920567472e+01,
8.1926204743e+01,
8.1931748946e+01,
8.1937137377e+01,
8.1942315495e+01,
8.1947238361e+01,
8.1951871399e+01,
8.1956190499e+01,
8.1960181556e+01,
8.1963839548e+01,
8.1967167304e+01,
8.1970174094e+01,
8.1972874179e+01,
8.1975285406e+01,
8.1977427944e+01,
8.1979323190e+01,
8.1980992876e+01,
8.1982458377e+01,
8.1983740202e+01,
8.1984857649e+01,
8.1985828602e+01,
8.1986669435e+01,
8.1987394995e+01,
8.1988018651e+01,
8.1988552385e+01,
8.1989006902e+01,
8.1989391752e+01,
8.1989715463e+01,
8.1989985661e+01,
8.1990209183e+01,
8.1990392178e+01,
8.1990540193e+01,
8.1990658243e+01,
8.1990750867e+01,
8.1990822169e+01,
8.1990875847e+01,
8.1990915209e+01,
8.1990943186e+01,
8.1990962341e+01,
8.1990974869e+01,
8.1990982609e+01,
8.1990987057e+01,
8.1990989379e+01,
8.1990990439e+01,
8.1990990837e+01,
8.1990990945e+01,
8.1990990961e+01,
8.1990990963e+01,
8.1990990998e+01,
8.1990991235e+01,
8.1990992106e+01,
8.1990994427e+01,
8.1990999505e+01,
8.1991009224e+01,
8.1991026101e+01,
8.1991053320e+01,
8.1991094705e+01,
8.1991154658e+01,
8.1991238024e+01,
8.1991349893e+01,
8.1991495328e+01,
8.1991679035e+01,
8.1991904972e+01,
8.1992175941e+01,
8.1992493191e+01,
8.1992856080e+01,
8.1993261847e+01,
8.1993705537e+01,
8.1994180113e+01,
8.1994676775e+01,
8.1995185450e+01,
8.1995695429e+01,
8.1996196075e+01,
8.1996677510e+01,
8.1997131221e+01,
8.1997550504e+01,
8.1997930712e+01,
8.1998269301e+01,
8.1998565694e+01,
8.1998821010e+01,
8.1999037695e+01,
8.1999219122e+01,
8.1999369198e+01,
8.1999492021e+01,
8.1999591613e+01,
8.1999671734e+01,
8.1999735780e+01,
8.1999786735e+01,
8.1999827153e+01,
8.1999859171e+01,
8.1999884531e+01,
8.1999904637e+01,
8.1999920612e+01,
8.1999933359e+01,
8.1999943606e+01,
8.1999951930e+01,
8.1999958777e+01,
8.1999964483e+01,
8.1999969296e+01,
8.1999973405e+01,
8.1999976959e+01,
8.1999980073e+01,
8.1999982835e+01,
8.1999985309e+01,
8.1999987534e+01,
8.1999989533e+01,
8.1999991319e+01,
8.1999992901e+01,
8.1999994286e+01,
8.1999995482e+01,
8.1999996501e+01,
8.1999997353e+01,
8.1999998054e+01,
8.1999998618e+01,
8.1999999059e+01,
8.1999999392e+01,
8.2000000000e+01,
8.2000000000e+01,
8.2000000000e+01,
8.2000000000e+01,
8.2000000000e+01,
8.2000000000e+01,
