0.0000000000e+00,
1.6687209836e-07,
5.3268879014e-06,
4.0286838797e-05,
1.6880457840e-04,
5.1139538200e-04,
1.2611961578e-03,
2.6973426961e-03,
5.1954023632e-03,
9.2345088719e-03,
1.5400960206e-02,
2.4388155623e-02,
3.6992850358e-02,
5.4107783128e-02,
7.6710768992e-02,
1.0585034084e-01,
1.4262796983e-01,
1.8817681675e-01,
2.4363689887e-01,
3.1012655318e-01,
3.8871019525e-01,
4.8036266270e-01,
5.8593091172e-01,
7.0609446988e-01,
8.4132674622e-01,
9.9185991070e-01,
1.1576564067e+00,
1.3383900979e+00,
1.5334394923e+00,
1.7418944526e+00,
1.9625764420e+00,
2.1940709033e+00,
2.4347690949e+00,
2.6829158601e+00,
2.9366595169e+00,
3.1941003464e+00,
3.4533349070e+00,
3.7124944189e+00,
3.9697765172e+00,
4.2234705644e+00,
4.4719773241e+00,
4.7138240782e+00,
4.9476762653e+00,
5.1723465083e+00,
5.3868015954e+00,
5.5901676776e+00,
5.7817337055e+00,
5.9609529978e+00,
6.1274427883e+00,
6.2809816348e+00,
6.4215046468e+00,
6.5490965744e+00,
6.6639828766e+00,
6.7665189407e+00,
6.8571776619e+00,
6.9365356087e+00,
7.0052580126e+00,
7.0640828301e+00,
7.1138041370e+00,
7.1552551351e+00,
7.1892910683e+00,
7.2167723736e+00,
7.2385484090e+00,
7.2554421160e+00,
7.2682359821e+00,
7.2776596567e+00,
7.2843795540e+00,
7.2889907356e+00,
7.2920113100e+00,
7.2938795177e+00,
7.2949535869e+00,
7.2955143580e+00,
7.2957705812e+00,
7.2958666998e+00,
7.2958928464e+00,
7.2958967056e+00,
7.2958972339e+00,
7.2959097098e+00,
7.2959942358e+00,
7.2963049608e+00,
7.2971332277e+00,
7.2989458084e+00,
7.3024168838e+00,
7.3084523825e+00,
7.3182053924e+00,
7.3330814753e+00,
7.3547328727e+00,
7.3850408083e+00,
7.4260853955e+00,
7.4801030621e+00,
7.5494319288e+00,
7.6364462071e+00,
7.7434814141e+00,
7.8727529816e+00,
8.0262716255e+00,
8.2057595821e+00,
8.4125724300e+00,
8.6476315977e+00,
8.9113726254e+00,
9.2037134916e+00,
9.5240455323e+00,
9.8712465810e+00,
1.0243712522e+01,
1.0639400840e+01,
1.1055879507e+01,
1.1490377223e+01,
1.1939835269e+01,
1.2400964539e+01,
1.2870311655e+01,
1.3344335398e+01,
1.3819490672e+01,
1.4292313851e+01,
1.4759502050e+01,
1.5217979782e+01,
1.5664948900e+01,
1.6097920731e+01,
1.6514731916e+01,
1.6913547178e+01,
1.7292852866e+01,
1.7651444875e+01,
1.7988413721e+01,
1.8303128556e+01,
1.8595220988e+01,
1.8864568935e+01,
1.9111280352e+01,
1.9335676563e+01,
1.9538274962e+01,
1.9719770926e+01,
1.9881018917e+01,
2.0023012795e+01,
2.0146865428e+01,
2.0253787695e+01,
2.0345066993e+01,
2.0422045380e+01,
2.0486097507e+01,
2.0538608581e+01,
2.0580952595e+01,
2.0614471220e+01,
2.0640453733e+01,
2.0660118480e+01,
2.0674596362e+01,
2.0684916862e+01,
2.0691997092e+01,
2.0696634288e+01,
2.0699502073e+01,
2.0701150717e+01,
2.0702011444e+01,
2.0702404714e+01,
2.0702552243e+01,
2.0702592374e+01,
2.0702598297e+01,
2.0702598860e+01,
2.0702610323e+01,
2.0702687991e+01,
2.0702973504e+01,
2.0703734565e+01,
2.0705400064e+01,
2.0708589449e+01,
2.0714135046e+01,
2.0723096141e+01,
2.0736763706e+01,
2.0756654811e+01,
2.0784495954e+01,
2.0822194811e+01,
2.0871800281e+01,
2.0935451217e+01,
2.1015314775e+01,
2.1113516066e+01,
2.1232061455e+01,
2.1372758623e+01,
2.1537137080e+01,
2.1726373313e+01,
2.1941224955e+01,
2.2181978317e+01,
2.2448413181e+01,
2.2739787954e+01,
2.3054846920e+01,
2.3391849516e+01,
2.3748619294e+01,
2.4122608090e+01,
2.4510969459e+01,
2.4910635373e+01,
2.5318391728e+01,
2.5730950618e+01,
2.6145019574e+01,
2.6557368836e+01,
2.6964897047e+01,
2.7364694080e+01,
2.7754098016e+01,
2.8130742511e+01,
2.8492591161e+01,
2.8837956794e+01,
2.9165505470e+01,
2.9474246668e+01,
2.9763512452e+01,
3.0032929015e+01,
3.0282384055e+01,
3.0511992970e+01,
3.0722066176e+01,
3.0913079024e+01,
3.1085645085e+01,
3.1240492963e+01,
3.1378446379e+01,
3.1500407014e+01,
3.1607339493e+01,
3.1700257869e+01,
3.1780213052e+01,
3.1848280713e+01,
3.1905549324e+01,
3.1953108125e+01,
3.1992034948e+01,
3.2023383947e+01,
3.2048173379e+01,
3.2067373711e+01,
3.2081896365e+01,
3.2092583495e+01,
3.2100199210e+01,
3.2105422629e+01,
3.2108843163e+01,
3.2110958312e+01,
3.2112174204e+01,
3.2112808977e+01,
3.2113099003e+01,
3.2113207800e+01,
3.2113237396e+01,
3.2113241764e+01,
3.2113242153e+01,
3.2113249805e+01,
3.2113301651e+01,
3.2113492241e+01,
3.2114000271e+01,
3.2115112012e+01,
3.2117240870e+01,
3.2120942158e+01,
3.2126922239e+01,
3.2136041211e+01,
3.2149308387e+01,
3.2167869968e+01,
3.2192988471e+01,
3.2226013826e+01,
3.2268346405e+01,
3.2321392813e+01,
3.2386515854e+01,
3.2464980723e+01,
3.2557900109e+01,
3.2666181371e+01,
3.2790479194e+01,
3.2931157095e+01,
3.3088260631e+01,
3.3261504329e+01,
3.3450273085e+01,
3.3653637406e+01,
3.3870380506e+01,
3.4099034246e+01,
3.4337920517e+01,
3.4585194994e+01,
3.4838891230e+01,
3.5096964486e+01,
3.5357336022e+01,
3.5617939146e+01,
3.5876767664e+01,
3.6131925494e+01,
3.6381673716e+01,
3.6624469495e+01,
3.6858991392e+01,
3.7084147955e+01,
3.7299070344e+01,
3.7503093268e+01,
3.7695730281e+01,
3.7876648979e+01,
3.8045649731e+01,
3.8202649292e+01,
3.8347668905e+01,
3.8480825634e+01,
3.8602325497e+01,
3.8712457226e+01,
3.8811585906e+01,
3.8900146103e+01,
3.8978634364e+01,
3.9047601129e+01,
3.9107642170e+01,
3.9159389658e+01,
3.9203502981e+01,
3.9240659378e+01,
3.9271544494e+01,
3.9296842911e+01,
3.9317228781e+01,
3.9333356701e+01,
3.9345852971e+01,
3.9355307485e+01,
3.9362266450e+01,
3.9367226196e+01,
3.9370628313e+01,
3.9372856332e+01,
3.9374234131e+01,
3.9375026178e+01,
3.9375439684e+01,
3.9375628614e+01,
3.9375699488e+01,
3.9375718768e+01,
3.9375721613e+01,
3.9375721865e+01,
3.9375726798e+01,
3.9375760222e+01,
3.9375883090e+01,
3.9376210606e+01,
3.9376927332e+01,
3.9378299818e+01,
3.9380686179e+01,
3.9384542087e+01,
3.9390422690e+01,
3.9398980012e+01,
3.9410955470e+01,
3.9427167266e+01,
3.9448492580e+01,
3.9475844693e+01,
3.9510145446e+01,
3.9552293753e+01,
3.9603131176e+01,
3.9663405933e+01,
3.9733736915e+01,
3.9814579528e+01,
3.9906195223e+01,
4.0008626571e+01,
4.0121679589e+01,
4.0244914782e+01,
4.0377648024e+01,
4.0518961924e+01,
4.0667727807e+01,
4.0822637712e+01,
4.0982245105e+01,
4.1145012188e+01,
4.1309361042e+01,
4.1473725406e+01,
4.1636599743e+01,
4.1796582562e+01,
4.1952411584e+01,
4.2102989205e+01,
4.2247397736e+01,
4.2384904818e+01,
4.2514960170e+01,
4.2637185361e+01,
4.2751358498e+01,
4.2857395742e+01,
4.2955331348e+01,
4.3045297666e+01,
4.3127506123e+01,
4.3202229934e+01,
4.3269788939e+01,
4.3330536709e+01,
4.3384849920e+01,
4.3433119802e+01,
4.3475745432e+01,
4.3513128577e+01,
4.3545669778e+01,
4.3573765372e+01,
4.3597805190e+01,
4.3618170669e+01,
4.3635233189e+01,
4.3649352470e+01,
4.3660874911e+01,
4.3670131827e+01,
4.3677437547e+01,
4.3683087423e+01,
4.3687355807e+01,
4.3690494106e+01,
4.3692729037e+01,
4.3694261225e+01,
4.3695264266e+01,
4.3695884393e+01,
4.3696240831e+01,
4.3696426902e+01,
4.3696511914e+01,
4.3696543805e+01,
4.3696552479e+01,
4.3696553760e+01,
4.3696553875e+01,
4.3696556149e+01,
4.3696571554e+01,
4.3696628187e+01,
4.3696779139e+01,
4.3697109456e+01,
4.3697741899e+01,
4.3698841247e+01,
4.3700616804e+01,
4.3703322835e+01,
4.3707256591e+01,
4.3712753693e+01,
4.3720180636e+01,
4.3729924340e+01,
4.3742378821e+01,
4.3757929269e+01,
4.3776934096e+01,
4.3799705812e+01,
4.3826491812e+01,
4.3857456445e+01,
4.3892665790e+01,
4.3932076550e+01,
4.3975530308e+01,
4.4022753950e+01,
4.4073366617e+01,
4.4126892894e+01,
4.4182781364e+01,
4.4240427121e+01,
4.4299196505e+01,
4.4358452117e+01,
4.4417576335e+01,
4.4475991762e+01,
4.4533177505e+01,
4.4588680696e+01,
4.4642123134e+01,
4.4693203375e+01,
4.4741694921e+01,
4.4787441353e+01,
4.4830349302e+01,
4.4870380154e+01,
4.4907541261e+01,
4.4941877260e+01,
4.4973461976e+01,
4.5002391191e+01,
4.5028776443e+01,
4.5052739877e+01,
4.5074410144e+01,
4.5093919217e+01,
4.5111400032e+01,
4.5126984795e+01,
4.5140803837e+01,
4.5152984877e+01,
4.5163652584e+01,
4.5172928338e+01,
4.5180930106e+01,
4.5187772367e+01,
4.5193566030e+01,
4.5198418306e+01,
4.5202432509e+01,
4.5205707775e+01,
4.5208338689e+01,
4.5210414838e+01,
4.5212020309e+01,
4.5213233150e+01,
4.5214124850e+01,
4.5214759855e+01,
4.5215195184e+01,
4.5215480167e+01,
4.5215656356e+01,
4.5215757625e+01,
4.5215810491e+01,
4.5215834644e+01,
4.5215843705e+01,
4.5215846169e+01,
4.5215846533e+01,
4.5215846567e+01,
4.5215847240e+01,
4.5215851800e+01,
4.5215868566e+01,
4.5215913253e+01,
4.5216011038e+01,
4.5216198260e+01,
4.5216523688e+01,
4.5217049260e+01,
4.5217850192e+01,
4.5219014369e+01,
4.5220640944e+01,
4.5222838068e+01,
4.5225719746e+01,
4.5229401839e+01,
4.5233997324e+01,
4.5239610999e+01,
4.5246333918e+01,
4.5254237918e+01,
4.5263370652e+01,
4.5273751571e+01,
4.5285369241e+01,
4.5298180318e+01,
4.5312110317e+01,
4.5327056187e+01,
4.5342890463e+01,
4.5359466654e+01,
4.5376625375e+01,
4.5394200713e+01,
4.5412026315e+01,
4.5429940794e+01,
4.5447792154e+01,
4.5465441100e+01,
4.5482763205e+01,
4.5499650041e+01,
4.5516009432e+01,
4.5531765033e+01,
4.5546855435e+01,
4.5561232989e+01,
4.5574862478e+01,
4.5587719771e+01,
4.5599790516e+01,
4.5611068926e+01,
4.5621556677e+01,
4.5631261918e+01,
4.5640198396e+01,
4.5648384691e+01,
4.5655843531e+01,
4.5662601197e+01,
4.5668686995e+01,
4.5674132780e+01,
4.5678972539e+01,
4.5683241994e+01,
4.5686978249e+01,
4.5690219442e+01,
4.5693004410e+01,
4.5695372352e+01,
4.5697362489e+01,
4.5699013714e+01,
4.5700364229e+01,
4.5701451175e+01,
4.5702310263e+01,
4.5702975400e+01,
4.5703478343e+01,
4.5703848374e+01,
4.5704112017e+01,
4.5704292822e+01,
4.5704411212e+01,
4.5704484417e+01,
4.5704526498e+01,
4.5704548467e+01,
4.5704558504e+01,
4.5704562269e+01,
4.5704563293e+01,
4.5704563445e+01,
4.5704563459e+01,
4.5704563753e+01,
4.5704565747e+01,
4.5704573077e+01,
4.5704592616e+01,
4.5704635372e+01,
4.5704717240e+01,
4.5704859564e+01,
4.5705089477e+01,
4.5705439981e+01,
4.5705949738e+01,
4.5706662539e+01,
4.5707626436e+01,
4.5708892513e+01,
4.5710513337e+01,
4.5712541093e+01,
4.5715025476e+01,
4.5718011443e+01,
4.5721536922e+01,
4.5725630632e+01,
4.5730310157e+01,
4.5735580423e+01,
4.5741432694e+01,
4.5747844187e+01,
4.5754778342e+01,
4.5762185745e+01,
4.5770005641e+01,
4.5778167944e+01,
4.5786595604e+01,
4.5795207185e+01,
4.5803919507e+01,
4.5812650196e+01,
4.5821320033e+01,
4.5829854984e+01,
4.5838187854e+01,
4.5846259519e+01,
4.5854019715e+01,
4.5861427417e+01,
4.5868450827e+01,
4.5875067039e+01,
4.5881261445e+01,
4.5887026940e+01,
4.5892363015e+01,
4.5897274789e+01,
4.5901772041e+01,
4.5905868277e+01,
4.5909579879e+01,
4.5912925349e+01,
4.5915924650e+01,
4.5918598666e+01,
4.5920968757e+01,
4.5923056423e+01,
4.5924883030e+01,
4.5926469626e+01,
4.5927836798e+01,
4.5929004572e+01,
4.5929992340e+01,
4.5930818807e+01,
4.5931501934e+01,
4.5932058888e+01,
4.5932505983e+01,
4.5932858614e+01,
4.5933131184e+01,
4.5933337027e+01,
4.5933488327e+01,
4.5933596052e+01,
4.5933669893e+01,
4.5933718229e+01,
4.5933748110e+01,
4.5933765284e+01,
4.5933774250e+01,
4.5933778346e+01,
4.5933779882e+01,
4.5933780300e+01,
4.5933780362e+01,
4.5933780368e+01,
4.5933780495e+01,
4.5933781356e+01,
4.5933784522e+01,
4.5933792961e+01,
4.5933811426e+01,
4.5933846776e+01,
4.5933908214e+01,
4.5934007414e+01,
4.5934158532e+01,
4.5934378068e+01,
4.5934684563e+01,
4.5935098122e+01,
4.5935639747e+01,
4.5936330493e+01,
4.5937190456e+01,
4.5938237652e+01,
4.5939486819e+01,
4.5940948246e+01,
4.5942626710e+01,
4.5944520623e+01,
4.5946621487e+01,
4.5948913739e+01,
4.5951375027e+01,
4.5953976940e+01,
4.5956686142e+01,
4.5959465848e+01,
4.5962277505e+01,
4.5965082560e+01,
4.5967844161e+01,
4.5970528653e+01,
4.5973106778e+01,
4.5975554498e+01,
4.5977853438e+01,
4.5979990936e+01,
4.5981959776e+01,
4.5983757666e+01,
4.5985386537e+01,
4.5986851749e+01,
4.5988161285e+01,
4.5989324969e+01,
4.5990353781e+01,
4.5991259253e+01,
4.5992052999e+01,
4.5992746342e+01,
4.5993350056e+01,
4.5993874191e+01,
4.5994327976e+01,
4.5994719781e+01,
4.5995057121e+01,
4.5995346690e+01,
4.5995594416e+01,
4.5995805531e+01,
4.5995984639e+01,
4.5996135796e+01,
4.5996262575e+01,
4.5996368135e+01,
4.5996455276e+01,
4.5996526492e+01,
4.5996584011e+01,
4.5996629832e+01,
4.5996665749e+01,
4.5996693379e+01,
4.5996714167e+01,
4.5996729404e+01,
4.5996740232e+01,
4.5996747643e+01,
4.5996752489e+01,
4.5996755484e+01,
4.5996757204e+01,
4.5996758102e+01,
4.5996758512e+01,
4.5996758666e+01,
4.5996758708e+01,
4.5996758714e+01,
4.5996758715e+01,
4.5996758728e+01,
4.5996758820e+01,
4.5996759157e+01,
4.5996760054e+01,
4.5996762018e+01,
4.5996765777e+01,
4.5996772302e+01,
4.5996782825e+01,
4.5996798818e+01,
4.5996821977e+01,
4.5996854159e+01,
4.5996897304e+01,
4.5996953327e+01,
4.5997023982e+01,
4.5997110705e+01,
4.5997214455e+01,
4.5997335556e+01,
4.5997473573e+01,
4.5997627232e+01,
4.5997794406e+01,
4.5997972186e+01,
4.5998157021e+01,
4.5998344940e+01,
4.5998531816e+01,
4.5998713646e+01,
4.5998886823e+01,
4.5999048348e+01,
4.5999195982e+01,
4.5999328311e+01,
4.5999444731e+01,
4.5999545368e+01,
4.5999630944e+01,
4.5999702622e+01,
4.5999761839e+01,
4.5999810160e+01,
4.5999849163e+01,
4.5999880354e+01,
4.5999905115e+01,
4.5999924668e+01,
4.5999940063e+01,
4.5999952169e+01,
4.5999961704e+01,
4.5999969269e+01,
4.5999975375e+01,
4.5999980451e+01,
4.5999984822e+01,
4.5999988689e+01,
4.5999992122e+01,
4.5999995108e+01,
4.5999997612e+01,
4.6000000000e+01,
4.5999998798e+01,
4.5999998867e+01,
4.5999999300e+01,
4.6000000000e+01,
4.5999999556e+01,
4.5999999545e+01,
4.6000000000e+01,
4.6000000000e+01,
4.6000000000e+01,
4.5999999541e+01,
4.5999999529e+01,
4.5999999567e+01,
4.6000000000e+01,
4.6000000000e+01,
4.6000000000e+01,
4.6000000000e+01,
4.6000000000e+01,
4.6000000000e+01,
4.6000000000e+01,
4.6000000000e+01,
4.6000000000e+01,
4.6000000000e+01,
4.6000000000e+01,
