0.0000000000e+00,
2.4911599894e-07,
7.9522762988e-06,
6.0142457201e-05,
2.5200112020e-04,
7.6344152160e-04,
1.8827956948e-03,
4.0267966951e-03,
7.7561816987e-03,
1.3786400919e-02,
2.2993089610e-02,
3.6412127062e-02,
5.5234243284e-02,
8.0794214003e-02,
1.1455468433e-01,
1.5808457102e-01,
2.1303182867e-01,
2.8109017918e-01,
3.6395929102e-01,
4.6329797907e-01,
5.8067040539e-01,
7.1748607797e-01,
8.7493565283e-01,
1.0539259896e+00,
1.2550192918e+00,
1.4783820873e+00,
1.7237498827e+00,
1.9904123212e+00,
2.2772215937e+00,
2.5826240198e+00,
2.9047116986e+00,
3.2412885977e+00,
3.5899439773e+00,
3.9481259417e+00,
4.3132091151e+00,
4.6825525767e+00,
5.0535466630e+00,
5.4236494667e+00,
5.7904153491e+00,
6.1515183480e+00,
6.5047730327e+00,
6.8481544273e+00,
7.1798174540e+00,
7.4981153263e+00,
7.8016157113e+00,
8.0891133691e+00,
8.3596382929e+00,
8.6124589147e+00,
8.8470804893e+00,
9.0632391712e+00,
9.2608924811e+00,
9.4402068587e+00,
9.6015428832e+00,
9.7454385919e+00,
9.8725911962e+00,
9.9838374140e+00,
1.0080132601e+01,
1.0162528883e+01,
1.0232152515e+01,
1.0290180769e+01,
1.0337818699e+01,
1.0376276179e+01,
1.0406745693e+01,
1.0430381342e+01,
1.0448279600e+01,
1.0461462296e+01,
1.0470862310e+01,
1.0477312395e+01,
1.0481537469e+01,
1.0484150620e+01,
1.0485652960e+01,
1.0486437328e+01,
1.0486795714e+01,
1.0486930158e+01,
1.0486966730e+01,
1.0486972128e+01,
1.0486972867e+01,
1.0486990317e+01,
1.0487108546e+01,
1.0487543165e+01,
1.0488701678e+01,
1.0491236955e+01,
1.0496091921e+01,
1.0504533521e+01,
1.0518174102e+01,
1.0538978531e+01,
1.0569255569e+01,
1.0611632349e+01,
1.0669011223e+01,
1.0744508929e+01,
1.0841378795e+01,
1.0962917773e+01,
1.1112361227e+01,
1.1292769641e+01,
1.1506912441e+01,
1.1757154869e+01,
1.2045353895e+01,
1.2372768506e+01,
1.2739988282e+01,
1.3146882556e+01,
1.3592571221e+01,
1.4075418067e+01,
1.4593048340e+01,
1.5142393169e+01,
1.5719763190e+01,
1.6320951163e+01,
1.6941358975e+01,
1.7576139484e+01,
1.8220340306e+01,
1.8869036356e+01,
1.9517441041e+01,
2.0160991403e+01,
2.0795408383e+01,
2.1416737786e+01,
2.2021379210e+01,
2.2606108983e+01,
2.3168100128e+01,
2.3704938944e+01,
2.4214635649e+01,
2.4695626256e+01,
2.5146764240e+01,
2.5567302632e+01,
2.5956868784e+01,
2.6315434762e+01,
2.6643285991e+01,
2.6940989980e+01,
2.7209366066e+01,
2.7449456385e+01,
2.7662497914e+01,
2.7849895218e+01,
2.8013193564e+01,
2.8154052114e+01,
2.8274216998e+01,
2.8375494199e+01,
2.8459722295e+01,
2.8528745205e+01,
2.8584385226e+01,
2.8628416773e+01,
2.8662541316e+01,
2.8688364123e+01,
2.8707373478e+01,
2.8720923025e+01,
2.8730217922e+01,
2.8736305359e+01,
2.8740069918e+01,
2.8742234068e+01,
2.8743363922e+01,
2.8743880155e+01,
2.8744073811e+01,
2.8744126490e+01,
2.8744134265e+01,
2.8744135003e+01,
2.8744150051e+01,
2.8744252002e+01,
2.8744626785e+01,
2.8745625797e+01,
2.8747812006e+01,
2.8751998465e+01,
2.8759277516e+01,
2.8771039083e+01,
2.8788976518e+01,
2.8815078673e+01,
2.8851607101e+01,
2.8901057656e+01,
2.8966106308e+01,
2.9049539630e+01,
2.9154171325e+01,
2.9282747079e+01,
2.9437841095e+01,
2.9621748630e+01,
2.9836379666e+01,
3.0083159369e+01,
3.0362941119e+01,
3.0675937630e+01,
3.1021675005e+01,
3.1398973670e+01,
3.1805958922e+01,
3.2240102481e+01,
3.2698294665e+01,
3.3176944658e+01,
3.3672103640e+01,
3.4179602750e+01,
3.4695195368e+01,
3.5214692024e+01,
3.5734076810e+01,
3.6249596874e+01,
3.6757820866e+01,
3.7255667228e+01,
3.7740407678e+01,
3.8209654174e+01,
3.8661338420e+01,
3.9093691643e+01,
3.9505229532e+01,
3.9894743839e+01,
4.0261299142e+01,
4.0604231483e+01,
4.0923145224e+01,
4.1217905380e+01,
4.1488624303e+01,
4.1735643126e+01,
4.1959509493e+01,
4.2160953399e+01,
4.2340862792e+01,
4.2500259983e+01,
4.2640279370e+01,
4.2762146465e+01,
4.2867157996e+01,
4.2956662689e+01,
4.3032042441e+01,
4.3094693637e+01,
4.3146008550e+01,
4.3187356901e+01,
4.3220067783e+01,
4.3245412293e+01,
4.3264587301e+01,
4.3278700847e+01,
4.3288759682e+01,
4.3295659464e+01,
4.3300178061e+01,
4.3302972338e+01,
4.3304578667e+01,
4.3305417286e+01,
4.3305800451e+01,
4.3305944188e+01,
4.3305983288e+01,
4.3305989059e+01,
4.3305989573e+01,
4.3305999683e+01,
4.3306068179e+01,
4.3306319977e+01,
4.3306991163e+01,
4.3308459967e+01,
4.3311272629e+01,
4.3316163019e+01,
4.3324064898e+01,
4.3336115817e+01,
4.3353651729e+01,
4.3378191591e+01,
4.3411411467e+01,
4.3455108019e+01,
4.3511151753e+01,
4.3581431012e+01,
4.3667788385e+01,
4.3771951998e+01,
4.3895464833e+01,
4.4039615823e+01,
4.4205376729e+01,
4.4393348687e+01,
4.4603721657e+01,
4.4836248880e+01,
4.5090236994e+01,
4.5364551086e+01,
4.5657633050e+01,
4.5967531485e+01,
4.6291942049e+01,
4.6628258176e+01,
4.6973632655e+01,
4.7325050265e+01,
4.7679410274e+01,
4.8033615475e+01,
4.8384662467e+01,
4.8729726632e+01,
4.9066235353e+01,
4.9391924265e+01,
4.9704873578e+01,
5.0003523985e+01,
5.0286673966e+01,
5.0553461955e+01,
5.0803337642e+01,
5.1036026822e+01,
5.1251493640e+01,
5.1449903292e+01,
5.1631587278e+01,
5.1797012406e+01,
5.1946754049e+01,
5.2081473616e+01,
5.2201899858e+01,
5.2308813473e+01,
5.2403034371e+01,
5.2485411001e+01,
5.2556811160e+01,
5.2618113793e+01,
5.2670201375e+01,
5.2713952552e+01,
5.2750234818e+01,
5.2779897091e+01,
5.2803762168e+01,
5.2822619094e+01,
5.2837215609e+01,
5.2848250886e+01,
5.2856368829e+01,
5.2862152249e+01,
5.2866118232e+01,
5.2868715026e+01,
5.2870320676e+01,
5.2871243639e+01,
5.2871725473e+01,
5.2871945618e+01,
5.2872028201e+01,
5.2872050665e+01,
5.2872053981e+01,
5.2872054274e+01,
5.2872060022e+01,
5.2872098968e+01,
5.2872242133e+01,
5.2872623746e+01,
5.2873458828e+01,
5.2875057845e+01,
5.2877837723e+01,
5.2882328528e+01,
5.2889175140e+01,
5.2899133293e+01,
5.2913059421e+01,
5.2931893932e+01,
5.2956637748e+01,
5.2988322309e+01,
5.3027973665e+01,
5.3076571795e+01,
5.3135006865e+01,
5.3204034638e+01,
5.3284233683e+01,
5.3375967267e+01,
5.3479352788e+01,
5.3594241234e+01,
5.3720208591e+01,
5.3856560187e+01,
5.4002348002e+01,
5.4156399995e+01,
5.4317359643e+01,
5.4483733272e+01,
5.4653942344e+01,
5.4826377630e+01,
5.4999452092e+01,
5.5171649291e+01,
5.5341564407e+01,
5.5507935506e+01,
5.5669663724e+01,
5.5825822306e+01,
5.5975655789e+01,
5.6118571577e+01,
5.6254126592e+01,
5.6382011538e+01,
5.6502034718e+01,
5.6614106644e+01,
5.6718226025e+01,
5.6814467282e+01,
5.6902969495e+01,
5.6983926602e+01,
5.7057578686e+01,
5.7124204232e+01,
5.7184113243e+01,
5.7237641174e+01,
5.7285143578e+01,
5.7326991403e+01,
5.7363566826e+01,
5.7395259512e+01,
5.7422463181e+01,
5.7445572351e+01,
5.7464979178e+01,
5.7481070291e+01,
5.7494223587e+01,
5.7504804961e+01,
5.7513165012e+01,
5.7519635760e+01,
5.7524527499e+01,
5.7528125879e+01,
5.7530689370e+01,
5.7532447246e+01,
5.7533598227e+01,
5.7534309895e+01,
5.7534718975e+01,
5.7534932535e+01,
5.7535030109e+01,
5.7535066711e+01,
5.7535076668e+01,
5.7535078137e+01,
5.7535078269e+01,
5.7535080879e+01,
5.7535098561e+01,
5.7535163562e+01,
5.7535336824e+01,
5.7535715970e+01,
5.7536441951e+01,
5.7537704037e+01,
5.7539742825e+01,
5.7542850962e+01,
5.7547371272e+01,
5.7553692039e+01,
5.7562239259e+01,
5.7573465772e+01,
5.7587837378e+01,
5.7605816204e+01,
5.7627841872e+01,
5.7654311250e+01,
5.7685557838e+01,
5.7721832037e+01,
5.7763283673e+01,
5.7809948140e+01,
5.7861737407e+01,
5.7918436828e+01,
5.7979708289e+01,
5.8045099731e+01,
5.8114060516e+01,
5.8185961627e+01,
5.8260119204e+01,
5.8335819714e+01,
5.8412344885e+01,
5.8488994735e+01,
5.8565107284e+01,
5.8640074030e+01,
5.8713350797e+01,
5.8784464058e+01,
5.8853013265e+01,
5.8918669985e+01,
5.8981174734e+01,
5.9040332351e+01,
5.9096006616e+01,
5.9148114602e+01,
5.9196621049e+01,
5.9241532908e+01,
5.9282894080e+01,
5.9320780358e+01,
5.9355294550e+01,
5.9386561826e+01,
5.9414725319e+01,
5.9439942057e+01,
5.9462379294e+01,
5.9482211279e+01,
5.9499616487e+01,
5.9514775316e+01,
5.9527868171e+01,
5.9539073914e+01,
5.9548568565e+01,
5.9556524190e+01,
5.9563107899e+01,
5.9568480892e+01,
5.9572797508e+01,
5.9576204261e+01,
5.9578838860e+01,
5.9580829241e+01,
5.9582292644e+01,
5.9583334797e+01,
5.9584049255e+01,
5.9584516971e+01,
5.9584806134e+01,
5.9584972340e+01,
5.9585059104e+01,
5.9585098745e+01,
5.9585113615e+01,
5.9585117660e+01,
5.9585118257e+01,
5.9585118312e+01,
5.9585119417e+01,
5.9585126902e+01,
5.9585154418e+01,
5.9585227760e+01,
5.9585388247e+01,
5.9585695521e+01,
5.9586229627e+01,
5.9587092224e+01,
5.9588406768e+01,
5.9590317522e+01,
5.9592987239e+01,
5.9596593433e+01,
5.9601323162e+01,
5.9607366357e+01,
5.9614907837e+01,
5.9624118249e+01,
5.9635144369e+01,
5.9648099294e+01,
5.9663053217e+01,
5.9680025550e+01,
5.9698979207e+01,
5.9719817802e+01,
5.9742386378e+01,
5.9766476056e+01,
5.9791832603e+01,
5.9818168515e+01,
5.9845177688e+01,
5.9872551295e+01,
5.9899993194e+01,
5.9927233149e+01,
5.9954036441e+01,
5.9980209084e+01,
6.0005598629e+01,
6.0030091255e+01,
6.0053606375e+01,
6.0076090083e+01,
6.0097508623e+01,
6.0117842712e+01,
6.0137083113e+01,
6.0155227543e+01,
6.0172278737e+01,
6.0188243424e+01,
6.0203131901e+01,
6.0216957982e+01,
6.0229739117e+01,
6.0241496558e+01,
6.0252255497e+01,
6.0262045141e+01,
6.0270898685e+01,
6.0278853216e+01,
6.0285949510e+01,
6.0292231766e+01,
6.0297747255e+01,
6.0302545898e+01,
6.0306679789e+01,
6.0310202653e+01,
6.0313169252e+01,
6.0315634752e+01,
6.0317654061e+01,
6.0319281137e+01,
6.0320568310e+01,
6.0321565612e+01,
6.0322320143e+01,
6.0322875508e+01,
6.0323271321e+01,
6.0323542826e+01,
6.0323720632e+01,
6.0323830586e+01,
6.0323893795e+01,
6.0323926794e+01,
6.0323941872e+01,
6.0323947528e+01,
6.0323949066e+01,
6.0323949294e+01,
6.0323949315e+01,
6.0323949757e+01,
6.0323952753e+01,
6.0323963764e+01,
6.0323993114e+01,
6.0324057344e+01,
6.0324180338e+01,
6.0324394180e+01,
6.0324739686e+01,
6.0325266562e+01,
6.0326033150e+01,
6.0327105727e+01,
6.0328557337e+01,
6.0330466145e+01,
6.0332913346e+01,
6.0335980653e+01,
6.0339747485e+01,
6.0344287935e+01,
6.0349667693e+01,
6.0355941089e+01,
6.0363148440e+01,
6.0371313866e+01,
6.0380443731e+01,
6.0390525810e+01,
6.0401529212e+01,
6.0413405062e+01,
6.0426087855e+01,
6.0439497358e+01,
6.0453540923e+01,
6.0468116032e+01,
6.0483112932e+01,
6.0498417235e+01,
6.0513912397e+01,
6.0529482017e+01,
6.0545011944e+01,
6.0560392190e+01,
6.0575518651e+01,
6.0590294628e+01,
6.0604632149e+01,
6.0618453047e+01,
6.0631689781e+01,
6.0644285971e+01,
6.0656196617e+01,
6.0667388034e+01,
6.0677837498e+01,
6.0687532657e+01,
6.0696470750e+01,
6.0704657697e+01,
6.0712107113e+01,
6.0718839289e+01,
6.0724880203e+01,
6.0730260566e+01,
6.0735014938e+01,
6.0739180917e+01,
6.0742798410e+01,
6.0745908956e+01,
6.0748555128e+01,
6.0750779959e+01,
6.0752626418e+01,
6.0754136908e+01,
6.0755352775e+01,
6.0756313850e+01,
6.0757057999e+01,
6.0757620713e+01,
6.0758034731e+01,
6.0758329721e+01,
6.0758532027e+01,
6.0758664497e+01,
6.0758746408e+01,
6.0758793494e+01,
6.0758818075e+01,
6.0758829306e+01,
6.0758833519e+01,
6.0758834665e+01,
6.0758834835e+01,
6.0758834851e+01,
6.0758835200e+01,
6.0758837561e+01,
6.0758846243e+01,
6.0758869382e+01,
6.0758920018e+01,
6.0759016974e+01,
6.0759185525e+01,
6.0759457795e+01,
6.0759872851e+01,
6.0760476441e+01,
6.0761320351e+01,
6.0762461341e+01,
6.0763959662e+01,
6.0765877138e+01,
6.0768274858e+01,
6.0771210545e+01,
6.0774735678e+01,
6.0778892519e+01,
6.0783711200e+01,
6.0789207066e+01,
6.0795378465e+01,
6.0802205205e+01,
6.0809647843e+01,
6.0817647944e+01,
6.0826129392e+01,
6.0835000737e+01,
6.0844158483e+01,
6.0853491127e+01,
6.0862883675e+01,
6.0872222313e+01,
6.0881398889e+01,
6.0890314868e+01,
6.0898884509e+01,
6.0907037073e+01,
6.0914717994e+01,
6.0921889048e+01,
6.0928527638e+01,
6.0934625372e+01,
6.0940186160e+01,
6.0945224041e+01,
6.0949760936e+01,
6.0953824485e+01,
6.0957446083e+01,
6.0960659195e+01,
6.0963497963e+01,
6.0965996132e+01,
6.0968186248e+01,
6.0970099118e+01,
6.0971763475e+01,
6.0973205815e+01,
6.0974450363e+01,
6.0975519132e+01,
6.0976432044e+01,
6.0977207096e+01,
6.0977860533e+01,
6.0978407038e+01,
6.0978859901e+01,
6.0979231182e+01,
6.0979531844e+01,
6.0979771868e+01,
6.0979960340e+01,
6.0980105513e+01,
6.0980214852e+01,
6.0980295058e+01,
6.0980352081e+01,
6.0980391128e+01,
6.0980416669e+01,
6.0980432452e+01,
6.0980441521e+01,
6.0980446255e+01,
6.0980448417e+01,
6.0980449228e+01,
6.0980449449e+01,
6.0980449482e+01,
6.0980449485e+01,
6.0980449556e+01,
6.0980450039e+01,
6.0980451815e+01,
6.0980456549e+01,
6.0980466905e+01,
6.0980486723e+01,
6.0980521146e+01,
6.0980576667e+01,
6.0980661109e+01,
6.0980783483e+01,
6.0980953740e+01,
6.0981182378e+01,
6.0981479918e+01,
6.0981856242e+01,
6.0982319833e+01,
6.0982876957e+01,
6.0983530857e+01,
6.0984281053e+01,
6.0985122831e+01,
6.0986047032e+01,
6.0987040190e+01,
6.0988085064e+01,
6.0989161544e+01,
6.0990247848e+01,
6.0991321907e+01,
6.0992362770e+01,
6.0993351876e+01,
6.0994274061e+01,
6.0995118194e+01,
6.0995877407e+01,
6.0996548944e+01,
6.0997133690e+01,
6.0997635496e+01,
6.0998060405e+01,
6.0998415875e+01,
6.0998710086e+01,
6.0998951355e+01,
6.0999147687e+01,
6.0999306457e+01,
6.0999434236e+01,
6.0999536717e+01,
6.0999618739e+01,
6.0999684351e+01,
6.0999736903e+01,
6.0999779125e+01,
6.0999813216e+01,
6.0999840925e+01,
6.0999863637e+01,
6.0999882450e+01,
6.0999898232e+01,
6.0999911660e+01,
6.0999923254e+01,
6.0999933401e+01,
6.0999942377e+01,
6.0999950376e+01,
6.0999957536e+01,
6.0999963952e+01,
6.0999969692e+01,
6.0999974808e+01,
6.0999979338e+01,
6.0999983314e+01,
6.0999986764e+01,
6.0999989718e+01,
6.0999992205e+01,
6.0999994258e+01,
6.0999995915e+01,
6.0999997215e+01,
6.0999998201e+01,
6.0999998916e+01,
6.0999999406e+01,
6.1000000000e+01,
6.1000000000e+01,
6.1000000000e+01,
6.1000000000e+01,
