0.0000000000e+00,
3.9594989687e-07,
1.2639507204e-05,
9.5591646001e-05,
4.0053603180e-04,
1.2134330549e-03,
2.9925764956e-03,
6.4003778151e-03,
1.2328223367e-02,
2.1913609536e-02,
3.6549034137e-02,
5.7882369586e-02,
8.7808611932e-02,
1.2845293271e-01,
1.8214481329e-01,
2.5138271000e-01,
3.3878825257e-01,
4.4704858712e-01,
5.7884540712e-01,
7.3676979115e-01,
9.2322345310e-01,
1.1403094770e+00,
1.3897187803e+00,
1.6726217533e+00,
1.9895767641e+00,
2.3404674797e+00,
2.7244785451e+00,
3.1401141331e+00,
3.5852571547e+00,
4.0572601446e+00,
4.5530538871e+00,
5.0692581933e+00,
5.6022813836e+00,
6.1484003258e+00,
6.7038197217e+00,
7.2647156493e+00,
7.8272722911e+00,
8.3877211426e+00,
8.9423887831e+00,
9.4877537397e+00,
1.0020507354e+01,
1.0537610340e+01,
1.1036337267e+01,
1.1514304966e+01,
1.1969485507e+01,
1.2400207686e+01,
1.2805151757e+01,
1.3183341022e+01,
1.3534132071e+01,
1.3857203926e+01,
1.4152545540e+01,
1.4420440918e+01,
1.4661451285e+01,
1.4876394070e+01,
1.5066318699e+01,
1.5232479474e+01,
1.5376305897e+01,
1.5499370909e+01,
1.5603357599e+01,
1.5690024943e+01,
1.5761173221e+01,
1.5818609786e+01,
1.5864115910e+01,
1.5899415457e+01,
1.5926146146e+01,
1.5945834162e+01,
1.5959872799e+01,
1.5969505787e+01,
1.5975815784e+01,
1.5979718428e+01,
1.5981962117e+01,
1.5983133540e+01,
1.5983668777e+01,
1.5983869564e+01,
1.5983924182e+01,
1.5983932244e+01,
1.5983933348e+01,
1.5983959409e+01,
1.5984135979e+01,
1.5984785065e+01,
1.5986515260e+01,
1.5990301595e+01,
1.5997552287e+01,
1.6010159445e+01,
1.6030530990e+01,
1.6061601236e+01,
1.6106817942e+01,
1.6170104046e+01,
1.6255792983e+01,
1.6368537384e+01,
1.6513192089e+01,
1.6694673866e+01,
1.6917801751e+01,
1.7187123593e+01,
1.7506735873e+01,
1.7880105197e+01,
1.8309900804e+01,
1.8797848086e+01,
1.9344613186e+01,
1.9949728135e+01,
2.0611564024e+01,
2.1327356022e+01,
2.2093278504e+01,
2.2904562068e+01,
2.3755638802e+01,
2.4640300218e+01,
2.5551855479e+01,
2.6483285154e+01,
2.7427393910e+01,
2.8376968985e+01,
2.9324946048e+01,
3.0264572355e+01,
3.1189547358e+01,
3.2094122083e+01,
3.2973151503e+01,
3.3822109771e+01,
3.4637085922e+01,
3.5414774673e+01,
3.6152468330e+01,
3.6848048536e+01,
3.7499973621e+01,
3.8107258172e+01,
3.8669443881e+01,
3.9186562874e+01,
3.9659095960e+01,
4.0087928382e+01,
4.0474305166e+01,
4.0819787415e+01,
4.1126210132e+01,
4.1395641628e+01,
4.1630344186e+01,
4.1832735563e+01,
4.2005350860e+01,
4.2150804483e+01,
4.2271752032e+01,
4.2370852238e+01,
4.2450729236e+01,
4.2513935718e+01,
4.2562917672e+01,
4.2599981583e+01,
4.2627265030e+01,
4.2646711697e+01,
4.2660051732e+01,
4.2668788313e+01,
4.2674191098e+01,
4.2677297009e+01,
4.2678918530e+01,
4.2679659406e+01,
4.2679937333e+01,
4.2680012935e+01,
4.2680024094e+01,
4.2680025153e+01,
4.2680046750e+01,
4.2680193066e+01,
4.2680730937e+01,
4.2682164674e+01,
4.2685302216e+01,
4.2691310387e+01,
4.2701756779e+01,
4.2718635913e+01,
4.2744377491e+01,
4.2781834771e+01,
4.2834251494e+01,
4.2905206296e+01,
4.2998534356e+01,
4.3118227054e+01,
4.3268311734e+01,
4.3452715158e+01,
4.3675115876e+01,
4.3938792283e+01,
4.4246474360e+01,
4.4600207827e+01,
4.5001239296e+01,
4.5449929903e+01,
4.5945702791e+01,
4.6487026889e+01,
4.7071436291e+01,
4.7695581986e+01,
4.8355311580e+01,
4.9045773441e+01,
4.9761543715e+01,
5.0496776132e+01,
5.1245372711e+01,
5.2001167114e+01,
5.2758103910e+01,
5.3510392243e+01,
5.4252617284e+01,
5.4979806426e+01,
5.5687461800e+01,
5.6371577177e+01,
5.7028653563e+01,
5.7655718297e+01,
5.8250344026e+01,
5.8810660205e+01,
5.9335350744e+01,
5.9823634844e+01,
6.0275231869e+01,
6.0690313799e+01,
6.1069450098e+01,
6.1413549803e+01,
6.1723804818e+01,
6.2001637196e+01,
6.2248651943e+01,
6.2466595851e+01,
6.2657322060e+01,
6.2822759600e+01,
6.2964886895e+01,
6.3085708178e+01,
6.3187231848e+01,
6.3271450018e+01,
6.3340318681e+01,
6.3395738239e+01,
6.3439534350e+01,
6.3473439307e+01,
6.3499074375e+01,
6.3517933636e+01,
6.3531370039e+01,
6.3540584354e+01,
6.3546617707e+01,
6.3550348301e+01,
6.3552492747e+01,
6.3553612261e+01,
6.3554123758e+01,
6.3554315636e+01,
6.3554367831e+01,
6.3554375534e+01,
6.3554376220e+01,
6.3554389716e+01,
6.3554481152e+01,
6.3554817278e+01,
6.3555713235e+01,
6.3557673858e+01,
6.3561428085e+01,
6.3567954840e+01,
6.3578498773e+01,
6.3594574288e+01,
6.3617956393e+01,
6.3650657093e+01,
6.3694886410e+01,
6.3752997650e+01,
6.3827417318e+01,
6.3920561062e+01,
6.4034738249e+01,
6.4172049083e+01,
6.4334279497e+01,
6.4522800205e+01,
6.4738477051e+01,
6.4981600016e+01,
6.5251837556e+01,
6.5548221490e+01,
6.5869165128e+01,
6.6212514197e+01,
6.6575626584e+01,
6.6955473657e+01,
6.7348753627e+01,
6.7752006646e+01,
6.8161722396e+01,
6.8574433680e+01,
6.8986793227e+01,
6.9395634567e+01,
6.9798020205e+01,
7.0191280823e+01,
7.0573047720e+01,
7.0941278164e+01,
7.1294271150e+01,
7.1630670533e+01,
7.1949454035e+01,
7.2249909406e+01,
7.2531601609e+01,
7.2794336145e+01,
7.3038123186e+01,
7.3263145602e+01,
7.3469732159e+01,
7.3658335738e+01,
7.3829515643e+01,
7.3983922882e+01,
7.4122287410e+01,
7.4245406607e+01,
7.4354134513e+01,
7.4449371499e+01,
7.4532054200e+01,
7.4603145564e+01,
7.4663624918e+01,
7.4714477965e+01,
7.4756686665e+01,
7.4791218993e+01,
7.4819018631e+01,
7.4840994735e+01,
7.4858011944e+01,
7.4870880934e+01,
7.4880349810e+01,
7.4887096695e+01,
7.4891723870e+01,
7.4894753808e+01,
7.4896627366e+01,
7.4897704359e+01,
7.4898266612e+01,
7.4898523502e+01,
7.4898619869e+01,
7.4898646083e+01,
7.4898649952e+01,
7.4898650294e+01,
7.4898657002e+01,
7.4898702448e+01,
7.4898869511e+01,
7.4899314826e+01,
7.4900289319e+01,
7.4902155332e+01,
7.4905399534e+01,
7.4910640858e+01,
7.4918632692e+01,
7.4930258669e+01,
7.4946521443e+01,
7.4968524054e+01,
7.4997443727e+01,
7.5034498298e+01,
7.5080905917e+01,
7.5137839214e+01,
7.5206375641e+01,
7.5287446277e+01,
7.5381785784e+01,
7.5489886523e+01,
7.5611959845e+01,
7.5747907428e+01,
7.5897305066e+01,
7.6059400653e+01,
7.6233127286e+01,
7.6417131433e+01,
7.6609815066e+01,
7.6809389596e+01,
7.7013938416e+01,
7.7221484072e+01,
7.7430055563e+01,
7.7637751262e+01,
7.7842793478e+01,
7.8043571673e+01,
7.8238672674e+01,
7.8426897665e+01,
7.8607267024e+01,
7.8779015012e+01,
7.8941576814e+01,
7.9094570548e+01,
7.9237776551e+01,
7.9371115862e+01,
7.9494629229e+01,
7.9608457535e+01,
7.9712824103e+01,
7.9808019068e+01,
7.9894385820e+01,
7.9972309410e+01,
8.0042206757e+01,
8.0104518448e+01,
8.0159701945e+01,
8.0208225951e+01,
8.0250565720e+01,
8.0287199099e+01,
8.0318603060e+01,
8.0345250554e+01,
8.0367607513e+01,
8.0386129854e+01,
8.0401260427e+01,
8.0413425846e+01,
8.0423033223e+01,
8.0430466869e+01,
8.0436085061e+01,
8.0440217010e+01,
8.0443160195e+01,
8.0445178238e+01,
8.0446499476e+01,
8.0447316380e+01,
8.0447785940e+01,
8.0448031070e+01,
8.0448143066e+01,
8.0448185079e+01,
8.0448196508e+01,
8.0448198195e+01,
8.0448198346e+01,
8.0448201342e+01,
8.0448221638e+01,
8.0448296246e+01,
8.0448495117e+01,
8.0448930296e+01,
8.0449763548e+01,
8.0451212053e+01,
8.0453551804e+01,
8.0457118331e+01,
8.0462304375e+01,
8.0469554202e+01,
8.0479354319e+01,
8.0492220485e+01,
8.0508681123e+01,
8.0529257483e+01,
8.0554441216e+01,
8.0584670361e+01,
8.0620305037e+01,
8.0661604429e+01,
8.0708706748e+01,
8.0761613890e+01,
8.0820182280e+01,
8.0884121031e+01,
8.0952997983e+01,
8.1026253530e+01,
8.1103221417e+01,
8.1183155018e+01,
8.1265257057e+01,
8.1348710404e+01,
8.1432707533e+01,
8.1516476524e+01,
8.1599302039e+01,
8.1680540455e+01,
8.1759629123e+01,
8.1836090340e+01,
8.1909531064e+01,
8.1979639524e+01,
8.2046179795e+01,
8.2108985216e+01,
8.2167951268e+01,
8.2223028322e+01,
8.2274214512e+01,
8.2321548897e+01,
8.2365105019e+01,
8.2404984946e+01,
8.2441313862e+01,
8.2474235257e+01,
8.2503906728e+01,
8.2530496401e+01,
8.2554179917e+01,
8.2575137962e+01,
8.2593554238e+01,
8.2609613803e+01,
8.2623501700e+01,
8.2635401775e+01,
8.2645495610e+01,
8.2653961511e+01,
8.2660973485e+01,
8.2666700187e+01,
8.2671303803e+01,
8.2674938895e+01,
8.2677751213e+01,
8.2679876524e+01,
8.2681439503e+01,
8.2682552762e+01,
8.2683316062e+01,
8.2683815793e+01,
8.2684124766e+01,
8.2684302363e+01,
8.2684395076e+01,
8.2684437435e+01,
8.2684453325e+01,
8.2684457648e+01,
8.2684458286e+01,
8.2684458344e+01,
8.2684459525e+01,
8.2684467523e+01,
8.2684496926e+01,
8.2684575299e+01,
8.2684746796e+01,
8.2685075161e+01,
8.2685645961e+01,
8.2686567913e+01,
8.2687973130e+01,
8.2690016156e+01,
8.2692871639e+01,
8.2696730558e+01,
8.2701794952e+01,
8.2708271189e+01,
8.2716361948e+01,
8.2726257163e+01,
8.2738124377e+01,
8.2752099044e+01,
8.2768275450e+01,
8.2786698943e+01,
8.2807360194e+01,
8.2830192064e+01,
8.2855069506e+01,
8.2881812659e+01,
8.2910193039e+01,
8.2939942383e+01,
8.2970763511e+01,
8.3002342328e+01,
8.3034360055e+01,
8.3066504758e+01,
8.3098481417e+01,
8.3130019972e+01,
8.3160881019e+01,
8.3190859145e+01,
8.3219784046e+01,
8.3247519817e+01,
8.3273962830e+01,
8.3299038693e+01,
8.3322698708e+01,
8.3344916208e+01,
8.3365683024e+01,
8.3385006278e+01,
8.3402905570e+01,
8.3419410610e+01,
8.3434559260e+01,
8.3448395951e+01,
8.3460970415e+01,
8.3472336668e+01,
8.3482552199e+01,
8.3491677301e+01,
8.3499774513e+01,
8.3506908135e+01,
8.3513143783e+01,
8.3518547967e+01,
8.3523187669e+01,
8.3527129904e+01,
8.3530441262e+01,
8.3533187414e+01,
8.3535432592e+01,
8.3537239039e+01,
8.3538666448e+01,
8.3539771390e+01,
8.3540606770e+01,
8.3541221317e+01,
8.3541659142e+01,
8.3541959384e+01,
8.3542155974e+01,
8.3542277530e+01,
8.3542347403e+01,
8.3542383880e+01,
8.3542400546e+01,
8.3542406798e+01,
8.3542408499e+01,
8.3542408750e+01,
8.3542408774e+01,
8.3542409263e+01,
8.3542412574e+01,
8.3542424745e+01,
8.3542457187e+01,
8.3542528179e+01,
8.3542664112e+01,
8.3542900419e+01,
8.3543282136e+01,
8.3543864024e+01,
8.3544710207e+01,
8.3545893264e+01,
8.3547492745e+01,
8.3549593100e+01,
8.3552281038e+01,
8.3555642382e+01,
8.3559758515e+01,
8.3564702608e+01,
8.3570535809e+01,
8.3577303650e+01,
8.3585032933e+01,
8.3593729312e+01,
8.3603375797e+01,
8.3613932293e+01,
8.3625336225e+01,
8.3637504205e+01,
8.3650334630e+01,
8.3663711012e+01,
8.3677505835e+01,
8.3691584708e+01,
8.3705810579e+01,
8.3720047820e+01,
8.3734166007e+01,
8.3748043241e+01,
8.3761568909e+01,
8.3774645802e+01,
8.3787191544e+01,
8.3799139340e+01,
8.3810438066e+01,
8.3821051782e+01,
8.3830958749e+01,
8.3840150087e+01,
8.3848628178e+01,
8.3856404946e+01,
8.3863500108e+01,
8.3869939493e+01,
8.3875753501e+01,
8.3880975725e+01,
8.3885641787e+01,
8.3889788367e+01,
8.3893452446e+01,
8.3896670715e+01,
8.3899479159e+01,
8.3901912755e+01,
8.3904005288e+01,
8.3905789229e+01,
8.3907295675e+01,
8.3908554310e+01,
8.3909593384e+01,
8.3910439679e+01,
8.3911118475e+01,
8.3911653493e+01,
8.3912066821e+01,
8.3912378835e+01,
8.3912608104e+01,
8.3912771306e+01,
8.3912883157e+01,
8.3912956365e+01,
8.3913001619e+01,
8.3913027629e+01,
8.3913041206e+01,
8.3913047409e+01,
8.3913049736e+01,
8.3913050368e+01,
8.3913050462e+01,
8.3913050471e+01,
8.3913050664e+01,
8.3913051968e+01,
8.3913056762e+01,
8.3913069541e+01,
8.3913097503e+01,
8.3913151032e+01,
8.3913244055e+01,
8.3913394233e+01,
8.3913622959e+01,
8.3913955132e+01,
8.3914418664e+01,
8.3915043715e+01,
8.3915861623e+01,
8.3916903545e+01,
8.3918198850e+01,
8.3919773320e+01,
8.3921647256e+01,
8.3923833642e+01,
8.3926336495e+01,
8.3929149608e+01,
8.3932255805e+01,
8.3935626876e+01,
8.3939224238e+01,
8.3943000351e+01,
8.3946900794e+01,
8.3950866858e+01,
8.3954838440e+01,
8.3958756981e+01,
8.3962568191e+01,
8.3966224344e+01,
8.3969685966e+01,
8.3972922837e+01,
8.3975914288e+01,
8.3978648870e+01,
8.3981123510e+01,
8.3983342310e+01,
8.3985315136e+01,
8.3987056163e+01,
8.3988582483e+01,
8.3989912857e+01,
8.3991066672e+01,
8.3992063123e+01,
8.3992920600e+01,
8.3993656279e+01,
8.3994285876e+01,
8.3994823536e+01,
8.3995281815e+01,
8.3995671739e+01,
8.3996002907e+01,
8.3996283621e+01,
8.3996521024e+01,
8.3996721246e+01,
8.3996889537e+01,
8.3997030396e+01,
8.3997147687e+01,
8.3997244738e+01,
8.3997324428e+01,
8.3997389261e+01,
8.3997441428e+01,
8.3997482859e+01,
8.3997515255e+01,
8.3997540128e+01,
8.3997558814e+01,
8.3997572495e+01,
8.3997582209e+01,
8.3997588854e+01,
8.3997593198e+01,
8.3997595881e+01,
8.3997597422e+01,
8.3997598227e+01,
8.3997598594e+01,
8.3997598732e+01,
8.3997598769e+01,
8.3997598775e+01,
8.3997598775e+01,
8.3997598788e+01,
8.3997598870e+01,
8.3997599171e+01,
8.3997599976e+01,
8.3997601735e+01,
8.3997605100e+01,
8.3997610943e+01,
8.3997620358e+01,
8.3997634656e+01,
8.3997655335e+01,
8.3997684019e+01,
8.3997722381e+01,
8.3997772030e+01,
8.3997834379e+01,
8.3997910494e+01,
8.3998000936e+01,
8.3998105631e+01,
8.3998223759e+01,
8.3998353715e+01,
8.3998493137e+01,
8.3998639016e+01,
8.3998787891e+01,
8.3998936091e+01,
8.3999080020e+01,
8.3999216422e+01,
8.3999342614e+01,
8.3999456636e+01,
8.3999557325e+01,
8.3999644294e+01,
8.3999717845e+01,
8.3999778820e+01,
8.3999828442e+01,
8.3999868143e+01,
8.3999899421e+01,
8.3999923725e+01,
8.3999942383e+01,
8.3999956564e+01,
8.3999967257e+01,
8.3999975279e+01,
8.3999981279e+01,
8.3999985757e+01,
8.3999989073e+01,
8.3999991485e+01,
8.3999993232e+01,
8.3999994592e+01,
8.3999995791e+01,
8.3999996902e+01,
8.3999997870e+01,
8.3999998609e+01,
8.3999999092e+01,
8.3999999369e+01,
8.3999999476e+01,
8.3999999488e+01,
8.3999999508e+01,
8.3999999556e+01,
8.4000000000e+01,
8.4000000000e+01,
8.4000000000e+01,
8.4000000000e+01,
8.4000000000e+01,
8.4000000000e+01,
8.4000000000e+01,
8.4000000000e+01,
8.4000000000e+01,
8.4000000000e+01,
8.4000000000e+01,
8.4000000000e+01,
8.4000000000e+01,
8.4000000000e+01,
8.4000000000e+01,
8.4000000000e+01,
8.4000000000e+01,
8.4000000000e+01,
8.4000000000e+01,
