0.0000000000e+00,
2.3732369669e-07,
7.5758439024e-06,
5.7295526503e-05,
2.4007226280e-04,
7.2730270810e-04,
1.7936695531e-03,
3.8361765277e-03,
7.3890096746e-03,
1.3133732859e-02,
2.1904489548e-02,
3.4688042380e-02,
5.2618614605e-02,
7.6967578128e-02,
1.0912803987e-01,
1.5059430164e-01,
2.0293602220e-01,
2.6776674049e-01,
3.4670631016e-01,
4.4133686076e-01,
5.5315225617e-01,
6.8350174558e-01,
8.3352958871e-01,
1.0041137542e+00,
1.1958080748e+00,
1.4087931424e+00,
1.6428413862e+00,
1.8973009623e+00,
2.1711012734e+00,
2.4627804035e+00,
2.7705319697e+00,
3.0922664770e+00,
3.4256807410e+00,
3.7683286349e+00,
4.1176873228e+00,
4.4712149492e+00,
4.8263979821e+00,
5.1807884902e+00,
5.5320331499e+00,
5.8778964883e+00,
6.2162807793e+00,
6.5452443225e+00,
6.8630188589e+00,
7.1680259494e+00,
7.4588914966e+00,
7.7344573590e+00,
7.9937891494e+00,
8.2361796950e+00,
8.4611480939e+00,
8.6684346778e+00,
8.8579924154e+00,
9.0299753548e+00,
9.1847246483e+00,
9.3227526031e+00,
9.4447250894e+00,
9.5514425604e+00,
9.6438198985e+00,
9.7228653011e+00,
9.7896584454e+00,
9.8453282167e+00,
9.8910303389e+00,
9.9279252936e+00,
9.9571569659e+00,
9.9798324804e+00,
9.9970037125e+00,
1.0009650951e+01,
1.0018669165e+01,
1.0024857272e+01,
1.0028910742e+01,
1.0031417759e+01,
1.0032859081e+01,
1.0033611592e+01,
1.0033955423e+01,
1.0034084406e+01,
1.0034119493e+01,
1.0034124672e+01,
1.0034125380e+01,
1.0034142122e+01,
1.0034255549e+01,
1.0034672516e+01,
1.0035783977e+01,
1.0038216284e+01,
1.0042874069e+01,
1.0050972826e+01,
1.0064059430e+01,
1.0084018973e+01,
1.0113066503e+01,
1.0153722545e+01,
1.0208771717e+01,
1.0281204356e+01,
1.0374141849e+01,
1.0490747355e+01,
1.0634124720e+01,
1.0807209575e+01,
1.1012657691e+01,
1.1252736401e+01,
1.1529225105e+01,
1.1843330208e+01,
1.2195618432e+01,
1.2585970528e+01,
1.3013555769e+01,
1.3476826995e+01,
1.3973536706e+01,
1.4500776128e+01,
1.5055039832e+01,
1.5632317178e+01,
1.6228208157e+01,
1.6838056435e+01,
1.7457088333e+01,
1.8080544953e+01,
1.8703796391e+01,
1.9322431353e+01,
1.9932321049e+01,
2.0529661063e+01,
2.1110997661e+01,
2.1673245171e+01,
2.2213699087e+01,
2.2730046623e+01,
2.3220373872e+01,
2.3683167429e+01,
2.4117308619e+01,
2.4522059732e+01,
2.4897043162e+01,
2.5242215415e+01,
2.5557838212e+01,
2.5844448607e+01,
2.6102829379e+01,
2.6333980309e+01,
2.6539090459e+01,
2.6719511272e+01,
2.6876730213e+01,
2.7012344648e+01,
2.7128035761e+01,
2.7225542363e+01,
2.7306634621e+01,
2.7373087818e+01,
2.7426656405e+01,
2.7469048724e+01,
2.7501902884e+01,
2.7526764380e+01,
2.7545066079e+01,
2.7558111226e+01,
2.7567060111e+01,
2.7572920938e+01,
2.7576545358e+01,
2.7578628947e+01,
2.7579716741e+01,
2.7580213757e+01,
2.7580400204e+01,
2.7580450922e+01,
2.7580458408e+01,
2.7580459118e+01,
2.7580473606e+01,
2.7580571762e+01,
2.7580932593e+01,
2.7581894416e+01,
2.7583999243e+01,
2.7588029859e+01,
2.7595037946e+01,
2.7606361690e+01,
2.7623631413e+01,
2.7648761947e+01,
2.7683930687e+01,
2.7731540640e+01,
2.7794168274e+01,
2.7874496645e+01,
2.7975235099e+01,
2.8099027796e+01,
2.8248354302e+01,
2.8425426424e+01,
2.8632086271e+01,
2.8869710946e+01,
2.9139129364e+01,
2.9440556321e+01,
2.9773548157e+01,
3.0136983402e+01,
3.0529070627e+01,
3.0947384629e+01,
3.1388930779e+01,
3.1850235853e+01,
3.2327461623e+01,
3.2816535047e+01,
3.3313286407e+01,
3.3813584931e+01,
3.4313460961e+01,
3.4809205248e+01,
3.5297439118e+01,
3.5775153750e+01,
3.6239721263e+01,
3.6688884006e+01,
3.7120730322e+01,
3.7533665092e+01,
3.7926381744e+01,
3.8297839724e+01,
3.8647248640e+01,
3.8974057935e+01,
3.9277949574e+01,
3.9558830975e+01,
3.9816825934e+01,
4.0052262379e+01,
4.0265656796e+01,
4.0457695995e+01,
4.0629217199e+01,
4.0781187453e+01,
4.0914683088e+01,
4.1030869655e+01,
4.1130982459e+01,
4.1216307630e+01,
4.1288163597e+01,
4.1347882840e+01,
4.1396793864e+01,
4.1436203452e+01,
4.1467379370e+01,
4.1491533817e+01,
4.1509807991e+01,
4.1523258226e+01,
4.1532844176e+01,
4.1539419519e+01,
4.1543725614e+01,
4.1546388468e+01,
4.1547919243e+01,
4.1548718416e+01,
4.1549083558e+01,
4.1549220534e+01,
4.1549257795e+01,
4.1549263295e+01,
4.1549263784e+01,
4.1549273418e+01,
4.1549338693e+01,
4.1549578647e+01,
4.1550218261e+01,
4.1551617973e+01,
4.1554298320e+01,
4.1558958631e+01,
4.1566488689e+01,
4.1577972409e+01,
4.1594682639e+01,
4.1618066386e+01,
4.1649719966e+01,
4.1691353975e+01,
4.1744748386e+01,
4.1811698684e+01,
4.1893954637e+01,
4.1993154024e+01,
4.2110754415e+01,
4.2247966712e+01,
4.2405694619e+01,
4.2584484223e+01,
4.2784487403e+01,
4.3005441667e+01,
4.3246667298e+01,
4.3507080626e+01,
4.3785220446e+01,
4.4079283601e+01,
4.4387166170e+01,
4.4706508276e+01,
4.5034742690e+01,
4.5369148846e+01,
4.5706913958e+01,
4.6045201459e+01,
4.6381224580e+01,
4.6712320636e+01,
4.7036020258e+01,
4.7350105887e+01,
4.7652655112e+01,
4.7942066560e+01,
4.8217068300e+01,
4.8476710686e+01,
4.8720346885e+01,
4.8947604931e+01,
4.9158355043e+01,
4.9352675465e+01,
4.9530819287e+01,
4.9693183869e+01,
4.9840283775e+01,
4.9972727496e+01,
5.0091197839e+01,
5.0196435578e+01,
5.0289225842e+01,
5.0370386663e+01,
5.0440759115e+01,
5.0501198553e+01,
5.0552566535e+01,
5.0595723066e+01,
5.0631518959e+01,
5.0660788148e+01,
5.0684339931e+01,
5.0702951178e+01,
5.0717358655e+01,
5.0728251672e+01,
5.0736265324e+01,
5.0741974630e+01,
5.0745889880e+01,
5.0748453495e+01,
5.0750038645e+01,
5.0750949830e+01,
5.0751425516e+01,
5.0751642853e+01,
5.0751724383e+01,
5.0751746561e+01,
5.0751749834e+01,
5.0751750123e+01,
5.0751755798e+01,
5.0751794247e+01,
5.0751935586e+01,
5.0752312332e+01,
5.0753136766e+01,
5.0754715404e+01,
5.0757459880e+01,
5.0761893570e+01,
5.0768653286e+01,
5.0778485441e+01,
5.0792236137e+01,
5.0810834818e+01,
5.0835271318e+01,
5.0866566522e+01,
5.0905737216e+01,
5.0953756259e+01,
5.1011509720e+01,
5.1079753134e+01,
5.1159069459e+01,
5.1249831541e+01,
5.1352171874e+01,
5.1465962112e+01,
5.1590804154e+01,
5.1726033773e+01,
5.1870736729e+01,
5.2023776335e+01,
5.2183830664e+01,
5.2349436999e+01,
5.2519040969e+01,
5.2691047732e+01,
5.2863872683e+01,
5.3035989204e+01,
5.3205970981e+01,
5.3372526549e+01,
5.3534524102e+01,
5.3691005492e+01,
5.3841189490e+01,
5.3984465741e+01,
5.4120381800e+01,
5.4248626081e+01,
5.4369009352e+01,
5.4481446767e+01,
5.4585941629e+01,
5.4682571358e+01,
5.4771475651e+01,
5.4852846558e+01,
5.4926920114e+01,
5.4993969199e+01,
5.5054297360e+01,
5.5108233404e+01,
5.5156126609e+01,
5.5198342434e+01,
5.5235258634e+01,
5.5267261656e+01,
5.5294743233e+01,
5.5318097086e+01,
5.5337715641e+01,
5.5353986710e+01,
5.5367290115e+01,
5.5377994235e+01,
5.5386452527e+01,
5.5393000088e+01,
5.5397950345e+01,
5.5401592020e+01,
5.5404186482e+01,
5.5405965659e+01,
5.5407130614e+01,
5.5407850933e+01,
5.5408264989e+01,
5.5408481148e+01,
5.5408579909e+01,
5.5408616957e+01,
5.5408627035e+01,
5.5408628523e+01,
5.5408628656e+01,
5.5408631298e+01,
5.5408649196e+01,
5.5408714988e+01,
5.5408890360e+01,
5.5409274124e+01,
5.5410008956e+01,
5.5411286448e+01,
5.5413350179e+01,
5.5416496474e+01,
5.5421072562e+01,
5.5427471892e+01,
5.5436126406e+01,
5.5447495705e+01,
5.5462053205e+01,
5.5480269549e+01,
5.5502593813e+01,
5.5529433290e+01,
5.5561132860e+01,
5.5597955180e+01,
5.5640063013e+01,
5.5687505042e+01,
5.5740206359e+01,
5.5797964565e+01,
5.5860452040e+01,
5.5927224459e+01,
5.5997735147e+01,
5.6071354376e+01,
5.6147392281e+01,
5.6225123804e+01,
5.6303813902e+01,
5.6382741334e+01,
5.6461219554e+01,
5.6538613641e+01,
5.6614352665e+01,
5.6687937408e+01,
5.6758943808e+01,
5.6827022823e+01,
5.6891897572e+01,
5.6953358665e+01,
5.7011258492e+01,
5.7065505092e+01,
5.7116056015e+01,
5.7162912398e+01,
5.7206113364e+01,
5.7245730754e+01,
5.7281864189e+01,
5.7314636437e+01,
5.7344189113e+01,
5.7370678716e+01,
5.7394273057e+01,
5.7415148076e+01,
5.7433485091e+01,
5.7449468431e+01,
5.7463283450e+01,
5.7475114836e+01,
5.7485145169e+01,
5.7493553647e+01,
5.7500514912e+01,
5.7506197926e+01,
5.7510764855e+01,
5.7514369946e+01,
5.7517158409e+01,
5.7519265308e+01,
5.7520814532e+01,
5.7521917881e+01,
5.7522674331e+01,
5.7523169553e+01,
5.7523475729e+01,
5.7523651716e+01,
5.7523743586e+01,
5.7523785560e+01,
5.7523801306e+01,
5.7523805589e+01,
5.7523806221e+01,
5.7523806280e+01,
5.7523807449e+01,
5.7523815375e+01,
5.7523844510e+01,
5.7523922170e+01,
5.7524092105e+01,
5.7524417474e+01,
5.7524983045e+01,
5.7525896496e+01,
5.7527288627e+01,
5.7529312345e+01,
5.7532140270e+01,
5.7535960864e+01,
5.7540973006e+01,
5.7547379061e+01,
5.7555376558e+01,
5.7565148744e+01,
5.7576854428e+01,
5.7590617655e+01,
5.7606517888e+01,
5.7624581480e+01,
5.7644775230e+01,
5.7667002800e+01,
5.7691104660e+01,
5.7716861998e+01,
5.7744004757e+01,
5.7772223524e+01,
5.7801184550e+01,
5.7830546665e+01,
5.7859978451e+01,
5.7889173826e+01,
5.7917864311e+01,
5.7945826762e+01,
5.7972886101e+01,
5.7998913463e+01,
5.8023820852e+01,
5.8047553807e+01,
5.8070083510e+01,
5.8091399504e+01,
5.8111503713e+01,
5.8130406013e+01,
5.8148121306e+01,
5.8164667809e+01,
5.8180066253e+01,
5.8194339658e+01,
5.8207513448e+01,
5.8219615693e+01,
5.8230677380e+01,
5.8240732632e+01,
5.8249818834e+01,
5.8257976660e+01,
5.8265250000e+01,
5.8271685774e+01,
5.8277333669e+01,
5.8282245780e+01,
5.8286476180e+01,
5.8290080409e+01,
5.8293114916e+01,
5.8295636440e+01,
5.8297701359e+01,
5.8299365010e+01,
5.8300681006e+01,
5.8301700574e+01,
5.8302471914e+01,
5.8303039628e+01,
5.8303444233e+01,
5.8303721763e+01,
5.8303903513e+01,
5.8304015905e+01,
5.8304080515e+01,
5.8304114245e+01,
5.8304129657e+01,
5.8304135439e+01,
5.8304137011e+01,
5.8304137243e+01,
5.8304137265e+01,
5.8304137717e+01,
5.8304140779e+01,
5.8304152034e+01,
5.8304182035e+01,
5.8304247688e+01,
5.8304373406e+01,
5.8304591983e+01,
5.8304945134e+01,
5.8305483655e+01,
5.8306267158e+01,
5.8307363347e+01,
5.8308846813e+01,
5.8310797335e+01,
5.8313297729e+01,
5.8316431265e+01,
5.8320278769e+01,
5.8324915520e+01,
5.8330408102e+01,
5.8336811387e+01,
5.8344165846e+01,
5.8352495353e+01,
5.8361805643e+01,
5.8372083510e+01,
5.8383296788e+01,
5.8395395105e+01,
5.8408311311e+01,
5.8421963463e+01,
5.8436257211e+01,
5.8451088413e+01,
5.8466345824e+01,
5.8481913733e+01,
5.8497674455e+01,
5.8513510622e+01,
5.8529307263e+01,
5.8544953664e+01,
5.8560345034e+01,
5.8575383972e+01,
5.8589981734e+01,
5.8604059285e+01,
5.8617548104e+01,
5.8630390727e+01,
5.8642540992e+01,
5.8653964018e+01,
5.8664635890e+01,
5.8674543128e+01,
5.8683681945e+01,
5.8692057383e+01,
5.8699682351e+01,
5.8706576636e+01,
5.8712765913e+01,
5.8718280801e+01,
5.8723155968e+01,
5.8727429313e+01,
5.8731141211e+01,
5.8734333822e+01,
5.8737050464e+01,
5.8739335017e+01,
5.8741231375e+01,
5.8742782909e+01,
5.8744031963e+01,
5.8745019365e+01,
5.8745783957e+01,
5.8746362162e+01,
5.8746787596e+01,
5.8747090730e+01,
5.8747298626e+01,
5.8747434758e+01,
5.8747518935e+01,
5.8747567323e+01,
5.8747592584e+01,
5.8747604126e+01,
5.8747608456e+01,
5.8747609633e+01,
5.8747609807e+01,
5.8747609824e+01,
5.8747610183e+01,
5.8747612610e+01,
5.8747621531e+01,
5.8747645311e+01,
5.8747697348e+01,
5.8747796988e+01,
5.8747970206e+01,
5.8748250021e+01,
5.8748676592e+01,
5.8749296956e+01,
5.8750164374e+01,
5.8751337254e+01,
5.8752877637e+01,
5.8754849248e+01,
5.8757315153e+01,
5.8760335072e+01,
5.8763962457e+01,
5.8768241447e+01,
5.8773203899e+01,
5.8778866648e+01,
5.8785229227e+01,
5.8792272239e+01,
5.8799956565e+01,
5.8808223552e+01,
5.8816996257e+01,
5.8826181756e+01,
5.8835674412e+01,
5.8845359942e+01,
5.8855119992e+01,
5.8864836912e+01,
5.8874398376e+01,
5.8883701507e+01,
5.8892656225e+01,
5.8901187636e+01,
5.8909237356e+01,
5.8916763811e+01,
5.8923741604e+01,
5.8930160146e+01,
5.8936021762e+01,
5.8941339491e+01,
5.8946134787e+01,
5.8950435287e+01,
5.8954272772e+01,
5.8957681399e+01,
5.8960696232e+01,
5.8963352095e+01,
5.8965682717e+01,
5.8967720134e+01,
5.8969494324e+01,
5.8971033007e+01,
5.8972361595e+01,
5.8973503234e+01,
5.8974478924e+01,
5.8975307673e+01,
5.8976006675e+01,
5.8976591500e+01,
5.8977076268e+01,
5.8977473809e+01,
5.8977795805e+01,
5.8978052906e+01,
5.8978254816e+01,
5.8978410356e+01,
5.8978527514e+01,
5.8978613460e+01,
5.8978674567e+01,
5.8978716412e+01,
5.8978743784e+01,
5.8978760699e+01,
5.8978770418e+01,
5.8978775491e+01,
5.8978777809e+01,
5.8978778678e+01,
5.8978778915e+01,
5.8978778949e+01,
5.8978778953e+01,
5.8978779029e+01,
5.8978779547e+01,
5.8978781451e+01,
5.8978786524e+01,
5.8978797622e+01,
5.8978818863e+01,
5.8978855755e+01,
5.8978915262e+01,
5.8979005770e+01,
5.8979136945e+01,
5.8979319464e+01,
5.8979564603e+01,
5.8979883675e+01,
5.8980287330e+01,
5.8980784742e+01,
5.8981382738e+01,
5.8982084936e+01,
5.8982890991e+01,
5.8983796046e+01,
5.8984790487e+01,
5.8985860077e+01,
5.8986986505e+01,
5.8988148331e+01,
5.8989322253e+01,
5.8990484577e+01,
5.8991612709e+01,
5.8992686535e+01,
5.8993689506e+01,
5.8994609348e+01,
5.8995438336e+01,
5.8996173157e+01,
5.8996814439e+01,
5.8997366036e+01,
5.8997834217e+01,
5.8998226840e+01,
5.8998552602e+01,
5.8998820409e+01,
5.8999038880e+01,
5.8999215996e+01,
5.8999358896e+01,
5.8999473787e+01,
5.8999565965e+01,
5.8999639880e+01,
5.8999699221e+01,
5.8999747011e+01,
5.8999785688e+01,
5.8999817199e+01,
5.8999843088e+01,
5.8999864582e+01,
5.8999882651e+01,
5.8999898057e+01,
5.8999911384e+01,
5.8999923064e+01,
5.8999933410e+01,
5.8999942640e+01,
5.8999950908e+01,
5.8999958320e+01,
5.8999964955e+01,
5.8999970869e+01,
5.8999976107e+01,
5.8999980704e+01,
5.8999984694e+01,
5.8999988110e+01,
5.8999990986e+01,
5.8999993361e+01,
5.8999995277e+01,
5.8999996780e+01,
5.8999997920e+01,
5.8999998747e+01,
5.8999999313e+01,
5.9000000000e+01,
5.9000000000e+01,
5.9000000000e+01,
5.9000000000e+01,
