0.0000000000e+00,
3.5671399701e-07,
1.1387019995e-05,
8.6119174298e-05,
3.6084560141e-04,
1.0931893721e-03,
2.6960274191e-03,
5.7661194729e-03,
1.1106488439e-02,
1.9741830468e-02,
3.2926479551e-02,
5.2144678866e-02,
7.9103075519e-02,
1.1571540880e-01,
1.6407926597e-01,
2.2644452673e-01,
3.0517275821e-01,
4.0268648612e-01,
5.2140716590e-01,
6.6368106907e-01,
8.3169341433e-01,
1.0273729970e+00,
1.2522921334e+00,
1.5075694478e+00,
1.7937851339e+00,
2.1109189701e+00,
2.4583199410e+00,
2.8347126803e+00,
3.2382406823e+00,
3.6665404881e+00,
4.1168363371e+00,
4.5860423521e+00,
5.0708598835e+00,
5.5678609489e+00,
6.0735537637e+00,
6.5844316761e+00,
7.0970109047e+00,
7.6078642567e+00,
8.1136571375e+00,
8.6111891237e+00,
9.0974403599e+00,
9.5696186143e+00,
1.0025201320e+01,
1.0461967768e+01,
1.0878019170e+01,
1.1271787169e+01,
1.1642033314e+01,
1.1987842550e+01,
1.2308613175e+01,
1.2604044688e+01,
1.2874123975e+01,
1.3119109756e+01,
1.3339514967e+01,
1.3536086800e+01,
1.3709784291e+01,
1.3861753496e+01,
1.3993300477e+01,
1.4105862423e+01,
1.4200977350e+01,
1.4280252867e+01,
1.4345334609e+01,
1.4397874940e+01,
1.4439502616e+01,
1.4471794092e+01,
1.4496247196e+01,
1.4514257856e+01,
1.4527100530e+01,
1.4535912916e+01,
1.4541685405e+01,
1.4545255614e+01,
1.4547308184e+01,
1.4548379825e+01,
1.4548869471e+01,
1.4549053154e+01,
1.4549103120e+01,
1.4549110495e+01,
1.4549111505e+01,
1.4549135346e+01,
1.4549296876e+01,
1.4549890674e+01,
1.4551473492e+01,
1.4554937315e+01,
1.4561570421e+01,
1.4573103798e+01,
1.4591740373e+01,
1.4620164781e+01,
1.4661531638e+01,
1.4719430767e+01,
1.4797828362e+01,
1.4900983984e+01,
1.5033344314e+01,
1.5199415892e+01,
1.5403620534e+01,
1.5650138498e+01,
1.5942745783e+01,
1.6284652868e+01,
1.6678352834e+01,
1.7125487064e+01,
1.7626736801e+01,
1.8181748605e+01,
1.8789101031e+01,
1.9446317813e+01,
2.0149929162e+01,
2.0895577235e+01,
2.1678155620e+01,
2.2491967827e+01,
2.3330888524e+01,
2.4188514955e+01,
2.5058303606e+01,
2.5933695506e+01,
2.6808238084e+01,
2.7675709111e+01,
2.8530239777e+01,
2.9366424795e+01,
3.0179404529e+01,
3.0964910385e+01,
3.1719275852e+01,
3.2439424350e+01,
3.3122846719e+01,
3.3767577045e+01,
3.4372169770e+01,
3.4935677095e+01,
3.5457624459e+01,
3.5937982486e+01,
3.6377135027e+01,
3.6775843957e+01,
3.7135211842e+01,
3.7456643601e+01,
3.7741808047e+01,
3.7992599773e+01,
3.8211101577e+01,
3.8399547352e+01,
3.8560285308e+01,
3.8695741364e+01,
3.8808382675e+01,
3.8900681385e+01,
3.8975078884e+01,
3.9033951036e+01,
3.9079575012e+01,
3.9114098501e+01,
3.9139512168e+01,
3.9157626260e+01,
3.9170052239e+01,
3.9178190220e+01,
3.9183222837e+01,
3.9186115952e+01,
3.9187626378e+01,
3.9188316495e+01,
3.9188575380e+01,
3.9188645803e+01,
3.9188656198e+01,
3.9188657184e+01,
3.9188677301e+01,
3.9188813593e+01,
3.9189314614e+01,
3.9190650123e+01,
3.9193572709e+01,
3.9199169262e+01,
3.9208900000e+01,
3.9224622856e+01,
3.9248601199e+01,
3.9283493067e+01,
3.9332320431e+01,
3.9398417504e+01,
3.9485357836e+01,
3.9596860860e+01,
3.9736679772e+01,
3.9908473992e+01,
4.0115670993e+01,
4.0361323715e+01,
4.0647971133e+01,
4.0977510329e+01,
4.1351088701e+01,
4.1769024202e+01,
4.2230759853e+01,
4.2734855993e+01,
4.3279020163e+01,
4.3860170610e+01,
4.4474526002e+01,
4.5117712052e+01,
4.5784876254e+01,
4.6470804905e+01,
4.7170041286e+01,
4.7877007863e+01,
4.8586136148e+01,
4.9292003469e+01,
4.9989467824e+01,
5.0673784910e+01,
5.1340691239e+01,
5.1986445685e+01,
5.2607834387e+01,
5.3202153060e+01,
5.3767181862e+01,
5.4301162561e+01,
5.4802780528e+01,
5.5271149086e+01,
5.5705792152e+01,
5.6106622058e+01,
5.6473911336e+01,
5.6808259070e+01,
5.7110553504e+01,
5.7381932956e+01,
5.7623746941e+01,
5.7837518877e+01,
5.8024911225e+01,
5.8187693357e+01,
5.8327712051e+01,
5.8446864275e+01,
5.8547071775e+01,
5.8630257025e+01,
5.8698320173e+01,
5.8753116785e+01,
5.8796436373e+01,
5.8829981907e+01,
5.8855350672e+01,
5.8874016999e+01,
5.8887317481e+01,
5.8896439321e+01,
5.8902412448e+01,
5.8906105930e+01,
5.8908229088e+01,
5.8909337501e+01,
5.8909843929e+01,
5.8910033905e+01,
5.8910085583e+01,
5.8910093210e+01,
5.8910093889e+01,
5.8910107251e+01,
5.8910197782e+01,
5.8910530578e+01,
5.8911417665e+01,
5.8913358897e+01,
5.8917076069e+01,
5.8923538638e+01,
5.8933979508e+01,
5.8949899385e+01,
5.8973058317e+01,
5.9005453238e+01,
5.9049280636e+01,
5.9106883970e+01,
5.9180686114e+01,
5.9273107993e+01,
5.9386475582e+01,
5.9522918601e+01,
5.9684265424e+01,
5.9871939810e+01,
6.0086865932e+01,
6.0329388688e+01,
6.0599216209e+01,
6.0895390768e+01,
6.1216292725e+01,
6.1559679834e+01,
6.1922761129e+01,
6.2302301192e+01,
6.2694747156e+01,
6.3096368111e+01,
6.3503395109e+01,
6.3912150228e+01,
6.4319155168e+01,
6.4721213279e+01,
6.5115463026e+01,
6.5499404801e+01,
6.5870905939e+01,
6.6228190213e+01,
6.6569818060e+01,
6.6894662535e+01,
6.7201884210e+01,
6.7490906499e+01,
6.7761391645e+01,
6.8013217027e+01,
6.8246451525e+01,
6.8461331962e+01,
6.8658240057e+01,
6.8837680523e+01,
6.9000260911e+01,
6.9146673619e+01,
6.9277680216e+01,
6.9394097945e+01,
6.9496788126e+01,
6.9586646016e+01,
6.9664591714e+01,
6.9731561683e+01,
6.9788500547e+01,
6.9836352898e+01,
6.9876054948e+01,
6.9908525949e+01,
6.9934659404e+01,
6.9955314178e+01,
6.9971305717e+01,
6.9983397633e+01,
6.9992293967e+01,
6.9998632498e+01,
7.0002979423e+01,
7.0005825765e+01,
7.0007585764e+01,
7.0008597466e+01,
7.0009125631e+01,
7.0009366946e+01,
7.0009457470e+01,
7.0009482095e+01,
7.0009485729e+01,
7.0009486051e+01,
7.0009492352e+01,
7.0009535042e+01,
7.0009691976e+01,
7.0010110288e+01,
7.0011025687e+01,
7.0012778523e+01,
7.0015825901e+01,
7.0020749077e+01,
7.0028255431e+01,
7.0039174359e+01,
7.0054446505e+01,
7.0075105954e+01,
7.0102255240e+01,
7.0137033412e+01,
7.0180577831e+01,
7.0233980943e+01,
7.0298243834e+01,
7.0374228902e+01,
7.0462614415e+01,
7.0563853917e+01,
7.0678143352e+01,
7.0805398375e+01,
7.0945243586e+01,
7.1097014453e+01,
7.1259771693e+01,
7.1432326920e+01,
7.1613277722e+01,
7.1801049939e+01,
7.1993944902e+01,
7.2190189477e+01,
7.2387986899e+01,
7.2585566474e+01,
7.2781230199e+01,
7.2973394382e+01,
7.3160624472e+01,
7.3341661669e+01,
7.3515440445e+01,
7.3681096790e+01,
7.3837967754e+01,
7.3985583415e+01,
7.4123652878e+01,
7.4252046061e+01,
7.4370773045e+01,
7.4479962552e+01,
7.4579840845e+01,
7.4670712007e+01,
7.4752940213e+01,
7.4826934350e+01,
7.4893135044e+01,
7.4952004045e+01,
7.5004015716e+01,
7.5049650364e+01,
7.5089389072e+01,
7.5123709697e+01,
7.5153083710e+01,
7.5177973595e+01,
7.5198830558e+01,
7.5216092344e+01,
7.5230181034e+01,
7.5241500731e+01,
7.5250435123e+01,
7.5257344945e+01,
7.5262565435e+01,
7.5266403892e+01,
7.5269137506e+01,
7.5271011604e+01,
7.5272238490e+01,
7.5272997014e+01,
7.5273433002e+01,
7.5273660601e+01,
7.5273764587e+01,
7.5273803595e+01,
7.5273814206e+01,
7.5273815772e+01,
7.5273815912e+01,
7.5273818694e+01,
7.5273837538e+01,
7.5273906810e+01,
7.5274091453e+01,
7.5274495493e+01,
7.5275269095e+01,
7.5276613822e+01,
7.5278785722e+01,
7.5282095861e+01,
7.5286907954e+01,
7.5293632743e+01,
7.5302718890e+01,
7.5314640269e+01,
7.5329879736e+01,
7.5348909739e+01,
7.5372170426e+01,
7.5400046265e+01,
7.5432842525e+01,
7.5470763215e+01,
7.5513892240e+01,
7.5562179506e+01,
7.5615433473e+01,
7.5673321238e+01,
7.5735376596e+01,
7.5801015824e+01,
7.5869560172e+01,
7.5940263415e+01,
7.6012342329e+01,
7.6085007747e+01,
7.6157493934e+01,
7.6229084316e+01,
7.6299132131e+01,
7.6367075176e+01,
7.6432444466e+01,
7.6494867152e+01,
7.6554064469e+01,
7.6609845761e+01,
7.6662099710e+01,
7.6710783892e+01,
7.6755913636e+01,
7.6797550990e+01,
7.6835794388e+01,
7.6870769403e+01,
7.6902620800e+01,
7.6931505946e+01,
7.6957589546e+01,
7.6981039584e+01,
7.7002024312e+01,
7.7020710128e+01,
7.7037260149e+01,
7.7051833331e+01,
7.7064583978e+01,
7.7075661522e+01,
7.7085210452e+01,
7.7093370318e+01,
7.7100275728e+01,
7.7106056294e+01,
7.7110836495e+01,
7.7114735425e+01,
7.7117866437e+01,
7.7120336680e+01,
7.7122246566e+01,
7.7123689181e+01,
7.7124749706e+01,
7.7125504882e+01,
7.7126022567e+01,
7.7126361452e+01,
7.7126570961e+01,
7.7126691380e+01,
7.7126754242e+01,
7.7126782962e+01,
7.7126793736e+01,
7.7126796667e+01,
7.7126797099e+01,
7.7126797139e+01,
7.7126797940e+01,
7.7126803363e+01,
7.7126823298e+01,
7.7126876435e+01,
7.7126992708e+01,
7.7127215324e+01,
7.7127602266e+01,
7.7128227158e+01,
7.7129179384e+01,
7.7130563340e+01,
7.7132496724e+01,
7.7135107788e+01,
7.7138531522e+01,
7.7142904813e+01,
7.7148360702e+01,
7.7155021983e+01,
7.7162994484e+01,
7.7172360477e+01,
7.7183172746e+01,
7.7195449819e+01,
7.7209172890e+01,
7.7224284768e+01,
7.7240691062e+01,
7.7258263559e+01,
7.7276845531e+01,
7.7296258516e+01,
7.7316309946e+01,
7.7336800989e+01,
7.7357533961e+01,
7.7378318806e+01,
7.7398978298e+01,
7.7419351800e+01,
7.7439297583e+01,
7.7458693860e+01,
7.7477438749e+01,
7.7495449447e+01,
7.7512660871e+01,
7.7529024007e+01,
7.7544504142e+01,
7.7559079122e+01,
7.7572737710e+01,
7.7585478095e+01,
7.7597306568e+01,
7.7608236355e+01,
7.7618286609e+01,
7.7627481528e+01,
7.7635849592e+01,
7.7643422900e+01,
7.7650236588e+01,
7.7656328314e+01,
7.7661737809e+01,
7.7666506454e+01,
7.7670676911e+01,
7.7674292755e+01,
7.7677398128e+01,
7.7680037392e+01,
7.7682254770e+01,
7.7684093987e+01,
7.7685597884e+01,
7.7686808033e+01,
7.7687764341e+01,
7.7688504655e+01,
7.7689064389e+01,
7.7689476172e+01,
7.7689769547e+01,
7.7689970735e+01,
7.7690102469e+01,
7.7690183924e+01,
7.7690230746e+01,
7.7690255190e+01,
7.7690266358e+01,
7.7690270547e+01,
7.7690271687e+01,
7.7690271855e+01,
7.7690271871e+01,
7.7690272199e+01,
7.7690274417e+01,
7.7690282573e+01,
7.7690304313e+01,
7.7690351886e+01,
7.7690442976e+01,
7.7690601329e+01,
7.7690857128e+01,
7.7691247075e+01,
7.7691814156e+01,
7.7692607033e+01,
7.7693679060e+01,
7.7695086899e+01,
7.7696888761e+01,
7.7699142298e+01,
7.7701902228e+01,
7.7705217786e+01,
7.7709130152e+01,
7.7713670002e+01,
7.7718855356e+01,
7.7724689896e+01,
7.7731161884e+01,
7.7738243786e+01,
7.7745892652e+01,
7.7754051238e+01,
7.7762649800e+01,
7.7771608439e+01,
7.7780839857e+01,
7.7790252324e+01,
7.7799752712e+01,
7.7809249400e+01,
7.7818654925e+01,
7.7827888249e+01,
7.7836876571e+01,
7.7845556640e+01,
7.7853875541e+01,
7.7861791008e+01,
7.7869271284e+01,
7.7876294616e+01,
7.7882848463e+01,
7.7888928500e+01,
7.7894537504e+01,
7.7899684197e+01,
7.7904382108e+01,
7.7908648506e+01,
7.7912503430e+01,
7.7915968845e+01,
7.7919067932e+01,
7.7921824501e+01,
7.7924262541e+01,
7.7926405865e+01,
7.7928277860e+01,
7.7929901309e+01,
7.7931298277e+01,
7.7932490038e+01,
7.7933497025e+01,
7.7934338806e+01,
7.7935034059e+01,
7.7935600539e+01,
7.7936055045e+01,
7.7936413372e+01,
7.7936690255e+01,
7.7936899301e+01,
7.7937052927e+01,
7.7937162293e+01,
7.7937237252e+01,
7.7937286316e+01,
7.7937316646e+01,
7.7937334078e+01,
7.7937343178e+01,
7.7937347335e+01,
7.7937348895e+01,
7.7937349319e+01,
7.7937349381e+01,
7.7937349388e+01,
7.7937349517e+01,
7.7937350391e+01,
7.7937353604e+01,
7.7937362169e+01,
7.7937380910e+01,
7.7937416788e+01,
7.7937479140e+01,
7.7937579806e+01,
7.7937733138e+01,
7.7937955845e+01,
7.7938266681e+01,
7.7938685933e+01,
7.7939234729e+01,
7.7939934145e+01,
7.7940804155e+01,
7.7941862446e+01,
7.7943123184e+01,
7.7944595805e+01,
7.7946283929e+01,
7.7948184520e+01,
7.7950287379e+01,
7.7952575059e+01,
7.7955023254e+01,
7.7957601655e+01,
7.7960275233e+01,
7.7963005856e+01,
7.7965754102e+01,
7.7968481117e+01,
7.7971150357e+01,
7.7973729092e+01,
7.7976189542e+01,
7.7978509612e+01,
7.7980673195e+01,
7.7982670088e+01,
7.7984495576e+01,
7.7986149780e+01,
7.7987636844e+01,
7.7988964068e+01,
7.7990141044e+01,
7.7991178866e+01,
7.7992089436e+01,
7.7992884894e+01,
7.7993577176e+01,
7.7994177691e+01,
7.7994697103e+01,
7.7995145206e+01,
7.7995530858e+01,
7.7995861988e+01,
7.7996145618e+01,
7.7996387930e+01,
7.7996594333e+01,
7.7996769546e+01,
7.7996917678e+01,
7.7997042309e+01,
7.7997146559e+01,
7.7997233159e+01,
7.7997304506e+01,
7.7997362718e+01,
7.7997409668e+01,
7.7997447027e+01,
7.7997476285e+01,
7.7997498776e+01,
7.7997515688e+01,
7.7997528079e+01,
7.7997536882e+01,
7.7997542905e+01,
7.7997546844e+01,
7.7997549277e+01,
7.7997550675e+01,
7.7997551405e+01,
7.7997551738e+01,
7.7997551863e+01,
7.7997551897e+01,
7.7997551902e+01,
7.7997551903e+01,
7.7997551914e+01,
7.7997551988e+01,
7.7997552262e+01,
7.7997552991e+01,
7.7997554587e+01,
7.7997557640e+01,
7.7997562941e+01,
7.7997571487e+01,
7.7997584473e+01,
7.7997603267e+01,
7.7997629367e+01,
7.7997664327e+01,
7.7997709667e+01,
7.7997766759e+01,
7.7997836694e+01,
7.7997920150e+01,
7.7998017266e+01,
7.7998127539e+01,
7.7998249771e+01,
7.7998382073e+01,
7.7998521934e+01,
7.7998666361e+01,
7.7998812076e+01,
7.7998955746e+01,
7.7999094215e+01,
7.7999224725e+01,
7.7999345077e+01,
7.7999453734e+01,
7.7999549848e+01,
7.7999633228e+01,
7.7999704243e+01,
7.7999763702e+01,
7.7999812709e+01,
7.7999852527e+01,
7.7999884465e+01,
7.7999909795e+01,
7.7999929693e+01,
7.7999945210e+01,
7.7999957249e+01,
7.7999966559e+01,
7.7999973745e+01,
7.7999979294e+01,
7.7999983604e+01,
7.7999987010e+01,
7.7999989786e+01,
7.7999992133e+01,
7.7999994170e+01,
7.7999995945e+01,
7.7999997453e+01,
7.7999998678e+01,
7.8000000000e+01,
7.7999999569e+01,
7.7999999570e+01,
7.8000000000e+01,
7.8000000000e+01,
7.8000000000e+01,
7.8000000000e+01,
7.8000000000e+01,
7.8000000000e+01,
7.8000000000e+01,
7.8000000000e+01,
7.8000000000e+01,
7.8000000000e+01,
7.8000000000e+01,
7.8000000000e+01,
7.8000000000e+01,
7.8000000000e+01,
7.8000000000e+01,
7.8000000000e+01,
7.8000000000e+01,
7.8000000000e+01,
7.8000000000e+01,
7.8000000000e+01,
7.8000000000e+01,
