0.0000000000e+00,
4.6383580354e-07,
1.4806560102e-05,
1.1198091561e-04,
4.6920843749e-04,
1.4214789666e-03,
3.5056676173e-03,
7.4977805086e-03,
1.4442102169e-02,
2.5671324566e-02,
4.2817056563e-02,
6.7810390881e-02,
1.0287237432e-01,
1.5049421154e-01,
2.1340677901e-01,
2.9453853898e-01,
3.9696033616e-01,
5.2381508415e-01,
6.7823038966e-01,
8.6321315849e-01,
1.0815275035e+00,
1.3355608319e+00,
1.6271873045e+00,
1.9576418576e+00,
2.3274201998e+00,
2.7362193156e+00,
3.1829283513e+00,
3.6656718670e+00,
4.1818980876e+00,
4.7284965923e+00,
5.3019254125e+00,
5.8983283321e+00,
6.5136292075e+00,
7.1435995507e+00,
7.7839054683e+00,
8.4301470265e+00,
9.0779046420e+00,
9.7228022378e+00,
1.0360587295e+01,
1.0987217815e+01,
1.1598940907e+01,
1.2192350234e+01,
1.2764417999e+01,
1.3312506037e+01,
1.3834364948e+01,
1.4328129357e+01,
1.4792313573e+01,
1.5225808239e+01,
1.5627876476e+01,
1.5998147530e+01,
1.6336606401e+01,
1.6643578691e+01,
1.6919710561e+01,
1.7165944124e+01,
1.7383488804e+01,
1.7573789292e+01,
1.7738490739e+01,
1.7879401783e+01,
1.7998456059e+01,
1.8097672817e+01,
1.8179117317e+01,
1.8244861750e+01,
1.8296947448e+01,
1.8337349214e+01,
1.8367942623e+01,
1.8390475128e+01,
1.8406541766e+01,
1.8417566188e+01,
1.8424787573e+01,
1.8429253873e+01,
1.8431821608e+01,
1.8433162213e+01,
1.8433774750e+01,
1.8434004535e+01,
1.8434067042e+01,
1.8434076268e+01,
1.8434077531e+01,
1.8434107356e+01,
1.8434309427e+01,
1.8435052255e+01,
1.8437032325e+01,
1.8441365470e+01,
1.8449663237e+01,
1.8464090852e+01,
1.8487403622e+01,
1.8522958810e+01,
1.8574700403e+01,
1.8647114679e+01,
1.8745155215e+01,
1.8874137029e+01,
1.9039600870e+01,
1.9247150342e+01,
1.9502266473e+01,
1.9810106350e+01,
2.0175294490e+01,
2.0601717426e+01,
2.1092333334e+01,
2.1649009182e+01,
2.2272397308e+01,
2.2961861181e+01,
2.3715455923e+01,
2.4529963323e+01,
2.5400974707e+01,
2.6323010524e+01,
2.7289665099e+01,
2.8293769784e+01,
2.9327574845e+01,
3.0382954003e+01,
3.1451629546e+01,
3.2525401263e+01,
3.3596349843e+01,
3.4656988381e+01,
3.5700355735e+01,
3.6720068068e+01,
3.7710353504e+01,
3.8666086497e+01,
3.9582823802e+01,
4.0456833985e+01,
4.1285110961e+01,
4.2065366432e+01,
4.2796001824e+01,
4.3476064501e+01,
4.4105194600e+01,
4.4683568347e+01,
4.5211842083e+01,
4.5691099342e+01,
4.6122801759e+01,
4.6508743514e+01,
4.6851008498e+01,
4.7151929188e+01,
4.7414046347e+01,
4.7640068826e+01,
4.7832833000e+01,
4.7995261635e+01,
4.8130322195e+01,
4.8240984855e+01,
4.8330180679e+01,
4.8400760656e+01,
4.8455456432e+01,
4.8496843746e+01,
4.8527309644e+01,
4.8549024603e+01,
4.8563920620e+01,
4.8573676227e+01,
4.8579709183e+01,
4.8583177361e+01,
4.8584988012e+01,
4.8585815302e+01,
4.8586125645e+01,
4.8586210066e+01,
4.8586222526e+01,
4.8586223709e+01,
4.8586247824e+01,
4.8586411206e+01,
4.8587011814e+01,
4.8588612777e+01,
4.8592116273e+01,
4.8598825215e+01,
4.8610490029e+01,
4.8629337849e+01,
4.8658081721e+01,
4.8699907603e+01,
4.8758437385e+01,
4.8837666768e+01,
4.8941877670e+01,
4.9075526021e+01,
4.9243107212e+01,
4.9449003081e+01,
4.9697316062e+01,
4.9991697672e+01,
5.0335179763e+01,
5.0730017663e+01,
5.1177554279e+01,
5.1678113545e+01,
5.2230930417e+01,
5.2834123148e+01,
5.3484712102e+01,
5.4178687391e+01,
5.4911124390e+01,
5.5676340708e+01,
5.6468080973e+01,
5.7279709797e+01,
5.8104393027e+01,
5.8935255256e+01,
5.9765514279e+01,
6.0588602978e+01,
6.1398290156e+01,
6.2188804286e+01,
6.2954953844e+01,
6.3692230960e+01,
6.4396884496e+01,
6.5065953413e+01,
6.5697258642e+01,
6.6289358524e+01,
6.6841477563e+01,
6.7353419930e+01,
6.7825478420e+01,
6.8258347262e+01,
6.8653044168e+01,
6.9010844226e+01,
6.9333225979e+01,
6.9621828504e+01,
6.9878417543e+01,
7.0104858452e+01,
7.0303093850e+01,
7.0475124161e+01,
7.0622989605e+01,
7.0748752608e+01,
7.0854479938e+01,
7.0942224178e+01,
7.1014004442e+01,
7.1071786452e+01,
7.1117462316e+01,
7.1152830499e+01,
7.1179576641e+01,
7.1199255958e+01,
7.1213278008e+01,
7.1222894619e+01,
7.1229191688e+01,
7.1233085465e+01,
7.1235323754e+01,
7.1236492271e+01,
7.1237026160e+01,
7.1237226437e+01,
7.1237280917e+01,
7.1237288958e+01,
7.1237289674e+01,
7.1237303761e+01,
7.1237399200e+01,
7.1237750042e+01,
7.1238685229e+01,
7.1240731719e+01,
7.1244650436e+01,
7.1251463379e+01,
7.1262470246e+01,
7.1279252991e+01,
7.1303666894e+01,
7.1337816893e+01,
7.1384018377e+01,
7.1444742167e+01,
7.1522544262e+01,
7.1619981942e+01,
7.1739518985e+01,
7.1883424056e+01,
7.2053667408e+01,
7.2251821907e+01,
7.2478974692e+01,
7.2735655439e+01,
7.3021786106e+01,
7.3336655447e+01,
7.3678919600e+01,
7.4046628422e+01,
7.4437276118e+01,
7.4847874439e+01,
7.5275046798e+01,
7.5715141101e+01,
7.6164356772e+01,
7.6618877138e+01,
7.7074993638e+01,
7.7529206621e+01,
7.7978291577e+01,
7.8419329053e+01,
7.8849706691e+01,
7.9267107503e+01,
7.9669497421e+01,
8.0055119348e+01,
8.0422494358e+01,
8.0770426364e+01,
8.1098005336e+01,
8.1404605148e+01,
8.1689874195e+01,
8.1953718823e+01,
8.2196281004e+01,
8.2417912292e+01,
8.2619146165e+01,
8.2800670502e+01,
8.2963301494e+01,
8.3107959706e+01,
8.3235648614e+01,
8.3347435579e+01,
8.3444434956e+01,
8.3527792972e+01,
8.3598673915e+01,
8.3658247218e+01,
8.3707675111e+01,
8.3748100591e+01,
8.3780635595e+01,
8.3806349406e+01,
8.3826257408e+01,
8.3841310460e+01,
8.3852385207e+01,
8.3860275733e+01,
8.3865686959e+01,
8.3869230177e+01,
8.3871421071e+01,
8.3872680462e+01,
8.3873337933e+01,
8.3873638327e+01,
8.3873751014e+01,
8.3873781667e+01,
8.3873786191e+01,
8.3873786591e+01,
8.3873794435e+01,
8.3873847577e+01,
8.3874042931e+01,
8.3874563654e+01,
8.3875703159e+01,
8.3877885116e+01,
8.3881678520e+01,
8.3887806886e+01,
8.3897150675e+01,
8.3910742114e+01,
8.3929751693e+01,
8.3955465811e+01,
8.3989255351e+01,
8.4032535410e+01,
8.4086716922e+01,
8.4153151616e+01,
8.4233072430e+01,
8.4327532237e+01,
8.4437344338e+01,
8.4563028632e+01,
8.4704767455e+01,
8.4862374839e+01,
8.5035282241e+01,
8.5222542664e+01,
8.5422853625e+01,
8.5634597806e+01,
8.5855898635e+01,
8.6084686771e+01,
8.6318772705e+01,
8.6555920555e+01,
8.6793918569e+01,
8.7030642715e+01,
8.7264110801e+01,
8.7492525540e+01,
8.7714305820e+01,
8.7928106083e+01,
8.8132824263e+01,
8.8327599311e+01,
8.8511799835e+01,
8.8685005896e+01,
8.8846986236e+01,
8.8997673236e+01,
8.9137137599e+01,
8.9265564281e+01,
8.9383230679e+01,
8.9490487545e+01,
8.9587742766e+01,
8.9675447844e+01,
8.9754086816e+01,
8.9824167242e+01,
8.9886212932e+01,
8.9940758039e+01,
8.9988342223e+01,
9.0029506579e+01,
9.0064790080e+01,
9.0094726306e+01,
9.0119840287e+01,
9.0140645307e+01,
9.0157639602e+01,
9.0171302894e+01,
9.0182092804e+01,
9.0190441201e+01,
9.0196750613e+01,
9.0201390853e+01,
9.0204696058e+01,
9.0206962309e+01,
9.0208446044e+01,
9.0209363415e+01,
9.0209890722e+01,
9.0210165998e+01,
9.0210291768e+01,
9.0210338948e+01,
9.0210351782e+01,
9.0210353676e+01,
9.0210353846e+01,
9.0210357210e+01,
9.0210380002e+01,
9.0210463786e+01,
9.0210687114e+01,
9.0211175811e+01,
9.0212111533e+01,
9.0213738163e+01,
9.0216365623e+01,
9.0220370674e+01,
9.0226194293e+01,
9.0234335264e+01,
9.0245339723e+01,
9.0259786531e+01,
9.0278268606e+01,
9.0301370594e+01,
9.0329643641e+01,
9.0363578387e+01,
9.0403577632e+01,
9.0449930437e+01,
9.0502789534e+01,
9.0562153918e+01,
9.0627858232e+01,
9.0699570134e+01,
9.0776796252e+01,
9.0858896609e+01,
9.0945106732e+01,
9.1034565996e+01,
9.1126350271e+01,
9.1219506623e+01,
9.1313087733e+01,
9.1406183802e+01,
9.1497950052e+01,
9.1587628422e+01,
9.1674562640e+01,
9.1758206518e+01,
9.1838125889e+01,
9.1913995095e+01,
9.1985589240e+01,
9.2052773558e+01,
9.2115491202e+01,
9.2173750594e+01,
9.2227613212e+01,
9.2277182432e+01,
9.2322593777e+01,
9.2364006687e+01,
9.2401597813e+01,
9.2435555669e+01,
9.2466076481e+01,
9.2493361019e+01,
9.2517612216e+01,
9.2539033386e+01,
9.2557826896e+01,
9.2574193156e+01,
9.2588329805e+01,
9.2600431019e+01,
9.2610686857e+01,
9.2619282583e+01,
9.2626397926e+01,
9.2632206262e+01,
9.2636873690e+01,
9.2640558030e+01,
9.2643407759e+01,
9.2645560943e+01,
9.2647144201e+01,
9.2648271791e+01,
9.2649044862e+01,
9.2649550967e+01,
9.2649863871e+01,
9.2650043724e+01,
9.2650137614e+01,
9.2650180511e+01,
9.2650196602e+01,
9.2650200980e+01,
9.2650201626e+01,
9.2650201685e+01,
9.2650202881e+01,
9.2650210981e+01,
9.2650240756e+01,
9.2650320122e+01,
9.2650493793e+01,
9.2650826312e+01,
9.2651404315e+01,
9.2652337847e+01,
9.2653760590e+01,
9.2655828829e+01,
9.2658719021e+01,
9.2662623862e+01,
9.2667746804e+01,
9.2674295066e+01,
9.2682471308e+01,
9.2692464250e+01,
9.2704438696e+01,
9.2718525528e+01,
9.2734812351e+01,
9.2753335487e+01,
9.2774073999e+01,
9.2796946293e+01,
9.2821809648e+01,
9.2848462810e+01,
9.2876651525e+01,
9.2906076690e+01,
9.2936404653e+01,
9.2967279113e+01,
9.2998334044e+01,
9.3029207086e+01,
9.3059552777e+01,
9.3089054993e+01,
9.3117437831e+01,
9.3144474142e+01,
9.3169990978e+01,
9.3193871419e+01,
9.3216052659e+01,
9.3236520725e+01,
9.3255302635e+01,
9.3272457144e+01,
9.3288065218e+01,
9.3302221262e+01,
9.3315025770e+01,
9.3326579713e+01,
9.3336980688e+01,
9.3346320599e+01,
9.3354684580e+01,
9.3362150810e+01,
9.3368790898e+01,
9.3374670606e+01,
9.3379850702e+01,
9.3384387812e+01,
9.3388335200e+01,
9.3391743414e+01,
9.3394660789e+01,
9.3397133787e+01,
9.3399207208e+01,
9.3400924258e+01,
9.3402326513e+01,
9.3403453792e+01,
9.3404343960e+01,
9.3405032694e+01,
9.3405553216e+01,
9.3405936036e+01,
9.3406208719e+01,
9.3406395689e+01,
9.3406518101e+01,
9.3406593787e+01,
9.3406637292e+01,
9.3406660003e+01,
9.3406670380e+01,
9.3406674272e+01,
9.3406675331e+01,
9.3406675488e+01,
9.3406675502e+01,
9.3406675807e+01,
9.3406677868e+01,
9.3406685446e+01,
9.3406705644e+01,
9.3406749843e+01,
9.3406834470e+01,
9.3406981576e+01,
9.3407219179e+01,
9.3407581321e+01,
9.3408107827e+01,
9.3408843703e+01,
9.3409838178e+01,
9.3411143380e+01,
9.3412812669e+01,
9.3414898702e+01,
9.3417451313e+01,
9.3420515369e+01,
9.3424128753e+01,
9.3428320648e+01,
9.3433110292e+01,
9.3438506286e+01,
9.3444506525e+01,
9.3451098671e+01,
9.3458261078e+01,
9.3465963978e+01,
9.3474170743e+01,
9.3482839070e+01,
9.3491921980e+01,
9.3501368585e+01,
9.3511124664e+01,
9.3521133108e+01,
9.3531334320e+01,
9.3541666660e+01,
9.3552066987e+01,
9.3562471329e+01,
9.3572815688e+01,
9.3583036956e+01,
9.3593073901e+01,
9.3602868178e+01,
9.3612365310e+01,
9.3621515588e+01,
9.3630274849e+01,
9.3638605085e+01,
9.3646474890e+01,
9.3653859700e+01,
9.3660741864e+01,
9.3667110542e+01,
9.3672961455e+01,
9.3678296521e+01,
9.3683123390e+01,
9.3687454922e+01,
9.3691308614e+01,
9.3694705998e+01,
9.3697672031e+01,
9.3700234478e+01,
9.3702423295e+01,
9.3704270026e+01,
9.3705807199e+01,
9.3707067750e+01,
9.3708084454e+01,
9.3708889387e+01,
9.3709513420e+01,
9.3709985760e+01,
9.3710333537e+01,
9.3710581460e+01,
9.3710751550e+01,
9.3710862953e+01,
9.3710931849e+01,
9.3710971456e+01,
9.3710992135e+01,
9.3711001583e+01,
9.3711005127e+01,
9.3711006091e+01,
9.3711006233e+01,
9.3711006247e+01,
9.3711006541e+01,
9.3711008527e+01,
9.3711015831e+01,
9.3711035298e+01,
9.3711077900e+01,
9.3711159481e+01,
9.3711301333e+01,
9.3711530549e+01,
9.3711880152e+01,
9.3712388945e+01,
9.3713101085e+01,
9.3714065355e+01,
9.3715334135e+01,
9.3716962069e+01,
9.3719004452e+01,
9.3721515383e+01,
9.3724545703e+01,
9.3728140824e+01,
9.3732338508e+01,
9.3737166704e+01,
9.3742641560e+01,
9.3748765718e+01,
9.3755527030e+01,
9.3762897784e+01,
9.3770834568e+01,
9.3779278825e+01,
9.3788158142e+01,
9.3797388256e+01,
9.3806875702e+01,
9.3816520982e+01,
9.3826222054e+01,
9.3835877924e+01,
9.3845392104e+01,
9.3854675689e+01,
9.3863649887e+01,
9.3872247843e+01,
9.3880415717e+01,
9.3888113016e+01,
9.3895312254e+01,
9.3901998070e+01,
9.3908165929e+01,
9.3913820584e+01,
9.3918974416e+01,
9.3923645788e+01,
9.3927857493e+01,
9.3931635371e+01,
9.3935007124e+01,
9.3938001337e+01,
9.3940646716e+01,
9.3942971511e+01,
9.3945003112e+01,
9.3946767783e+01,
9.3948290505e+01,
9.3949594910e+01,
9.3950703271e+01,
9.3951636526e+01,
9.3952414330e+01,
9.3953055104e+01,
9.3953576084e+01,
9.3953993354e+01,
9.3954321861e+01,
9.3954575420e+01,
9.3954766693e+01,
9.3954907167e+01,
9.3955007124e+01,
9.3955075612e+01,
9.3955120430e+01,
9.3955148131e+01,
9.3955164051e+01,
9.3955172361e+01,
9.3955176158e+01,
9.3955177582e+01,
9.3955177969e+01,
9.3955178026e+01,
9.3955178032e+01,
9.3955178158e+01,
9.3955179006e+01,
9.3955182124e+01,
9.3955190435e+01,
9.3955208620e+01,
9.3955243428e+01,
9.3955303905e+01,
9.3955401508e+01,
9.3955550082e+01,
9.3955765682e+01,
9.3956066205e+01,
9.3956470822e+01,
9.3956999190e+01,
9.3957670461e+01,
9.3958502113e+01,
9.3959508663e+01,
9.3960700333e+01,
9.3962081802e+01,
9.3963651155e+01,
9.3965399171e+01,
9.3967309069e+01,
9.3969356806e+01,
9.3971511943e+01,
9.3973739067e+01,
9.3975999643e+01,
9.3978254154e+01,
9.3980464301e+01,
9.3982595051e+01,
9.3984616344e+01,
9.3986504298e+01,
9.3988241855e+01,
9.3989818845e+01,
9.3991231561e+01,
9.3992481950e+01,
9.3993576562e+01,
9.3994525386e+01,
9.3995340710e+01,
9.3996036081e+01,
9.3996625436e+01,
9.3997122437e+01,
9.3997540008e+01,
9.3997890043e+01,
9.3998183258e+01,
9.3998429129e+01,
9.3998635894e+01,
9.3998810603e+01,
9.3998959204e+01,
9.3999086643e+01,
9.3999196976e+01,
9.3999293482e+01,
9.3999378760e+01,
9.3999454827e+01,
9.3999523208e+01,
9.3999585023e+01,
9.3999641075e+01,
9.3999691922e+01,
9.3999737952e+01,
9.3999779441e+01,
9.3999816591e+01,
9.3999849575e+01,
9.3999878558e+01,
9.3999903712e+01,
9.3999925233e+01,
9.3999943341e+01,
9.3999958282e+01,
9.3999970329e+01,
9.3999979776e+01,
9.3999986934e+01,
9.3999992129e+01,
9.3999995688e+01,
9.3999997940e+01,
9.3999999208e+01,
9.4000000000e+01,
9.4000000000e+01,
