0.0000000000e+00,
4.2231509667e-07,
1.3481134999e-05,
1.0195681850e-04,
4.2720663410e-04,
1.2942327474e-03,
3.1918478791e-03,
6.8265806160e-03,
1.3149198689e-02,
2.3373006667e-02,
3.8983365672e-02,
6.1738142383e-02,
9.3658963984e-02,
1.3701317114e-01,
1.9428617411e-01,
2.6814352706e-01,
3.6138152731e-01,
4.7686471949e-01,
6.1744865152e-01,
7.8588695427e-01,
9.8472359347e-01,
1.2161740164e+00,
1.4820025283e+00,
1.7834067619e+00,
2.1209223816e+00,
2.4943610502e+00,
2.9027914699e+00,
3.3445672199e+00,
3.8173973527e+00,
4.3184483073e+00,
4.8444607941e+00,
5.3918644404e+00,
5.9568764964e+00,
6.5355777386e+00,
7.1239667738e+00,
7.7180007408e+00,
8.3136337674e+00,
8.9068633180e+00,
9.4937891630e+00,
1.0070682219e+01,
1.0634054279e+01,
1.1180717712e+01,
1.1707827359e+01,
1.2212902963e+01,
1.2693835978e+01,
1.3148886986e+01,
1.3576679111e+01,
1.3976190407e+01,
1.4346745858e+01,
1.4688008240e+01,
1.4999966694e+01,
1.5282922088e+01,
1.5537468659e+01,
1.5764471863e+01,
1.5965042631e+01,
1.6140508453e+01,
1.6292381775e+01,
1.6422326252e+01,
1.6532121454e+01,
1.6623626623e+01,
1.6698744150e+01,
1.6759383459e+01,
1.6807426064e+01,
1.6844692562e+01,
1.6872912366e+01,
1.6893696958e+01,
1.6908517409e+01,
1.6918686807e+01,
1.6925348153e+01,
1.6929468092e+01,
1.6931836703e+01,
1.6933073348e+01,
1.6933638385e+01,
1.6933850350e+01,
1.6933908010e+01,
1.6933916520e+01,
1.6933917685e+01,
1.6933945198e+01,
1.6934131598e+01,
1.6934816823e+01,
1.6936643347e+01,
1.6940640483e+01,
1.6948294831e+01,
1.6961603792e+01,
1.6983109205e+01,
1.7015908434e+01,
1.7063640533e+01,
1.7130445601e+01,
1.7220896112e+01,
1.7339899980e+01,
1.7492576304e+01,
1.7684106294e+01,
1.7919563517e+01,
1.8203729439e+01,
1.8540901923e+01,
1.8934705873e+01,
1.9387916411e+01,
1.9902305657e+01,
2.0478524138e+01,
2.1116026675e+01,
2.1813049724e+01,
2.2566642410e+01,
2.3372747175e+01,
2.4226319723e+01,
2.5121474095e+01,
2.6051639545e+01,
2.7009721830e+01,
2.7988269760e+01,
2.8979652697e+01,
2.9976250841e+01,
3.0970647800e+01,
3.1955802775e+01,
3.2925178984e+01,
3.3872819106e+01,
3.4793377768e+01,
3.5682131583e+01,
3.6534984088e+01,
3.7348472200e+01,
3.8119771503e+01,
3.8846694170e+01,
3.9527674869e+01,
4.0161743583e+01,
4.0748487406e+01,
4.1288005013e+01,
4.1780857668e+01,
4.2228019855e+01,
4.2630831476e+01,
4.2990952474e+01,
4.3310319929e+01,
4.3591107197e+01,
4.3835684405e+01,
4.4046579668e+01,
4.4226440470e+01,
4.4377994876e+01,
4.4504012463e+01,
4.4607265106e+01,
4.4690487986e+01,
4.4756341420e+01,
4.4807374269e+01,
4.4845989856e+01,
4.4874415414e+01,
4.4894676081e+01,
4.4908574479e+01,
4.4917676728e+01,
4.4923305642e+01,
4.4926541546e+01,
4.4928230933e+01,
4.4929002817e+01,
4.4929292376e+01,
4.4929371142e+01,
4.4929382768e+01,
4.4929383872e+01,
4.4929406372e+01,
4.4929558812e+01,
4.4930119195e+01,
4.4931612938e+01,
4.4934881794e+01,
4.4941141419e+01,
4.4952025005e+01,
4.4969610524e+01,
4.4996429316e+01,
4.5035453952e+01,
4.5090063745e+01,
4.5163986795e+01,
4.5261218319e+01,
4.5385916082e+01,
4.5542275100e+01,
4.5734385380e+01,
4.5966078085e+01,
4.6240767059e+01,
4.6561293877e+01,
4.6929785131e+01,
4.7347530482e+01,
4.7814888805e+01,
4.8331227824e+01,
4.8894900229e+01,
4.9503257145e+01,
5.0152698529e+01,
5.0838759917e+01,
5.1556235077e+01,
5.2299332863e+01,
5.3061861853e+01,
5.3837428497e+01,
5.4619627285e+01,
5.5402201223e+01,
5.6179160805e+01,
5.6944865241e+01,
5.7694081412e+01,
5.8422037108e+01,
5.9124476903e+01,
5.9797718406e+01,
6.0438699721e+01,
6.1045008134e+01,
6.1614883612e+01,
6.2147196046e+01,
6.2641399887e+01,
6.3097472694e+01,
6.3515845024e+01,
6.3897328452e+01,
6.4243046899e+01,
6.4554374643e+01,
6.4832882590e+01,
6.5080293048e+01,
6.5298442277e+01,
6.5489249568e+01,
6.5654691376e+01,
6.5796779056e+01,
6.5917538925e+01,
6.6018993601e+01,
6.6103143869e+01,
6.6171950604e+01,
6.6227316574e+01,
6.6271068186e+01,
6.6304937499e+01,
6.6330544972e+01,
6.6349383597e+01,
6.6362805133e+01,
6.6372009175e+01,
6.6378035769e+01,
6.6381762172e+01,
6.6383904203e+01,
6.6385022456e+01,
6.6385533376e+01,
6.6385725037e+01,
6.6385777173e+01,
6.6385784868e+01,
6.6385785553e+01,
6.6385799034e+01,
6.6385890367e+01,
6.6386226113e+01,
6.6387121059e+01,
6.6389079468e+01,
6.6392829447e+01,
6.6399348796e+01,
6.6409880703e+01,
6.6425937747e+01,
6.6449292703e+01,
6.6481954915e+01,
6.6526131319e+01,
6.6584171799e+01,
6.6658499340e+01,
6.6751526516e+01,
6.6865561041e+01,
6.7002704499e+01,
6.7164749617e+01,
6.7353082516e+01,
6.7568596934e+01,
6.7811627291e+01,
6.8081906477e+01,
6.8378552339e+01,
6.8700084203e+01,
6.9044467659e+01,
6.9409182972e+01,
6.9791310338e+01,
7.0187624554e+01,
7.0594692584e+01,
7.1008969754e+01,
7.1426892942e+01,
7.1844970830e+01,
7.2259870935e+01,
7.2668500666e+01,
7.3068076323e+01,
7.3456172251e+01,
7.3830744083e+01,
7.4190125223e+01,
7.4533001844e+01,
7.4858375683e+01,
7.5165524162e+01,
7.5453964551e+01,
7.5723424954e+01,
7.5973821838e+01,
7.6205242153e+01,
7.6417927930e+01,
7.6612261738e+01,
7.6788752154e+01,
7.6948019037e+01,
7.7090778741e+01,
7.7217829584e+01,
7.7330037812e+01,
7.7428324255e+01,
7.7513651674e+01,
7.7587012763e+01,
7.7649418636e+01,
7.7701887665e+01,
7.7745434512e+01,
7.7781059269e+01,
7.7809736689e+01,
7.7832405587e+01,
7.7849958560e+01,
7.7863232296e+01,
7.7872998745e+01,
7.7879957536e+01,
7.7884729982e+01,
7.7887855018e+01,
7.7889787369e+01,
7.7890898154e+01,
7.7891478048e+01,
7.7891742999e+01,
7.7891842389e+01,
7.7891869426e+01,
7.7891873416e+01,
7.7891873769e+01,
7.7891880687e+01,
7.7891927559e+01,
7.7892099863e+01,
7.7892559149e+01,
7.7893564213e+01,
7.7895488758e+01,
7.7898834704e+01,
7.7904240352e+01,
7.7912482619e+01,
7.7924472634e+01,
7.7941244081e+01,
7.7963933846e+01,
7.7993754803e+01,
7.8031960923e+01,
7.8079805378e+01,
7.8138492840e+01,
7.8209127798e+01,
7.8292661294e+01,
7.8389838990e+01,
7.8501153839e+01,
7.8626806730e+01,
7.8766678338e+01,
7.8920314850e+01,
7.9086929443e+01,
7.9265420197e+01,
7.9454403817e+01,
7.9652263074e+01,
7.9857204598e+01,
8.0067322674e+01,
8.0280664258e+01,
8.0495290644e+01,
8.0709332013e+01,
8.0921032409e+01,
8.1128784095e+01,
8.1331151582e+01,
8.1526886473e+01,
8.1714934677e+01,
8.1894437440e+01,
8.2064727324e+01,
8.2225319881e+01,
8.2375901569e+01,
8.2516314486e+01,
8.2646538696e+01,
8.2766673133e+01,
8.2876916209e+01,
8.2977547202e+01,
8.3068909290e+01,
8.3151394775e+01,
8.3225432717e+01,
8.3291478914e+01,
8.3350007966e+01,
8.3401507043e+01,
8.3446470956e+01,
8.3485398133e+01,
8.3518787158e+01,
8.3547133598e+01,
8.3570926888e+01,
8.3590647152e+01,
8.3606761857e+01,
8.3619722304e+01,
8.3629959970e+01,
8.3637882802e+01,
8.3643871596e+01,
8.3648276599e+01,
8.3651414538e+01,
8.3653566241e+01,
8.3654975043e+01,
8.3655846110e+01,
8.3656346809e+01,
8.3656608198e+01,
8.3656727623e+01,
8.3656772423e+01,
8.3656784609e+01,
8.3656786408e+01,
8.3656786569e+01,
8.3656789764e+01,
8.3656811406e+01,
8.3656890964e+01,
8.3657103027e+01,
8.3657567079e+01,
8.3658455628e+01,
8.3660000300e+01,
8.3662495502e+01,
8.3666299254e+01,
8.3671830825e+01,
8.3679564852e+01,
8.3690021698e+01,
8.3703753980e+01,
8.3721329384e+01,
8.3743310154e+01,
8.3770229998e+01,
8.3802569439e+01,
8.3840731018e+01,
8.3885015936e+01,
8.3935603886e+01,
8.3992537693e+01,
8.4055714126e+01,
8.4124881761e+01,
8.4199646115e+01,
8.4279481665e+01,
8.4363749716e+01,
8.4451720686e+01,
8.4542599189e+01,
8.4635550283e+01,
8.4729725456e+01,
8.4824287146e+01,
8.4918430832e+01,
8.5011403941e+01,
8.5102521007e+01,
8.5191174719e+01,
8.5276842754e+01,
8.5359090543e+01,
8.5437570401e+01,
8.5512017674e+01,
8.5582244672e+01,
8.5648133193e+01,
8.5709626383e+01,
8.5766720535e+01,
8.5819457254e+01,
8.5867916270e+01,
8.5912209026e+01,
8.5952473068e+01,
8.5988867191e+01,
8.6021567272e+01,
8.6050762696e+01,
8.6076653279e+01,
8.6099446609e+01,
8.6119355723e+01,
8.6136597034e+01,
8.6151388460e+01,
8.6163947659e+01,
8.6174490351e+01,
8.6183228645e+01,
8.6190369368e+01,
8.6196112370e+01,
8.6200648814e+01,
8.6204159478e+01,
8.6206813120e+01,
8.6208764958e+01,
8.6210155352e+01,
8.6211108747e+01,
8.6211732967e+01,
8.6212118923e+01,
8.6212340775e+01,
8.6212456591e+01,
8.6212509506e+01,
8.6212529356e+01,
8.6212534756e+01,
8.6212535553e+01,
8.6212535627e+01,
8.6212537101e+01,
8.6212547093e+01,
8.6212583823e+01,
8.6212681728e+01,
8.6212895968e+01,
8.6213306181e+01,
8.6214019287e+01,
8.6215171165e+01,
8.6216927007e+01,
8.6219480185e+01,
8.6223049452e+01,
8.6227874377e+01,
8.6234208952e+01,
8.6242313413e+01,
8.6252444424e+01,
8.6264843952e+01,
8.6279727261e+01,
8.6297270643e+01,
8.6317599606e+01,
8.6340778288e+01,
8.6366800899e+01,
8.6395585889e+01,
8.6426973435e+01,
8.6460726625e+01,
8.6496536543e+01,
8.6534031242e+01,
8.6572788387e+01,
8.6612351161e+01,
8.6652246758e+01,
8.6692006481e+01,
8.6731186080e+01,
8.6769384624e+01,
8.6806260044e+01,
8.6841539650e+01,
8.6875024515e+01,
8.6906587599e+01,
8.6936166446e+01,
8.6963752166e+01,
8.6989376710e+01,
8.7013100333e+01,
8.7035000643e+01,
8.7055163976e+01,
8.7073679278e+01,
8.7090634246e+01,
8.7106113289e+01,
8.7120196785e+01,
8.7132961186e+01,
8.7144479583e+01,
8.7154822482e+01,
8.7164058585e+01,
8.7172255490e+01,
8.7179480237e+01,
8.7185799677e+01,
8.7191280672e+01,
8.7195990115e+01,
8.7199994796e+01,
8.7203361131e+01,
8.7206154777e+01,
8.7208440152e+01,
8.7210279880e+01,
8.7211734202e+01,
8.7212860361e+01,
8.7213712010e+01,
8.7214338653e+01,
8.7214785161e+01,
8.7215091390e+01,
8.7215291915e+01,
8.7215415909e+01,
8.7215487186e+01,
8.7215524397e+01,
8.7215541398e+01,
8.7215547776e+01,
8.7215549511e+01,
8.7215549767e+01,
8.7215549792e+01,
8.7215550290e+01,
8.7215553668e+01,
8.7215566084e+01,
8.7215599179e+01,
8.7215671601e+01,
8.7215810276e+01,
8.7216051364e+01,
8.7216440837e+01,
8.7217034635e+01,
8.7217898321e+01,
8.7219106220e+01,
8.7220739992e+01,
8.7222886640e+01,
8.7225635995e+01,
8.7229077728e+01,
8.7233298026e+01,
8.7238376095e+01,
8.7244380688e+01,
8.7251366897e+01,
8.7259373419e+01,
8.7268420497e+01,
8.7278508660e+01,
8.7289618330e+01,
8.7301710268e+01,
8.7314726786e+01,
8.7328593574e+01,
8.7343221990e+01,
8.7358511648e+01,
8.7374353138e+01,
8.7390630747e+01,
8.7407225077e+01,
8.7424015465e+01,
8.7440882167e+01,
8.7457708291e+01,
8.7474381466e+01,
8.7490795297e+01,
8.7506850608e+01,
8.7522456515e+01,
8.7537531329e+01,
8.7552003279e+01,
8.7565811060e+01,
8.7578904160e+01,
8.7591242983e+01,
8.7602798732e+01,
8.7613553091e+01,
8.7623497704e+01,
8.7632633506e+01,
8.7640969932e+01,
8.7648524046e+01,
8.7655319640e+01,
8.7661386324e+01,
8.7666758631e+01,
8.7671475165e+01,
8.7675577783e+01,
8.7679110826e+01,
8.7682120385e+01,
8.7684653605e+01,
8.7686758019e+01,
8.7688480896e+01,
8.7689868629e+01,
8.7690966127e+01,
8.7691816257e+01,
8.7692459316e+01,
8.7692932560e+01,
8.7693269808e+01,
8.7693501122e+01,
8.7693652599e+01,
8.7693746268e+01,
8.7693800114e+01,
8.7693828225e+01,
8.7693841069e+01,
8.7693845888e+01,
8.7693847198e+01,
8.7693847392e+01,
8.7693847411e+01,
8.7693847809e+01,
8.7693850510e+01,
8.7693860438e+01,
8.7693886901e+01,
8.7693944811e+01,
8.7694055699e+01,
8.7694248481e+01,
8.7694559927e+01,
8.7695034784e+01,
8.7695725512e+01,
8.7696691598e+01,
8.7697998418e+01,
8.7699715630e+01,
8.7701915114e+01,
8.7704668481e+01,
8.7708044218e+01,
8.7712104564e+01,
8.7716902251e+01,
8.7722477269e+01,
8.7728853842e+01,
8.7736037822e+01,
8.7744014710e+01,
8.7752748483e+01,
8.7762181403e+01,
8.7772234894e+01,
8.7782811557e+01,
8.7793798238e+01,
8.7805070043e+01,
8.7816495059e+01,
8.7827939461e+01,
8.7839272669e+01,
8.7850372174e+01,
8.7861127696e+01,
8.7871444413e+01,
8.7881245090e+01,
8.7890471066e+01,
8.7899082165e+01,
8.7907055667e+01,
8.7914384574e+01,
8.7921075388e+01,
8.7927145650e+01,
8.7932621444e+01,
8.7937535022e+01,
8.7941922668e+01,
8.7945822873e+01,
8.7949274848e+01,
8.7952317364e+01,
8.7954987905e+01,
8.7957322090e+01,
8.7959353318e+01,
8.7961112593e+01,
8.7962628491e+01,
8.7963927217e+01,
8.7965032736e+01,
8.7965966936e+01,
8.7966749811e+01,
8.7967399640e+01,
8.7967933162e+01,
8.7968365715e+01,
8.7968711362e+01,
8.7968982980e+01,
8.7969192324e+01,
8.7969350067e+01,
8.7969465820e+01,
8.7969548136e+01,
8.7969604512e+01,
8.7969641394e+01,
8.7969664186e+01,
8.7969677283e+01,
8.7969684119e+01,
8.7969687242e+01,
8.7969688414e+01,
8.7969688733e+01,
8.7969688780e+01,
8.7969688785e+01,
8.7969688888e+01,
8.7969689585e+01,
8.7969692150e+01,
8.7969698987e+01,
8.7969713944e+01,
8.7969742569e+01,
8.7969792293e+01,
8.7969872509e+01,
8.7969994540e+01,
8.7970171457e+01,
8.7970417733e+01,
8.7970748709e+01,
8.7971179861e+01,
8.7971725892e+01,
8.7972399665e+01,
8.7973211059e+01,
8.7974165813e+01,
8.7975264507e+01,
8.7976501778e+01,
8.7977865920e+01,
8.7979338961e+01,
8.7980897272e+01,
8.7982512708e+01,
8.7984154191e+01,
8.7985789591e+01,
8.7987387706e+01,
8.7988920128e+01,
8.7990362796e+01,
8.7991697074e+01,
8.7992910305e+01,
8.7993995804e+01,
8.7994952394e+01,
8.7995783576e+01,
8.7996496500e+01,
8.7997100862e+01,
8.7997607861e+01,
8.7998029308e+01,
8.7998376916e+01,
8.7998661792e+01,
8.7998894106e+01,
8.7999082901e+01,
8.7999236026e+01,
8.7999360156e+01,
8.7999460879e+01,
8.7999542826e+01,
8.7999609804e+01,
8.7999664919e+01,
8.7999710679e+01,
8.7999749086e+01,
8.7999781716e+01,
8.7999809793e+01,
8.7999834254e+01,
8.7999855809e+01,
8.7999874985e+01,
8.7999892164e+01,
8.7999907615e+01,
8.7999921521e+01,
8.7999934007e+01,
8.7999945160e+01,
8.7999955046e+01,
8.7999963723e+01,
8.7999971247e+01,
8.7999977679e+01,
8.7999983088e+01,
8.7999987550e+01,
8.7999991146e+01,
8.7999993965e+01,
8.7999996102e+01,
8.7999997651e+01,
8.7999998713e+01,
8.7999999385e+01,
8.8000000000e+01,
8.8000000000e+01,
8.8000000000e+01,
