0.0000000000e+00,
1.2183579656e-07,
3.8892397995e-06,
2.9414014598e-05,
1.2324666070e-04,
3.7337675520e-04,
9.2081439630e-04,
1.9693533833e-03,
3.7931792790e-03,
6.7420603060e-03,
1.1243941858e-02,
1.7804850127e-02,
2.7006089276e-02,
3.9498781073e-02,
5.5995837984e-02,
7.7261474790e-02,
1.0409834991e-01,
1.3733239355e-01,
1.7779534286e-01,
2.2630499139e-01,
2.8364320195e-01,
3.5053185873e-01,
4.2760716203e-01,
5.1539299183e-01,
6.1427444764e-01,
7.2447304637e-01,
8.4602533962e-01,
9.7876680951e-01,
1.1223227500e+00,
1.2761074184e+00,
1.4393320816e+00,
1.6110217801e+00,
1.7900398116e+00,
1.9751182385e+00,
2.1648922623e+00,
2.3579361422e+00,
2.5527984743e+00,
2.7480350280e+00,
2.9422378696e+00,
3.1340600785e+00,
3.3222358829e+00,
3.5055964434e+00,
3.6830817643e+00,
3.8537493152e+00,
4.0167799359e+00,
4.1714815045e+00,
4.3172907298e+00,
4.4537733030e+00,
4.5806225462e+00,
4.6976566246e+00,
4.8048143591e+00,
4.9021496619e+00,
4.9898246366e+00,
5.0681014002e+00,
5.1373327138e+00,
5.1979515406e+00,
5.2504596690e+00,
5.2954155749e+00,
5.3334217146e+00,
5.3651114682e+00,
5.3911359751e+00,
5.4121511230e+00,
5.4288049671e+00,
5.4417258659e+00,
5.4515116208e+00,
5.4587198971e+00,
5.4638601837e+00,
5.4673875167e+00,
5.4696981457e+00,
5.4711272699e+00,
5.4719489060e+00,
5.4723778832e+00,
5.4725738886e+00,
5.4726474173e+00,
5.4726674189e+00,
5.4726703711e+00,
5.4726707752e+00,
5.4726803191e+00,
5.4727449797e+00,
5.4729826782e+00,
5.4736162874e+00,
5.4750028860e+00,
5.4776582369e+00,
5.4822754411e+00,
5.4897368009e+00,
5.5011180221e+00,
5.5176840134e+00,
5.5408757119e+00,
5.5722875985e+00,
5.6136358746e+00,
5.6667176623e+00,
5.7333620536e+00,
5.8153743516e+00,
5.9144753681e+00,
6.0322381246e+00,
6.1700246715e+00,
6.3289259632e+00,
6.5097077960e+00,
6.7127657665e+00,
6.9380921266e+00,
7.1852573219e+00,
7.4534087877e+00,
7.7412888925e+00,
8.0472722620e+00,
8.3694198675e+00,
8.7055437878e+00,
9.0532740791e+00,
9.4101195064e+00,
9.7735174997e+00,
1.0140873926e+01,
1.0509597234e+01,
1.0877132350e+01,
1.1240997577e+01,
1.1598824448e+01,
1.1948397859e+01,
1.2287692686e+01,
1.2614903524e+01,
1.2928465456e+01,
1.3227065313e+01,
1.3509644156e+01,
1.3775392528e+01,
1.4023740371e+01,
1.4254343404e+01,
1.4467067481e+01,
1.4661972026e+01,
1.4839293240e+01,
1.4999427419e+01,
1.5142914496e+01,
1.5270421759e+01,
1.5382727602e+01,
1.5480705172e+01,
1.5565305798e+01,
1.5637542130e+01,
1.5698470982e+01,
1.5749175955e+01,
1.5790750003e+01,
1.5824278144e+01,
1.5850820630e+01,
1.5871396920e+01,
1.5886970847e+01,
1.5898437400e+01,
1.5906611537e+01,
1.5912219406e+01,
1.5915892333e+01,
1.5918163806e+01,
1.5919469647e+01,
1.5920151405e+01,
1.5920462904e+01,
1.5920579758e+01,
1.5920611545e+01,
1.5920616237e+01,
1.5920616682e+01,
1.5920625762e+01,
1.5920687281e+01,
1.5920913429e+01,
1.5921516247e+01,
1.5922835452e+01,
1.5925361709e+01,
1.5929754331e+01,
1.5936852473e+01,
1.5947678952e+01,
1.5963435963e+01,
1.5985492084e+01,
1.6015360230e+01,
1.6054666484e+01,
1.6105110150e+01,
1.6168415841e+01,
1.6246278968e+01,
1.6340306573e+01,
1.6451955980e+01,
1.6582474214e+01,
1.6732841335e+01,
1.6903720876e+01,
1.7095420230e+01,
1.7307863197e+01,
1.7540576083e+01,
1.7792687775e+01,
1.8062943377e+01,
1.8349730471e+01,
1.8651116854e+01,
1.8964898721e+01,
1.9288658365e+01,
1.9619830094e+01,
1.9955771978e+01,
2.0293839366e+01,
2.0631454518e+01,
2.0966166315e+01,
2.1295695511e+01,
2.1617964042e+01,
2.1931110322e+01,
2.2233494655e+01,
2.2523699268e+01,
2.2800526267e+01,
2.3062995012e+01,
2.3310338926e+01,
2.3542000939e+01,
2.3757626738e+01,
2.3957055290e+01,
2.4140306653e+01,
2.4307567452e+01,
2.4459174694e+01,
2.4595598621e+01,
2.4717425291e+01,
2.4825339365e+01,
2.4920107460e+01,
2.5002562214e+01,
2.5073587107e+01,
2.5134101957e+01,
2.5185049005e+01,
2.5227379466e+01,
2.5262040493e+01,
2.5289962528e+01,
2.5312047136e+01,
2.5329155437e+01,
2.5342097389e+01,
2.5351622180e+01,
2.5358410056e+01,
2.5363065896e+01,
2.5366114847e+01,
2.5368000257e+01,
2.5369084096e+01,
2.5369649934e+01,
2.5369908464e+01,
2.5370005446e+01,
2.5370031828e+01,
2.5370035722e+01,
2.5370036068e+01,
2.5370042890e+01,
2.5370089105e+01,
2.5370258998e+01,
2.5370711860e+01,
2.5371702881e+01,
2.5373600595e+01,
2.5376900075e+01,
2.5382231143e+01,
2.5390360856e+01,
2.5402189641e+01,
2.5418740528e+01,
2.5441141089e+01,
2.5470597951e+01,
2.5508364014e+01,
2.5555698942e+01,
2.5613823918e+01,
2.5683872177e+01,
2.5766837334e+01,
2.5863522000e+01,
2.5974489569e+01,
2.6100022244e+01,
2.6240088447e+01,
2.6394322463e+01,
2.6562018669e+01,
2.6742141854e+01,
2.6933354051e+01,
2.7134056940e+01,
2.7342447536e+01,
2.7556583517e+01,
2.7774453581e+01,
2.7994047659e+01,
2.8213421944e+01,
2.8430754402e+01,
2.8644387715e+01,
2.8852858182e+01,
2.9054910710e+01,
2.9249501432e+01,
2.9435790454e+01,
2.9613127666e+01,
2.9781034553e+01,
2.9939184492e+01,
3.0087383424e+01,
3.0225552070e+01,
3.0353710273e+01,
3.0471963542e+01,
3.0580491594e+01,
3.0679538549e+01,
3.0769404408e+01,
3.0850437476e+01,
3.0923027506e+01,
3.0987599357e+01,
3.1044607069e+01,
3.1094528236e+01,
3.1137858605e+01,
3.1175106833e+01,
3.1206789303e+01,
3.1233424962e+01,
3.1255530120e+01,
3.1273613194e+01,
3.1288169421e+01,
3.1299675599e+01,
3.1308584945e+01,
3.1315322223e+01,
3.1320279296e+01,
3.1323811296e+01,
3.1326233590e+01,
3.1327819724e+01,
3.1328800502e+01,
3.1329364288e+01,
3.1329658617e+01,
3.1329793094e+01,
3.1329843540e+01,
3.1329857262e+01,
3.1329859288e+01,
3.1329859467e+01,
3.1329862978e+01,
3.1329886768e+01,
3.1329974222e+01,
3.1330207335e+01,
3.1330717461e+01,
3.1331694275e+01,
3.1333392526e+01,
3.1336136184e+01,
3.1340319569e+01,
3.1346405112e+01,
3.1354917440e+01,
3.1366433550e+01,
3.1381569010e+01,
3.1400960281e+01,
3.1425243516e+01,
3.1455030462e+01,
3.1490882414e+01,
3.1533283435e+01,
3.1582614335e+01,
3.1639129036e+01,
3.1702935009e+01,
3.1773979371e+01,
3.1852041992e+01,
3.1936736579e+01,
3.2027520191e+01,
3.2123711012e+01,
3.2224513448e+01,
3.2329048824e+01,
3.2436389191e+01,
3.2545591254e+01,
3.2655727343e+01,
3.2765910908e+01,
3.2875315039e+01,
3.2983183873e+01,
3.3088837952e+01,
3.3191675292e+01,
3.3291170045e+01,
3.3386870265e+01,
3.3478395626e+01,
3.3565435360e+01,
3.3647746261e+01,
3.3725150440e+01,
3.3797532519e+01,
3.3864836087e+01,
3.3927059429e+01,
3.3984250614e+01,
3.4036502183e+01,
3.4083945654e+01,
3.4126746070e+01,
3.4165096771e+01,
3.4199214495e+01,
3.4229334887e+01,
3.4255708401e+01,
3.4278596568e+01,
3.4298268579e+01,
3.4314998095e+01,
3.4329060223e+01,
3.4340728587e+01,
3.4350272470e+01,
3.4357953987e+01,
3.4364025313e+01,
3.4368725999e+01,
3.4372280436e+01,
3.4374895543e+01,
3.4376758781e+01,
3.4378036581e+01,
3.4378873279e+01,
3.4379390640e+01,
3.4379688036e+01,
3.4379843293e+01,
3.4379914228e+01,
3.4379940838e+01,
3.4379948077e+01,
3.4379949145e+01,
3.4379949241e+01,
3.4379951139e+01,
3.4379963994e+01,
3.4380011250e+01,
3.4380137212e+01,
3.4380412858e+01,
3.4380940669e+01,
3.4381858283e+01,
3.4383340706e+01,
3.4385600896e+01,
3.4388888500e+01,
3.4393486564e+01,
3.4399706105e+01,
3.4407878472e+01,
3.4418345554e+01,
3.4431448024e+01,
3.4447511952e+01,
3.4466834303e+01,
3.4489668016e+01,
3.4516207487e+01,
3.4546575402e+01,
3.4580811888e+01,
3.4618866896e+01,
3.4660596597e+01,
3.4705764300e+01,
3.4754046087e+01,
3.4805040988e+01,
3.4858285106e+01,
3.4913268748e+01,
3.4969455345e+01,
3.5026300804e+01,
3.5083271906e+01,
3.5139862587e+01,
3.5195607164e+01,
3.5250089991e+01,
3.5302951423e+01,
3.5353890299e+01,
3.5402663467e+01,
3.5449083013e+01,
3.5493011910e+01,
3.5534358772e+01,
3.5573072265e+01,
3.5609135594e+01,
3.5642561350e+01,
3.5673386843e+01,
3.5701669997e+01,
3.5727485762e+01,
3.5750923022e+01,
3.5772081923e+01,
3.5791071564e+01,
3.5808008004e+01,
3.5823012531e+01,
3.5836210156e+01,
3.5847728300e+01,
3.5857695632e+01,
3.5866241030e+01,
3.5873492611e+01,
3.5879576827e+01,
3.5884617566e+01,
3.5888735263e+01,
3.5892045988e+01,
3.5894660534e+01,
3.5896683499e+01,
3.5898212396e+01,
3.5899336826e+01,
3.5900137752e+01,
3.5900686916e+01,
3.5901046460e+01,
3.5901268760e+01,
3.5901396539e+01,
3.5901463245e+01,
3.5901493722e+01,
3.5901505155e+01,
3.5901508265e+01,
3.5901508724e+01,
3.5901508766e+01,
3.5901509616e+01,
3.5901515370e+01,
3.5901536525e+01,
3.5901592914e+01,
3.5901716305e+01,
3.5901952564e+01,
3.5902363261e+01,
3.5903026628e+01,
3.5904037747e+01,
3.5905507866e+01,
3.5907562743e+01,
3.5910339947e+01,
3.5913985091e+01,
3.5918646996e+01,
3.5924471908e+01,
3.5931596919e+01,
3.5940142876e+01,
3.5950207147e+01,
3.5961856643e+01,
3.5975121606e+01,
3.5989990602e+01,
3.6006407188e+01,
3.6024268587e+01,
3.6043426645e+01,
3.6063691177e+01,
3.6084835727e+01,
3.6106605568e+01,
3.6128727682e+01,
3.6150922244e+01,
3.6172914942e+01,
3.6194449263e+01,
3.6215297693e+01,
3.6235270717e+01,
3.6254222671e+01,
3.6272053850e+01,
3.6288708825e+01,
3.6304171505e+01,
3.6318457956e+01,
3.6331608157e+01,
3.6343677865e+01,
3.6354731453e+01,
3.6364836219e+01,
3.6374058331e+01,
3.6382460297e+01,
3.6390099694e+01,
3.6397028833e+01,
3.6403295052e+01,
3.6408941376e+01,
3.6414007330e+01,
3.6418529786e+01,
3.6422543725e+01,
3.6426082884e+01,
3.6429180256e+01,
3.6431868438e+01,
3.6434179826e+01,
3.6436146692e+01,
3.6437801138e+01,
3.6439174959e+01,
3.6440299430e+01,
3.6441205044e+01,
3.6441921213e+01,
3.6442475951e+01,
3.6442895569e+01,
3.6443204380e+01,
3.6443424450e+01,
3.6443575395e+01,
3.6443674243e+01,
3.6443735368e+01,
3.6443770507e+01,
3.6443788851e+01,
3.6443797233e+01,
3.6443800377e+01,
3.6443801232e+01,
3.6443801358e+01,
3.6443801370e+01,
3.6443801616e+01,
3.6443803281e+01,
3.6443809402e+01,
3.6443825718e+01,
3.6443861423e+01,
3.6443929792e+01,
3.6444048658e+01,
3.6444240700e+01,
3.6444533529e+01,
3.6444959534e+01,
3.6445555486e+01,
3.6446361869e+01,
3.6447421963e+01,
3.6448780673e+01,
3.6450483173e+01,
3.6452573397e+01,
3.6455092493e+01,
3.6458077310e+01,
3.6461559048e+01,
3.6465562141e+01,
3.6470103454e+01,
3.6475191813e+01,
3.6480827855e+01,
3.6487004145e+01,
3.6493705481e+01,
3.6500909309e+01,
3.6508586173e+01,
3.6516700176e+01,
3.6525209439e+01,
3.6534066567e+01,
3.6543219185e+01,
3.6552610556e+01,
3.6562180310e+01,
3.6571865322e+01,
3.6581600697e+01,
3.6591320866e+01,
3.6600960753e+01,
3.6610456959e+01,
3.6619748923e+01,
3.6628780014e+01,
3.6637498497e+01,
3.6645858342e+01,
3.6653819852e+01,
3.6661350092e+01,
3.6668423113e+01,
3.6675019990e+01,
3.6681128691e+01,
3.6686743797e+01,
3.6691866106e+01,
3.6696502150e+01,
3.6700663653e+01,
3.6704366947e+01,
3.6707632363e+01,
3.6710483620e+01,
3.6712947211e+01,
3.6715051793e+01,
3.6716827593e+01,
3.6718305817e+01,
3.6719518086e+01,
3.6720495884e+01,
3.6721270038e+01,
3.6721870224e+01,
3.6722324521e+01,
3.6722659017e+01,
3.6722897475e+01,
3.6723061072e+01,
3.6723168222e+01,
3.6723234489e+01,
3.6723272584e+01,
3.6723292474e+01,
3.6723301561e+01,
3.6723304970e+01,
3.6723305898e+01,
3.6723306034e+01,
3.6723306048e+01,
3.6723306330e+01,
3.6723308241e+01,
3.6723315265e+01,
3.6723333990e+01,
3.6723374966e+01,
3.6723453434e+01,
3.6723589873e+01,
3.6723810344e+01,
3.6724146612e+01,
3.6724636003e+01,
3.6725320999e+01,
3.6726248536e+01,
3.6727469017e+01,
3.6729035035e+01,
3.6730999823e+01,
3.6733415472e+01,
3.6736330949e+01,
3.6739790000e+01,
3.6743829001e+01,
3.6748474859e+01,
3.6753743082e+01,
3.6759636112e+01,
3.6766142071e+01,
3.6773234010e+01,
3.6780869768e+01,
3.6788992529e+01,
3.6797532081e+01,
3.6806406793e+01,
3.6815526212e+01,
3.6824794163e+01,
3.6834112147e+01,
3.6843382839e+01,
3.6852513424e+01,
3.6861418566e+01,
3.6870022815e+01,
3.6878262343e+01,
3.6886085935e+01,
3.6893455268e+01,
3.6900344550e+01,
3.6906739626e+01,
3.6912636715e+01,
3.6918040900e+01,
3.6922964525e+01,
3.6927425603e+01,
3.6931446330e+01,
3.6935051759e+01,
3.6938268658e+01,
3.6941124590e+01,
3.6943647183e+01,
3.6945863582e+01,
3.6947800074e+01,
3.6949481835e+01,
3.6950932789e+01,
3.6952175546e+01,
3.6953231399e+01,
3.6954120352e+01,
3.6954861169e+01,
3.6955471428e+01,
3.6955967568e+01,
3.6956364923e+01,
3.6956677740e+01,
3.6956919181e+01,
3.6957101309e+01,
3.6957235065e+01,
3.6957330239e+01,
3.6957395450e+01,
3.6957438123e+01,
3.6957464499e+01,
3.6957479657e+01,
3.6957487569e+01,
3.6957491184e+01,
3.6957492540e+01,
3.6957492909e+01,
3.6957492963e+01,
3.6957492969e+01,
3.6957493088e+01,
3.6957493896e+01,
3.6957496865e+01,
3.6957504778e+01,
3.6957522092e+01,
3.6957555234e+01,
3.6957612816e+01,
3.6957705745e+01,
3.6957847203e+01,
3.6958052473e+01,
3.6958338590e+01,
3.6958723796e+01,
3.6959226790e+01,
3.6959865782e+01,
3.6960657379e+01,
3.6961615351e+01,
3.6962749368e+01,
3.6964063805e+01,
3.6965556748e+01,
3.6967219317e+01,
3.6969035435e+01,
3.6970982114e+01,
3.6973030296e+01,
3.6975146212e+01,
3.6977293158e+01,
3.6979433535e+01,
3.6981530944e+01,
3.6983552136e+01,
3.6985468628e+01,
3.6987257845e+01,
3.6988903716e+01,
3.6990396727e+01,
3.6991733509e+01,
3.6992916052e+01,
3.6993950701e+01,
3.6994847048e+01,
3.6995616843e+01,
3.6996273009e+01,
3.6996828819e+01,
3.6997297264e+01,
3.6997690620e+01,
3.6998020172e+01,
3.6998296074e+01,
3.6998527296e+01,
3.6998721631e+01,
3.6998885743e+01,
3.6999025250e+01,
3.6999144822e+01,
3.6999248289e+01,
3.6999338745e+01,
3.6999418641e+01,
3.6999489881e+01,
3.6999553902e+01,
3.6999611762e+01,
3.6999664216e+01,
3.6999711793e+01,
3.6999754860e+01,
3.6999793674e+01,
3.6999828428e+01,
3.6999859284e+01,
3.6999886397e+01,
3.6999909928e+01,
3.6999930060e+01,
3.6999946998e+01,
3.6999960975e+01,
3.6999972244e+01,
3.6999981081e+01,
3.6999987778e+01,
3.6999992637e+01,
3.6999995966e+01,
3.6999998073e+01,
3.6999999259e+01,
3.7000000000e+01,
3.7000000000e+01,
