0.0000000000e+00,
3.3704050395e-07,
1.0759002606e-05,
8.1369523897e-05,
3.4094418660e-04,
1.0328973360e-03,
2.5473334874e-03,
5.4480947138e-03,
1.0493900518e-02,
1.8652895733e-02,
3.1110155101e-02,
4.9267910134e-02,
7.4738424788e-02,
1.0932950771e-01,
1.5502257453e-01,
2.1394295568e-01,
2.8832182532e-01,
3.8044881875e-01,
4.9261429319e-01,
6.2704050330e-01,
7.8580191660e-01,
9.7073657808e-01,
1.1833527160e+00,
1.4247372520e+00,
1.6954748788e+00,
1.9955871493e+00,
2.3244999789e+00,
2.6810449380e+00,
3.0634951052e+00,
3.4696310559e+00,
3.8968280523e+00,
4.3421528735e+00,
4.8024586736e+00,
5.2744687299e+00,
5.7548441740e+00,
6.2402355517e+00,
6.7273220126e+00,
7.2128440919e+00,
7.6936359840e+00,
8.1666611692e+00,
8.6290520867e+00,
9.0781514546e+00,
9.5115509467e+00,
9.9271228565e+00,
1.0323041901e+01,
1.0697796565e+01,
1.1050191318e+01,
1.1379342029e+01,
1.1684666847e+01,
1.1965874228e+01,
1.2222948949e+01,
1.2456136373e+01,
1.2665924876e+01,
1.2853026274e+01,
1.3018354117e+01,
1.3162999871e+01,
1.3288207135e+01,
1.3395344143e+01,
1.3485874960e+01,
1.3561329793e+01,
1.3623274984e+01,
1.3673283248e+01,
1.3712904820e+01,
1.3743640155e+01,
1.3766914877e+01,
1.3784057627e+01,
1.3796281438e+01,
1.3804669176e+01,
1.3810163504e+01,
1.3813561675e+01,
1.3815515337e+01,
1.3816535340e+01,
1.3817001391e+01,
1.3817176223e+01,
1.3817223782e+01,
1.3817230801e+01,
1.3817231762e+01,
1.3817254455e+01,
1.3817408201e+01,
1.3817973385e+01,
1.3819479933e+01,
1.3822776845e+01,
1.3829090326e+01,
1.3840067955e+01,
1.3857806521e+01,
1.3884861322e+01,
1.3924235029e+01,
1.3979344611e+01,
1.4053965407e+01,
1.4152152227e+01,
1.4278138418e+01,
1.4436215073e+01,
1.4630593935e+01,
1.4865258901e+01,
1.5143812215e+01,
1.5469322250e+01,
1.5844180177e+01,
1.6269972887e+01,
1.6747379425e+01,
1.7276098009e+01,
1.7854810315e+01,
1.8481188549e+01,
1.9151948136e+01,
1.9862944283e+01,
2.0609304731e+01,
2.1385585428e+01,
2.2185932843e+01,
2.3004238006e+01,
2.3834273227e+01,
2.4669810706e+01,
2.5504729269e+01,
2.6333117549e+01,
2.7149377610e+01,
2.7948324737e+01,
2.8725272158e+01,
2.9476088967e+01,
3.0197226023e+01,
3.0885713724e+01,
3.1539141660e+01,
3.2155630531e+01,
3.2733803125e+01,
3.3272756684e+01,
3.3772036061e+01,
3.4231606147e+01,
3.4651822376e+01,
3.5033398977e+01,
3.5377375251e+01,
3.5685080536e+01,
3.5958098491e+01,
3.6198231193e+01,
3.6407463323e+01,
3.6587926515e+01,
3.6741863856e+01,
3.6871594490e+01,
3.6979478342e+01,
3.7067881094e+01,
3.7139139695e+01,
3.7195528849e+01,
3.7239229093e+01,
3.7272297188e+01,
3.7296639653e+01,
3.7313990303e+01,
3.7325892610e+01,
3.7333687645e+01,
3.7338508186e+01,
3.7341279388e+01,
3.7342726166e+01,
3.7343387203e+01,
3.7343635179e+01,
3.7343702634e+01,
3.7343712590e+01,
3.7343713535e+01,
3.7343732804e+01,
3.7343863353e+01,
3.7344343262e+01,
3.7345622495e+01,
3.7348421929e+01,
3.7353782660e+01,
3.7363103386e+01,
3.7378163786e+01,
3.7401131928e+01,
3.7434553996e+01,
3.7481324890e+01,
3.7544638770e+01,
3.7627919274e+01,
3.7734730021e+01,
3.7868667159e+01,
3.8033237006e+01,
3.8231723259e+01,
3.8467049671e+01,
3.8741645320e+01,
3.9057320504e+01,
3.9415161621e+01,
3.9815452964e+01,
4.0257632015e+01,
4.0740282454e+01,
4.1261165796e+01,
4.1817288619e+01,
4.2404998417e+01,
4.3020098019e+01,
4.3657967379e+01,
4.4313682893e+01,
4.4982128454e+01,
4.5658097881e+01,
4.6336393241e+01,
4.7011925196e+01,
4.7679818370e+01,
4.8335517467e+01,
4.8974882463e+01,
4.9594258491e+01,
5.0190510943e+01,
5.0761026278e+01,
5.1303688278e+01,
5.1816843086e+01,
5.2299263777e+01,
5.2750119653e+01,
5.3168950430e+01,
5.3555642887e+01,
5.3910407222e+01,
5.4233751342e+01,
5.4526452574e+01,
5.4789527265e+01,
5.5024199213e+01,
5.5231867972e+01,
5.5414077846e+01,
5.5572488102e+01,
5.5708844623e+01,
5.5824952967e+01,
5.5922652655e+01,
5.6003792498e+01,
5.6070206752e+01,
5.6123692059e+01,
5.6165985241e+01,
5.6198742181e+01,
5.6223518186e+01,
5.6241750351e+01,
5.6254742505e+01,
5.6263653380e+01,
5.6269488582e+01,
5.6273096865e+01,
5.6275171077e+01,
5.6276253946e+01,
5.6276748705e+01,
5.6276934304e+01,
5.6276984791e+01,
5.6276992243e+01,
5.6276992906e+01,
5.6277005961e+01,
5.6277094405e+01,
5.6277419535e+01,
5.6278286188e+01,
5.6280182716e+01,
5.6283814340e+01,
5.6290128338e+01,
5.6300329604e+01,
5.6315885158e+01,
5.6338516299e+01,
5.6370177309e+01,
5.6413019903e+01,
5.6469343079e+01,
5.6541528632e+01,
5.6631963388e+01,
5.6742950125e+01,
5.6876610179e+01,
5.7034781778e+01,
5.7218919134e+01,
5.7429998095e+01,
5.7668434717e+01,
5.7934023167e+01,
5.8225898988e+01,
5.8542532694e+01,
5.8881756903e+01,
5.9240827825e+01,
5.9616518849e+01,
6.0005240788e+01,
6.0403180216e+01,
6.0806445139e+01,
6.1211206277e+01,
6.1613822974e+01,
6.2010945094e+01,
6.2399585744e+01,
6.2777163668e+01,
6.3141517777e+01,
6.3490898940e+01,
6.3823945503e+01,
6.4139648994e+01,
6.4437315546e+01,
6.4716527002e+01,
6.4977104155e+01,
6.5219073237e+01,
6.5442635900e+01,
6.5648142520e+01,
6.5836068474e+01,
6.6006993121e+01,
6.6161581275e+01,
6.6300566999e+01,
6.6424739576e+01,
6.6534931420e+01,
6.6632007688e+01,
6.6716857232e+01,
6.6790384573e+01,
6.6853502525e+01,
6.6907125160e+01,
6.6952160854e+01,
6.6989505218e+01,
6.7020033823e+01,
6.7044594696e+01,
6.7064000669e+01,
6.7079021758e+01,
6.7090377785e+01,
6.7098731555e+01,
6.7104682918e+01,
6.7108764039e+01,
6.7111436208e+01,
6.7113088458e+01,
6.7114038207e+01,
6.7114534023e+01,
6.7114760556e+01,
6.7114845536e+01,
6.7114868652e+01,
6.7114872064e+01,
6.7114872365e+01,
6.7114878281e+01,
6.7114918356e+01,
6.7115065676e+01,
6.7115458363e+01,
6.7116317676e+01,
6.7117963090e+01,
6.7120823618e+01,
6.7125444686e+01,
6.7132489838e+01,
6.7142736637e+01,
6.7157066190e+01,
6.7176445897e+01,
6.7201905275e+01,
6.7234505073e+01,
6.7275300348e+01,
6.7325298716e+01,
6.7385415593e+01,
6.7456428765e+01,
6.7538935088e+01,
6.7633312360e+01,
6.7739689310e+01,
6.7857926306e+01,
6.7987608593e+01,
6.8128052863e+01,
6.8278326729e+01,
6.8437279506e+01,
6.8603581721e+01,
6.8775770189e+01,
6.8952295430e+01,
6.9131568540e+01,
6.9312005307e+01,
6.9492066081e+01,
6.9670290532e+01,
6.9845326771e+01,
7.0015954558e+01,
7.0181102360e+01,
7.0339858183e+01,
7.0491474255e+01,
7.0635365951e+01,
7.0771105623e+01,
7.0898412278e+01,
7.1017138200e+01,
7.1127253675e+01,
7.1228830888e+01,
7.1322027920e+01,
7.1407073558e+01,
7.1484253422e+01,
7.1553897686e+01,
7.1616370503e+01,
7.1672061107e+01,
7.1721376456e+01,
7.1764735217e+01,
7.1802562856e+01,
7.1835287596e+01,
7.1863336990e+01,
7.1887134908e+01,
7.1907098744e+01,
7.1923636700e+01,
7.1937145053e+01,
7.1948005340e+01,
7.1956581487e+01,
7.1963216899e+01,
7.1968231610e+01,
7.1971919615e+01,
7.1974546524e+01,
7.1976347680e+01,
7.1977526908e+01,
7.1978256004e+01,
7.1978675090e+01,
7.1978893870e+01,
7.1978993827e+01,
7.1979031324e+01,
7.1979041524e+01,
7.1979043030e+01,
7.1979043165e+01,
7.1979045838e+01,
7.1979063952e+01,
7.1979130541e+01,
7.1979308034e+01,
7.1979696432e+01,
7.1980440108e+01,
7.1981732886e+01,
7.1983821070e+01,
7.1987004071e+01,
7.1991632308e+01,
7.1998102097e+01,
7.2006847304e+01,
7.2018327677e+01,
7.2033013935e+01,
7.2051369928e+01,
7.2073832469e+01,
7.2100789710e+01,
7.2132559265e+01,
7.2169367459e+01,
7.2211331280e+01,
7.2258444525e+01,
7.2310569515e+01,
7.2367435358e+01,
7.2428643224e+01,
7.2493678541e+01,
7.2561929325e+01,
7.2632709380e+01,
7.2705284631e+01,
7.2778900680e+01,
7.2852809685e+01,
7.2926294849e+01,
7.2998691205e+01,
7.3069401823e+01,
7.3137909024e+01,
7.3203780645e+01,
7.3266671746e+01,
7.3326322398e+01,
7.3382552378e+01,
7.3435253632e+01,
7.3484381351e+01,
7.3529944449e+01,
7.3571996059e+01,
7.3610624545e+01,
7.3645945379e+01,
7.3678094054e+01,
7.3707220126e+01,
7.3733482367e+01,
7.3757044942e+01,
7.3778074489e+01,
7.3796737961e+01,
7.3813201087e+01,
7.3827627304e+01,
7.3840177024e+01,
7.3851007139e+01,
7.3860270645e+01,
7.3868116322e+01,
7.3874688392e+01,
7.3880126126e+01,
7.3884563369e+01,
7.3888127963e+01,
7.3890941096e+01,
7.3893116576e+01,
7.3894760087e+01,
7.3895968453e+01,
7.3896828982e+01,
7.3897418927e+01,
7.3897805131e+01,
7.3898043900e+01,
7.3898181140e+01,
7.3898252783e+01,
7.3898285515e+01,
7.3898297794e+01,
7.3898301134e+01,
7.3898301627e+01,
7.3898301673e+01,
7.3898302585e+01,
7.3898308766e+01,
7.3898331486e+01,
7.3898392047e+01,
7.3898524565e+01,
7.3898778289e+01,
7.3899219314e+01,
7.3899931584e+01,
7.3901017046e+01,
7.3902594832e+01,
7.3904799363e+01,
7.3907777293e+01,
7.3911683252e+01,
7.3916674436e+01,
7.3922904180e+01,
7.3930514761e+01,
7.3939629802e+01,
7.3950346760e+01,
7.3962730066e+01,
7.3976805493e+01,
7.3992556316e+01,
7.4009921703e+01,
7.4028797579e+01,
7.4049039992e+01,
7.4070470754e+01,
7.4092884885e+01,
7.4116059237e+01,
7.4139761573e+01,
7.4163759396e+01,
7.4187827895e+01,
7.4211756549e+01,
7.4235354125e+01,
7.4258451968e+01,
7.4280905678e+01,
7.4302595381e+01,
7.4323424864e+01,
7.4343319913e+01,
7.4362226120e+01,
7.4380106469e+01,
7.4396938877e+01,
7.4412713882e+01,
7.4427432551e+01,
7.4441104675e+01,
7.4453747253e+01,
7.4465383269e+01,
7.4476040697e+01,
7.4485751729e+01,
7.4494552154e+01,
7.4502480861e+01,
7.4509579429e+01,
7.4515891763e+01,
7.4521463761e+01,
7.4526342985e+01,
7.4530578325e+01,
7.4534219638e+01,
7.4537317366e+01,
7.4539922113e+01,
7.4542084200e+01,
7.4543853186e+01,
7.4545277369e+01,
7.4546403278e+01,
7.4547275172e+01,
7.4547934557e+01,
7.4548419742e+01,
7.4548765462e+01,
7.4549002569e+01,
7.4549157832e+01,
7.4549253839e+01,
7.4549309029e+01,
7.4549337841e+01,
7.4549351005e+01,
7.4549355943e+01,
7.4549357286e+01,
7.4549357484e+01,
7.4549357503e+01,
7.4549357889e+01,
7.4549360504e+01,
7.4549370118e+01,
7.4549395744e+01,
7.4549451820e+01,
7.4549559195e+01,
7.4549745869e+01,
7.4550047440e+01,
7.4550507224e+01,
7.4551175994e+01,
7.4552111308e+01,
7.4553376405e+01,
7.4555038652e+01,
7.4557167576e+01,
7.4559832506e+01,
7.4563099929e+01,
7.4567030664e+01,
7.4571677012e+01,
7.4577080052e+01,
7.4583267278e+01,
7.4590250725e+01,
7.4598025740e+01,
7.4606570485e+01,
7.4615846185e+01,
7.4625798100e+01,
7.4636357121e+01,
7.4647441870e+01,
7.4658961150e+01,
7.4670816603e+01,
7.4682905447e+01,
7.4695123180e+01,
7.4707366160e+01,
7.4719534004e+01,
7.4731531734e+01,
7.4743271626e+01,
7.4754674723e+01,
7.4765671966e+01,
7.4776204941e+01,
7.4786226223e+01,
7.4795699350e+01,
7.4804598459e+01,
7.4812907629e+01,
7.4820620022e+01,
7.4827736866e+01,
7.4834266370e+01,
7.4840222612e+01,
7.4845624478e+01,
7.4850494665e+01,
7.4854858789e+01,
7.4858744609e+01,
7.4862181369e+01,
7.4865199247e+01,
7.4867828914e+01,
7.4870101172e+01,
7.4872046662e+01,
7.4873695624e+01,
7.4875077690e+01,
7.4876221699e+01,
7.4877155516e+01,
7.4877905859e+01,
7.4878498121e+01,
7.4878956192e+01,
7.4879302282e+01,
7.4879556756e+01,
7.4879737986e+01,
7.4879862233e+01,
7.4879943573e+01,
7.4879993862e+01,
7.4880022767e+01,
7.4880037856e+01,
7.4880044750e+01,
7.4880047336e+01,
7.4880048040e+01,
7.4880048144e+01,
7.4880048154e+01,
7.4880048368e+01,
7.4880049818e+01,
7.4880055146e+01,
7.4880069350e+01,
7.4880100429e+01,
7.4880159934e+01,
7.4880263359e+01,
7.4880430380e+01,
7.4880684877e+01,
7.4881054728e+01,
7.4881571341e+01,
7.4882268902e+01,
7.4883183324e+01,
7.4884350903e+01,
7.4885806715e+01,
7.4887582804e+01,
7.4889706236e+01,
7.4892197156e+01,
7.4895066963e+01,
7.4898316769e+01,
7.4901936293e+01,
7.4905903327e+01,
7.4910183879e+01,
7.4914733031e+01,
7.4919496517e+01,
7.4924412912e+01,
7.4929416299e+01,
7.4934439200e+01,
7.4939415537e+01,
7.4944283405e+01,
7.4948987430e+01,
7.4953480570e+01,
7.4957725265e+01,
7.4961693919e+01,
7.4965368755e+01,
7.4968741161e+01,
7.4971810632e+01,
7.4974583473e+01,
7.4977071385e+01,
7.4979290068e+01,
7.4981257909e+01,
7.4982994840e+01,
7.4984521379e+01,
7.4985857880e+01,
7.4987023968e+01,
7.4988038150e+01,
7.4988917576e+01,
7.4989677917e+01,
7.4990333330e+01,
7.4990896495e+01,
7.4991378699e+01,
7.4991789939e+01,
7.4992139052e+01,
7.4992433840e+01,
7.4992681201e+01,
7.4992887239e+01,
7.4993057381e+01,
7.4993196466e+01,
7.4993308824e+01,
7.4993398345e+01,
7.4993468528e+01,
7.4993522520e+01,
7.4993563146e+01,
7.4993592927e+01,
7.4993614088e+01,
7.4993628573e+01,
7.4993638046e+01,
7.4993643899e+01,
7.4993647261e+01,
7.4993649016e+01,
7.4993649818e+01,
7.4993650119e+01,
7.4993650201e+01,
7.4993650213e+01,
7.4993650214e+01,
7.4993650240e+01,
7.4993650419e+01,
7.4993651078e+01,
7.4993652833e+01,
7.4993656672e+01,
7.4993664018e+01,
7.4993676775e+01,
7.4993697344e+01,
7.4993728610e+01,
7.4993773885e+01,
7.4993836805e+01,
7.4993921169e+01,
7.4994030728e+01,
7.4994168925e+01,
7.4994338587e+01,
7.4994541613e+01,
7.4994778667e+01,
7.4995048935e+01,
7.4995349959e+01,
7.4995677614e+01,
7.4996026231e+01,
7.4996388873e+01,
7.4996757756e+01,
7.4997124764e+01,
7.4997482002e+01,
7.4997822322e+01,
7.4998139768e+01,
7.4998429876e+01,
7.4998689818e+01,
7.4998918383e+01,
7.4999115810e+01,
7.4999283529e+01,
7.4999423838e+01,
7.4999539577e+01,
7.4999633850e+01,
7.4999709785e+01,
7.4999770371e+01,
7.4999818341e+01,
7.4999856095e+01,
7.4999885676e+01,
7.4999908776e+01,
7.4999926776e+01,
7.4999940799e+01,
7.4999951750e+01,
7.4999960345e+01,
7.4999967133e+01,
7.4999972526e+01,
7.4999976832e+01,
7.4999980294e+01,
7.4999983113e+01,
7.4999985453e+01,
7.4999987442e+01,
7.4999989165e+01,
7.4999990677e+01,
7.4999992010e+01,
7.4999993186e+01,
7.4999994224e+01,
7.4999995141e+01,
7.4999995950e+01,
7.4999996665e+01,
7.4999997294e+01,
7.4999997844e+01,
7.4999998318e+01,
7.4999998720e+01,
7.4999999054e+01,
7.4999999326e+01,
7.4999999540e+01,
7.5000000000e+01,
7.5000000000e+01,
7.5000000000e+01,
7.5000000000e+01,
7.5000000000e+01,
7.5000000000e+01,
7.5000000000e+01,
