0.0000000000e+00,
5.3556199475e-07,
1.7096207998e-05,
1.2929736100e-04,
5.4176581700e-04,
1.6412947920e-03,
4.0477873720e-03,
8.6572746980e-03,
1.6675601014e-02,
2.9641724842e-02,
4.9439951282e-02,
7.8300717382e-02,
1.1878971210e-01,
1.7378503026e-01,
2.4644167225e-01,
3.4014202914e-01,
4.5843020642e-01,
6.0492749917e-01,
7.8322656615e-01,
9.9676343216e-01,
1.2486697463e+00,
1.5416126044e+00,
1.8776348259e+00,
2.2580132379e+00,
2.6831542766e+00,
3.1525434417e+00,
3.6647574135e+00,
4.2175362944e+00,
4.8079014738e+00,
5.4322957969e+00,
6.0867202414e+00,
6.7668464513e+00,
7.4680959713e+00,
8.1856912589e+00,
8.9146955166e+00,
9.6500631165e+00,
1.0386716770e+01,
1.1119652750e+01,
1.1844058233e+01,
1.2555415592e+01,
1.3249573663e+01,
1.3922781950e+01,
1.4571698647e+01,
1.5193388515e+01,
1.5785322225e+01,
1.6345380943e+01,
1.6871864127e+01,
1.7363496372e+01,
1.7819429642e+01,
1.8239238771e+01,
1.8622909617e+01,
1.8970820241e+01,
1.9283715978e+01,
1.9562679394e+01,
1.9809096075e+01,
2.0024617052e+01,
2.0211118573e+01,
2.0370659842e+01,
2.0505439321e+01,
2.0617750240e+01,
2.0709935997e+01,
2.0784346194e+01,
2.0843294182e+01,
2.0889016976e+01,
2.0923638515e+01,
2.0949137186e+01,
2.0967318511e+01,
2.0979793811e+01,
2.0987965504e+01,
2.0993019528e+01,
2.0995925143e+01,
2.0997442152e+01,
2.0998135289e+01,
2.0998395309e+01,
2.0998466041e+01,
2.0998476481e+01,
2.0998477910e+01,
2.0998511660e+01,
2.0998740319e+01,
2.0999580891e+01,
2.1001821501e+01,
2.1006724793e+01,
2.1016114310e+01,
2.1032440020e+01,
2.1058819365e+01,
2.1099050427e+01,
2.1157594255e+01,
2.1239523889e+01,
2.1350438522e+01,
2.1496342396e+01,
2.1683489622e+01,
2.1918198070e+01,
2.2206637787e+01,
2.2554601877e+01,
2.2967270189e+01,
2.3448978310e+01,
2.4003005629e+01,
2.4631396353e+01,
2.5334825649e+01,
2.6112519438e+01,
2.6962231106e+01,
2.7880272901e+01,
2.8861596295e+01,
2.9899916013e+01,
3.0987876349e+01,
3.2117261460e+01,
3.3279246620e+01,
3.4464672497e+01,
3.5664308121e+01,
3.6869067066e+01,
3.8070162790e+01,
3.9259218491e+01,
4.0428360921e+01,
4.1570318229e+01,
4.2678521281e+01,
4.3747193146e+01,
4.4771409580e+01,
4.5747121234e+01,
4.6671138669e+01,
4.7541088926e+01,
4.8355355302e+01,
4.9113010918e+01,
4.9813753404e+01,
5.0457844401e+01,
5.1046054676e+01,
5.1579613961e+01,
5.2060163975e+01,
5.2489713184e+01,
5.2870592203e+01,
5.3205409180e+01,
5.3497004810e+01,
5.3748406833e+01,
5.3962783978e+01,
5.4143399412e+01,
5.4293563864e+01,
5.4416588724e+01,
5.4515739597e+01,
5.4594190989e+01,
5.4654982994e+01,
5.4700981021e+01,
5.4734839717e+01,
5.4758972294e+01,
5.4775526437e+01,
5.4786367835e+01,
5.4793072200e+01,
5.4796926332e+01,
5.4798938475e+01,
5.4799857826e+01,
5.4800202704e+01,
5.4800296519e+01,
5.4800310366e+01,
5.4800311680e+01,
5.4800338479e+01,
5.4800520043e+01,
5.4801187484e+01,
5.4802966599e+01,
5.4806859943e+01,
5.4814315380e+01,
5.4827277994e+01,
5.4848222444e+01,
5.4880162979e+01,
5.4926638646e+01,
5.4991671652e+01,
5.5079697482e+01,
5.5195466362e+01,
5.5343916893e+01,
5.5530024287e+01,
5.5758627460e+01,
5.6034241220e+01,
5.6360861704e+01,
5.6741774885e+01,
5.7179379173e+01,
5.7675033594e+01,
5.8228942574e+01,
5.8840086621e+01,
5.9506205046e+01,
6.0223832074e+01,
6.0988382087e+01,
6.1794274670e+01,
6.2635087997e+01,
6.3503731144e+01,
6.4392631163e+01,
6.5293935559e+01,
6.6199731148e+01,
6.7102274882e+01,
6.7994223647e+01,
6.8868843041e+01,
6.9720173525e+01,
7.0543137419e+01,
7.1333579956e+01,
7.2088248790e+01,
7.2804725416e+01,
7.3481326901e+01,
7.4116996616e+01,
7.4711199268e+01,
7.5263830164e+01,
7.5775142976e+01,
7.6245695679e+01,
7.6676311396e+01,
7.7068049659e+01,
7.7422183763e+01,
7.7740180773e+01,
7.8023681941e+01,
7.8274482336e+01,
7.8494509254e+01,
7.8685799371e+01,
7.8850474807e+01,
7.8990718272e+01,
7.9108747471e+01,
7.9206788916e+01,
7.9287051367e+01,
7.9351699182e+01,
7.9402825984e+01,
7.9442429204e+01,
7.9472386155e+01,
7.9494432405e+01,
7.9510143270e+01,
7.9520919212e+01,
7.9527975912e+01,
7.9532339597e+01,
7.9534848074e+01,
7.9536157664e+01,
7.9536756012e+01,
7.9536980471e+01,
7.9537041529e+01,
7.9537050541e+01,
7.9537051343e+01,
7.9537067131e+01,
7.9537174094e+01,
7.9537567298e+01,
7.9538615410e+01,
7.9540909044e+01,
7.9545301119e+01,
7.9552937379e+01,
7.9565275330e+01,
7.9584089899e+01,
7.9611464340e+01,
7.9649765092e+01,
7.9701599771e+01,
7.9769757991e+01,
7.9857135546e+01,
7.9966643440e+01,
8.0101104433e+01,
8.0263141011e+01,
8.0455059897e+01,
8.0678739344e+01,
8.0935526222e+01,
8.1226150309e+01,
8.1550662929e+01,
8.1908406011e+01,
8.2298015345e+01,
8.2717458148e+01,
8.3164100300e+01,
8.3634793833e+01,
8.4125972481e+01,
8.4633744305e+01,
8.5153975684e+01,
8.5682368272e+01,
8.6214535854e+01,
8.6746088769e+01,
8.7272729517e+01,
8.7790356777e+01,
8.8295169615e+01,
8.8783761137e+01,
8.9253191721e+01,
8.9701035384e+01,
9.0125397227e+01,
9.0524904011e+01,
9.0898672832e+01,
9.1246264352e+01,
9.1567627141e+01,
9.1863038936e+01,
9.2133049273e+01,
9.2378426525e+01,
9.2600111074e+01,
9.2799175257e+01,
9.2976790003e+01,
9.3134197539e+01,
9.3272689322e+01,
9.3393588191e+01,
9.3498233768e+01,
9.3587970191e+01,
9.3664135370e+01,
9.3728051116e+01,
9.3781013633e+01,
9.3824284035e+01,
9.3859078717e+01,
9.3886559577e+01,
9.3907824227e+01,
9.3923896467e+01,
9.3935717411e+01,
9.3944137709e+01,
9.3949911342e+01,
9.3953691463e+01,
9.3956028684e+01,
9.3957372135e+01,
9.3958073474e+01,
9.3958393907e+01,
9.3958514110e+01,
9.3958546808e+01,
9.3958551634e+01,
9.3958552061e+01,
9.3958560427e+01,
9.3958617114e+01,
9.3958825497e+01,
9.3959380948e+01,
9.3960596422e+01,
9.3962923756e+01,
9.3966969618e+01,
9.3973505077e+01,
9.3983467740e+01,
9.3997955488e+01,
9.4018210929e+01,
9.4045595938e+01,
9.4081556008e+01,
9.4127574668e+01,
9.4185118926e+01,
9.4255577497e+01,
9.4340194487e+01,
9.4440002049e+01,
9.4555756248e+01,
9.4687880757e+01,
9.4836423013e+01,
9.5001026931e+01,
9.5180925203e+01,
9.5374952754e+01,
9.5581581096e+01,
9.5798971514e+01,
9.6025043386e+01,
9.6257552674e+01,
9.6494175016e+01,
9.6732587688e+01,
9.6970545242e+01,
9.7205944476e+01,
9.7436875708e+01,
9.7661658739e+01,
9.7878863452e+01,
9.8087316283e+01,
9.8286094876e+01,
9.8474513733e+01,
9.8652103788e+01,
9.8818588539e+01,
9.8973858852e+01,
9.9117948028e+01,
9.9251008167e+01,
9.9373288497e+01,
9.9485116016e+01,
9.9586878598e+01,
9.9679010546e+01,
9.9761980495e+01,
9.9836281476e+01,
9.9902422880e+01,
9.9960924073e+01,
1.0001230933e+02,
1.0005710380e+02,
1.0009583025e+02,
1.0012900623e+02,
1.0015714157e+02,
1.0018073583e+02,
1.0020027579e+02,
1.0021623269e+02,
1.0022905931e+02,
1.0023918687e+02,
1.0024702181e+02,
1.0025294261e+02,
1.0025729673e+02,
1.0026039798e+02,
1.0026252431e+02,
1.0026391640e+02,
1.0026477710e+02,
1.0026527183e+02,
1.0026553009e+02,
1.0026564809e+02,
1.0026569236e+02,
1.0026570440e+02,
1.0026570617e+02,
1.0026570633e+02,
1.0026570949e+02,
1.0026573087e+02,
1.0026580948e+02,
1.0026601901e+02,
1.0026647750e+02,
1.0026735538e+02,
1.0026888144e+02,
1.0027134639e+02,
1.0027510356e+02,
1.0028056640e+02,
1.0028820236e+02,
1.0029852293e+02,
1.0031206977e+02,
1.0032939699e+02,
1.0035105001e+02,
1.0037754171e+02,
1.0040932709e+02,
1.0044677767e+02,
1.0049015760e+02,
1.0053960311e+02,
1.0059510725e+02,
1.0065651127e+02,
1.0072350384e+02,
1.0079562837e+02,
1.0087229813e+02,
1.0095281803e+02,
1.0103641139e+02,
1.0112224949e+02,
1.0120948176e+02,
1.0129726431e+02,
1.0138478535e+02,
1.0147128596e+02,
1.0155607604e+02,
1.0163854520e+02,
1.0171816905e+02,
1.0179451173e+02,
1.0186722521e+02,
1.0193604628e+02,
1.0200079163e+02,
1.0206135158e+02,
1.0211768274e+02,
1.0216979999e+02,
1.0221776801e+02,
1.0226169273e+02,
1.0230171305e+02,
1.0233799310e+02,
1.0237071536e+02,
1.0240007461e+02,
1.0242627309e+02,
1.0244951659e+02,
1.0247001142e+02,
1.0248796232e+02,
1.0250357086e+02,
1.0251703440e+02,
1.0252854534e+02,
1.0253829054e+02,
1.0254645086e+02,
1.0255320059e+02,
1.0255870698e+02,
1.0256312949e+02,
1.0256661904e+02,
1.0256931723e+02,
1.0257135541e+02,
1.0257285383e+02,
1.0257392085e+02,
1.0257465233e+02,
1.0257513117e+02,
1.0257542721e+02,
1.0257559736e+02,
1.0257568619e+02,
1.0257572677e+02,
1.0257574199e+02,
1.0257574614e+02,
1.0257574675e+02,
1.0257574680e+02,
1.0257574793e+02,
1.0257575560e+02,
1.0257578377e+02,
1.0257585885e+02,
1.0257602315e+02,
1.0257633771e+02,
1.0257688448e+02,
1.0257776750e+02,
1.0257911311e+02,
1.0258106887e+02,
1.0258380120e+02,
1.0258749152e+02,
1.0259233083e+02,
1.0259851295e+02,
1.0260622638e+02,
1.0261564522e+02,
1.0262691962e+02,
1.0264016633e+02,
1.0265546021e+02,
1.0267282729e+02,
1.0269224031e+02,
1.0271361723e+02,
1.0273682305e+02,
1.0276167488e+02,
1.0278795000e+02,
1.0281539601e+02,
1.0284374213e+02,
1.0287271063e+02,
1.0290202729e+02,
1.0293143018e+02,
1.0296067630e+02,
1.0298954602e+02,
1.0301784546e+02,
1.0304540731e+02,
1.0307209032e+02,
1.0309777811e+02,
1.0312237736e+02,
1.0314581590e+02,
1.0316804056e+02,
1.0318901514e+02,
1.0320871842e+02,
1.0322714226e+02,
1.0324428992e+02,
1.0326017449e+02,
1.0327481754e+02,
1.0328824795e+02,
1.0330050088e+02,
1.0331161698e+02,
1.0332164160e+02,
1.0333062421e+02,
1.0333861780e+02,
1.0334567843e+02,
1.0335186467e+02,
1.0335723717e+02,
1.0336185808e+02,
1.0336579057e+02,
1.0336909824e+02,
1.0337184448e+02,
1.0337409189e+02,
1.0337590154e+02,
1.0337733239e+02,
1.0337844054e+02,
1.0337927867e+02,
1.0337989541e+02,
1.0338033489e+02,
1.0338063632e+02,
1.0338083370e+02,
1.0338095575e+02,
1.0338102591e+02,
1.0338106254e+02,
1.0338107928e+02,
1.0338108556e+02,
1.0338108726e+02,
1.0338108752e+02,
1.0338108754e+02,
1.0338108803e+02,
1.0338109136e+02,
1.0338110358e+02,
1.0338113616e+02,
1.0338120745e+02,
1.0338134396e+02,
1.0338158128e+02,
1.0338196470e+02,
1.0338254928e+02,
1.0338339964e+02,
1.0338458900e+02,
1.0338619792e+02,
1.0338831226e+02,
1.0339102075e+02,
1.0339441205e+02,
1.0339857142e+02,
1.0340357715e+02,
1.0340949705e+02,
1.0341638500e+02,
1.0342427800e+02,
1.0343319383e+02,
1.0344312951e+02,
1.0345406067e+02,
1.0346594191e+02,
1.0347870801e+02,
1.0349227592e+02,
1.0350654739e+02,
1.0352141189e+02,
1.0353674981e+02,
1.0355243558e+02,
1.0356834078e+02,
1.0358433696e+02,
1.0360029833e+02,
1.0361610409e+02,
1.0363164066e+02,
1.0364680345e+02,
1.0366149846e+02,
1.0367564346e+02,
1.0368916885e+02,
1.0370201801e+02,
1.0371414743e+02,
1.0372552626e+02,
1.0373613569e+02,
1.0374596800e+02,
1.0375502541e+02,
1.0376331886e+02,
1.0377086672e+02,
1.0377769355e+02,
1.0378382890e+02,
1.0378930628e+02,
1.0379416216e+02,
1.0379843518e+02,
1.0380216546e+02,
1.0380539397e+02,
1.0380816208e+02,
1.0381051111e+02,
1.0381248194e+02,
1.0381411468e+02,
1.0381544838e+02,
1.0381652064e+02,
1.0381736739e+02,
1.0381802252e+02,
1.0381851763e+02,
1.0381888175e+02,
1.0381914111e+02,
1.0381931894e+02,
1.0381943536e+02,
1.0381950735e+02,
1.0381954872e+02,
1.0381957032e+02,
1.0381958019e+02,
1.0381958389e+02,
1.0381958490e+02,
1.0381958505e+02,
1.0381958506e+02,
1.0381958537e+02,
1.0381958744e+02,
1.0381959507e+02,
1.0381961541e+02,
1.0381965990e+02,
1.0381974508e+02,
1.0381989315e+02,
1.0382013229e+02,
1.0382049672e+02,
1.0382102645e+02,
1.0382176662e+02,
1.0382276644e+02,
1.0382407783e+02,
1.0382575346e+02,
1.0382784465e+02,
1.0383039875e+02,
1.0383345649e+02,
1.0383704920e+02,
1.0384119621e+02,
1.0384590253e+02,
1.0385115715e+02,
1.0385693205e+02,
1.0386318211e+02,
1.0386984602e+02,
1.0387684825e+02,
1.0388410184e+02,
1.0389151207e+02,
1.0389898056e+02,
1.0390640953e+02,
1.0391370596e+02,
1.0392078525e+02,
1.0392757410e+02,
1.0393401262e+02,
1.0394005527e+02,
1.0394567109e+02,
1.0395084288e+02,
1.0395556593e+02,
1.0395984618e+02,
1.0396369821e+02,
1.0396714318e+02,
1.0397020683e+02,
1.0397291774e+02,
1.0397530583e+02,
1.0397740114e+02,
1.0397923292e+02,
1.0398082901e+02,
1.0398221534e+02,
1.0398341578e+02,
1.0398445199e+02,
1.0398534347e+02,
1.0398610764e+02,
1.0398675999e+02,
1.0398731428e+02,
1.0398778268e+02,
1.0398817597e+02,
1.0398850375e+02,
1.0398877456e+02,
1.0398899602e+02,
1.0398917498e+02,
1.0398931761e+02,
1.0398942945e+02,
1.0398951550e+02,
1.0398958027e+02,
1.0398962774e+02,
1.0398966148e+02,
1.0398968457e+02,
1.0398969968e+02,
1.0398970901e+02,
1.0398971437e+02,
1.0398971717e+02,
1.0398971845e+02,
1.0398971893e+02,
1.0398971906e+02,
1.0398971908e+02,
1.0398971908e+02,
1.0398971912e+02,
1.0398971941e+02,
1.0398972046e+02,
1.0398972326e+02,
1.0398972938e+02,
1.0398974109e+02,
1.0398976143e+02,
1.0398979423e+02,
1.0398984410e+02,
1.0398991631e+02,
1.0399001668e+02,
1.0399015129e+02,
1.0399032615e+02,
1.0399054679e+02,
1.0399081779e+02,
1.0399114226e+02,
1.0399152139e+02,
1.0399195399e+02,
1.0399243628e+02,
1.0399296183e+02,
1.0399352171e+02,
1.0399410494e+02,
1.0399469914e+02,
1.0399529135e+02,
1.0399586888e+02,
1.0399642020e+02,
1.0399693562e+02,
1.0399740780e+02,
1.0399783195e+02,
1.0399820589e+02,
1.0399852975e+02,
1.0399880560e+02,
1.0399903698e+02,
1.0399922835e+02,
1.0399938467e+02,
1.0399951097e+02,
1.0399961205e+02,
1.0399969230e+02,
1.0399975560e+02,
1.0399980531e+02,
1.0399984423e+02,
1.0399987467e+02,
1.0399989848e+02,
1.0399991713e+02,
1.0399993178e+02,
1.0399994333e+02,
1.0399995251e+02,
1.0399995988e+02,
1.0399996585e+02,
1.0399997076e+02,
1.0399997485e+02,
1.0399997829e+02,
1.0399998124e+02,
1.0399998380e+02,
1.0399998606e+02,
1.0399998807e+02,
1.0399998989e+02,
1.0399999152e+02,
1.0399999297e+02,
1.0399999426e+02,
1.0399999539e+02,
1.0399999636e+02,
1.0399999718e+02,
1.0399999787e+02,
1.0399999844e+02,
1.0399999889e+02,
1.0399999924e+02,
1.0399999951e+02,
1.0400000000e+02,
1.0400000000e+02,
1.0400000000e+02,
1.0400000000e+02,
1.0400000000e+02,
1.0400000000e+02,
