0.0000000000e+00,
5.8689700211e-07,
1.8734929000e-05,
1.4169090100e-04,
5.9369582500e-04,
1.7986192710e-03,
4.4357892010e-03,
9.4871433800e-03,
1.8274166307e-02,
3.2483468848e-02,
5.4180266215e-02,
8.5809334442e-02,
1.3018317178e-01,
1.9045694998e-01,
2.7008934099e-01,
3.7278748417e-01,
5.0243343850e-01,
6.6298889623e-01,
8.5837536582e-01,
1.0923291370e+00,
1.3682345029e+00,
1.6889446545e+00,
2.0566061701e+00,
2.4725080141e+00,
2.9369770326e+00,
3.4493373277e+00,
4.0079405069e+00,
4.6102597965e+00,
5.2530274204e+00,
5.9323861631e+00,
6.6440261204e+00,
7.3832870806e+00,
8.1452231870e+00,
8.9246440795e+00,
9.7161585922e+00,
1.0514246870e+01,
1.1313371960e+01,
1.2108118099e+01,
1.2893324066e+01,
1.3664180150e+01,
1.4416276835e+01,
1.5145616833e+01,
1.5848612907e+01,
1.6522089167e+01,
1.7163291924e+01,
1.7769907065e+01,
1.8340077488e+01,
1.8872414998e+01,
1.9366003481e+01,
1.9820392516e+01,
2.0235582037e+01,
2.0611999344e+01,
2.0950469904e+01,
2.1252183189e+01,
2.1518654582e+01,
2.1751684143e+01,
2.1953312872e+01,
2.2125777043e+01,
2.2271461147e+01,
2.2392850078e+01,
2.2492481229e+01,
2.2572897305e+01,
2.2636600724e+01,
2.2686010568e+01,
2.2723423103e+01,
2.2750976861e+01,
2.2770623281e+01,
2.2784103753e+01,
2.2792933813e+01,
2.2798395002e+01,
2.2801534694e+01,
2.2803173910e+01,
2.2803922885e+01,
2.2804203852e+01,
2.2804280282e+01,
2.2804291563e+01,
2.2804293107e+01,
2.2804329576e+01,
2.2804576656e+01,
2.2805484942e+01,
2.2807906047e+01,
2.2813204320e+01,
2.2823350160e+01,
2.2840990774e+01,
2.2869494416e+01,
2.2912964422e+01,
2.2976219767e+01,
2.3064739488e+01,
2.3184569212e+01,
2.3342189387e+01,
2.3544346513e+01,
2.3797850920e+01,
2.4109347148e+01,
2.4485065749e+01,
2.4930567986e+01,
2.5450497010e+01,
2.6048350259e+01,
2.6726287395e+01,
2.7484985819e+01,
2.8323551822e+01,
2.9239490693e+01,
3.0228735540e+01,
3.1285733816e+01,
3.2403592325e+01,
3.3574281857e+01,
3.4788895306e+01,
3.6037936623e+01,
3.7311602200e+01,
3.8600018393e+01,
3.9893424081e+01,
4.1182317618e+01,
4.2457598352e+01,
4.3710718280e+01,
4.4933835344e+01,
4.6119945272e+01,
4.7262970292e+01,
4.8357795305e+01,
4.9400256000e+01,
5.0387092672e+01,
5.1315885975e+01,
5.2184988037e+01,
5.2993457027e+01,
5.3740998017e+01,
5.4427909459e+01,
5.5055033051e+01,
5.5623704793e+01,
5.6135705885e+01,
5.6593212968e+01,
5.6998747848e+01,
5.7355127021e+01,
5.7665411315e+01,
5.7932855772e+01,
5.8160859761e+01,
5.8352917250e+01,
5.8512567242e+01,
5.8643344498e+01,
5.8748730915e+01,
5.8832108153e+01,
5.8896712363e+01,
5.8945592064e+01,
5.8981570378e+01,
5.9007212895e+01,
5.9024802418e+01,
5.9036321721e+01,
5.9043445237e+01,
5.9047540303e+01,
5.9049678224e+01,
5.9050655042e+01,
5.9051021477e+01,
5.9051121156e+01,
5.9051135869e+01,
5.9051137265e+01,
5.9051165739e+01,
5.9051358651e+01,
5.9052067813e+01,
5.9053958131e+01,
5.9058094815e+01,
5.9066016179e+01,
5.9079788740e+01,
5.9102041457e+01,
5.9135976137e+01,
5.9185351310e+01,
5.9254437360e+01,
5.9347941373e+01,
5.9470901225e+01,
5.9628549796e+01,
5.9826151934e+01,
6.0068818869e+01,
6.0361306912e+01,
6.0707809483e+01,
6.1111753289e+01,
6.1575610630e+01,
6.2100739968e+01,
6.2687265654e+01,
6.3334005139e+01,
6.4038448158e+01,
6.4796788330e+01,
6.5604004436e+01,
6.6453987471e+01,
6.7339710319e+01,
6.8253437927e+01,
6.9186974665e+01,
7.0131940494e+01,
7.1080059555e+01,
7.2023436977e+01,
7.2954796235e+01,
7.3867652861e+01,
7.4756410414e+01,
7.5616378555e+01,
7.6443726527e+01,
7.7235394527e+01,
7.7988988298e+01,
7.8702678929e+01,
7.9375122210e+01,
8.0005402767e+01,
8.0593000240e+01,
8.1137769909e+01,
8.1639928829e+01,
8.2100040277e+01,
8.2518992513e+01,
8.2897971166e+01,
8.3238426812e+01,
8.3542040120e+01,
8.3810686784e+01,
8.4046403587e+01,
8.4251356147e+01,
8.4427808208e+01,
8.4578092023e+01,
8.4704579344e+01,
8.4809652588e+01,
8.4895676039e+01,
8.4964967121e+01,
8.5019768087e+01,
8.5062218634e+01,
8.5094330157e+01,
8.5117962463e+01,
8.5134803834e+01,
8.5146355294e+01,
8.5153919898e+01,
8.5158597678e+01,
8.5161286720e+01,
8.5162690579e+01,
8.5163331999e+01,
8.5163572616e+01,
8.5163638069e+01,
8.5163647730e+01,
8.5163648590e+01,
8.5163665514e+01,
8.5163780177e+01,
8.5164201686e+01,
8.5165325247e+01,
8.5167783993e+01,
8.5172492252e+01,
8.5180678284e+01,
8.5193904605e+01,
8.5214074129e+01,
8.5243420514e+01,
8.5284481404e+01,
8.5340053675e+01,
8.5413130438e+01,
8.5506820431e+01,
8.5624251507e+01,
8.5768461217e+01,
8.5942278835e+01,
8.6148204462e+01,
8.6388291816e+01,
8.6664041747e+01,
8.6976313122e+01,
8.7325256373e+01,
8.7710272869e+01,
8.8130000673e+01,
8.8582325176e+01,
8.9064412210e+01,
8.9572761985e+01,
9.0103284089e+01,
9.0651395335e+01,
9.1212142115e+01,
9.1780346198e+01,
9.2350768310e+01,
9.2918278807e+01,
9.3478021445e+01,
9.4025555747e+01,
9.4556966186e+01,
9.5068931435e+01,
9.5558752768e+01,
9.6024345994e+01,
9.6464204881e+01,
9.6877345570e+01,
9.7263241156e+01,
9.7621754024e+01,
9.7953071307e+01,
9.8257646699e+01,
9.8536149999e+01,
9.8789424519e+01,
9.9018451728e+01,
9.9224322151e+01,
9.9408211450e+01,
9.9571360668e+01,
9.9715059720e+01,
9.9840633315e+01,
9.9949428620e+01,
1.0004280405e+02,
1.0012211870e+02,
1.0018872197e+02,
1.0024394311e+02,
1.0028908058e+02,
1.0032539106e+02,
1.0035407834e+02,
1.0037628217e+02,
1.0039306756e+02,
1.0040541484e+02,
1.0041421101e+02,
1.0042024282e+02,
1.0042419218e+02,
1.0042663412e+02,
1.0042803779e+02,
1.0042877058e+02,
1.0042910538e+02,
1.0042923098e+02,
1.0042926514e+02,
1.0042927018e+02,
1.0042927063e+02,
1.0042927937e+02,
1.0042933860e+02,
1.0042955633e+02,
1.0043013669e+02,
1.0043140670e+02,
1.0043383849e+02,
1.0043806608e+02,
1.0044489549e+02,
1.0045530718e+02,
1.0047044991e+02,
1.0049162510e+02,
1.0052026108e+02,
1.0055787703e+02,
1.0060603690e+02,
1.0066629420e+02,
1.0074012959e+02,
1.0082888373e+02,
1.0093368910e+02,
1.0105540465e+02,
1.0119455807e+02,
1.0135130006e+02,
1.0152537456e+02,
1.0171610825e+02,
1.0192242069e+02,
1.0214285530e+02,
1.0237562914e+02,
1.0261869790e+02,
1.0286983075e+02,
1.0312668937e+02,
1.0338690478e+02,
1.0364814717e+02,
1.0390818516e+02,
1.0416493304e+02,
1.0441648628e+02,
1.0466114660e+02,
1.0489743820e+02,
1.0512411655e+02,
1.0534017062e+02,
1.0554481922e+02,
1.0573750179e+02,
1.0591786436e+02,
1.0608574157e+02,
1.0624113570e+02,
1.0638419424e+02,
1.0651518693e+02,
1.0663448356e+02,
1.0674253335e+02,
1.0683984641e+02,
1.0692697771e+02,
1.0700451351e+02,
1.0707306027e+02,
1.0713323573e+02,
1.0718566171e+02,
1.0723095858e+02,
1.0726974062e+02,
1.0730261225e+02,
1.0733016465e+02,
1.0735297256e+02,
1.0737159108e+02,
1.0738655240e+02,
1.0739836236e+02,
1.0740749692e+02,
1.0741439869e+02,
1.0741947359e+02,
1.0742308789e+02,
1.0742556582e+02,
1.0742718804e+02,
1.0742819099e+02,
1.0742876747e+02,
1.0742906841e+02,
1.0742920591e+02,
1.0742925749e+02,
1.0742927152e+02,
1.0742927359e+02,
1.0742927378e+02,
1.0742927745e+02,
1.0742930237e+02,
1.0742939396e+02,
1.0742963811e+02,
1.0743017236e+02,
1.0743119527e+02,
1.0743297338e+02,
1.0743584530e+02,
1.0744022247e+02,
1.0744658601e+02,
1.0745547948e+02,
1.0746749685e+02,
1.0748326588e+02,
1.0750342687e+02,
1.0752860714e+02,
1.0755939232e+02,
1.0759629555e+02,
1.0763972641e+02,
1.0768996172e+02,
1.0774712034e+02,
1.0781114441e+02,
1.0788178894e+02,
1.0795862124e+02,
1.0804103081e+02,
1.0812824963e+02,
1.0821938132e+02,
1.0831343734e+02,
1.0840937723e+02,
1.0850614999e+02,
1.0860273328e+02,
1.0869816804e+02,
1.0879158643e+02,
1.0888223187e+02,
1.0896947106e+02,
1.0905279829e+02,
1.0913183312e+02,
1.0920631284e+02,
1.0927608113e+02,
1.0934107455e+02,
1.0940130791e+02,
1.0945685982e+02,
1.0950785900e+02,
1.0955447199e+02,
1.0959689244e+02,
1.0963533217e+02,
1.0967001388e+02,
1.0970116546e+02,
1.0972901568e+02,
1.0975379104e+02,
1.0977571362e+02,
1.0979499967e+02,
1.0981185877e+02,
1.0982649342e+02,
1.0983909886e+02,
1.0984986307e+02,
1.0985896676e+02,
1.0986658334e+02,
1.0987287886e+02,
1.0987801171e+02,
1.0988213225e+02,
1.0988538232e+02,
1.0988789460e+02,
1.0988979192e+02,
1.0989118655e+02,
1.0989217954e+02,
1.0989286021e+02,
1.0989330577e+02,
1.0989358122e+02,
1.0989373953e+02,
1.0989382218e+02,
1.0989385994e+02,
1.0989387410e+02,
1.0989387795e+02,
1.0989387852e+02,
1.0989387857e+02,
1.0989387963e+02,
1.0989388676e+02,
1.0989391297e+02,
1.0989398282e+02,
1.0989413569e+02,
1.0989442835e+02,
1.0989493703e+02,
1.0989575848e+02,
1.0989701012e+02,
1.0989882903e+02,
1.0990136962e+02,
1.0990479991e+02,
1.0990929641e+02,
1.0991503759e+02,
1.0992219611e+02,
1.0993093017e+02,
1.0994137446e+02,
1.0995363116e+02,
1.0996776201e+02,
1.0998378176e+02,
1.1000165409e+02,
1.1002129024e+02,
1.1004255071e+02,
1.1006525012e+02,
1.1008916470e+02,
1.1011404201e+02,
1.1013961185e+02,
1.1016559764e+02,
1.1019172725e+02,
1.1021774256e+02,
1.1024340724e+02,
1.1026851231e+02,
1.1029287954e+02,
1.1031636280e+02,
1.1033884755e+02,
1.1036024904e+02,
1.1038050939e+02,
1.1039959423e+02,
1.1041748901e+02,
1.1043419540e+02,
1.1044972801e+02,
1.1046411137e+02,
1.1047737752e+02,
1.1048956395e+02,
1.1050071205e+02,
1.1051086595e+02,
1.1052007161e+02,
1.1052837631e+02,
1.1053582817e+02,
1.1054247594e+02,
1.1054836880e+02,
1.1055355623e+02,
1.1055808788e+02,
1.1056201346e+02,
1.1056538256e+02,
1.1056824448e+02,
1.1057064798e+02,
1.1057264098e+02,
1.1057427026e+02,
1.1057558108e+02,
1.1057661681e+02,
1.1057741854e+02,
1.1057802467e+02,
1.1057847056e+02,
1.1057878822e+02,
1.1057900607e+02,
1.1057914870e+02,
1.1057923690e+02,
1.1057928759e+02,
1.1057931406e+02,
1.1057932615e+02,
1.1057933069e+02,
1.1057933192e+02,
1.1057933210e+02,
1.1057933212e+02,
1.1057933247e+02,
1.1057933488e+02,
1.1057934371e+02,
1.1057936725e+02,
1.1057941875e+02,
1.1057951738e+02,
1.1057968883e+02,
1.1057996578e+02,
1.1058038796e+02,
1.1058100190e+02,
1.1058186024e+02,
1.1058302070e+02,
1.1058454456e+02,
1.1058649476e+02,
1.1058893365e+02,
1.1059192045e+02,
1.1059550862e+02,
1.1059974318e+02,
1.1060465832e+02,
1.1061027529e+02,
1.1061660096e+02,
1.1062362695e+02,
1.1063132956e+02,
1.1063967045e+02,
1.1064859785e+02,
1.1065804843e+02,
1.1066794941e+02,
1.1067822083e+02,
1.1068877795e+02,
1.1069953339e+02,
1.1071039925e+02,
1.1072128892e+02,
1.1073211875e+02,
1.1074280946e+02,
1.1075328744e+02,
1.1076348575e+02,
1.1077334497e+02,
1.1078281384e+02,
1.1079184960e+02,
1.1080041813e+02,
1.1080849383e+02,
1.1081605930e+02,
1.1082310480e+02,
1.1082962761e+02,
1.1083563122e+02,
1.1084112456e+02,
1.1084612114e+02,
1.1085063831e+02,
1.1085469643e+02,
1.1085831829e+02,
1.1086152847e+02,
1.1086435285e+02,
1.1086681818e+02,
1.1086895170e+02,
1.1087078085e+02,
1.1087233299e+02,
1.1087363520e+02,
1.1087471400e+02,
1.1087559520e+02,
1.1087630366e+02,
1.1087686311e+02,
1.1087729596e+02,
1.1087762309e+02,
1.1087786367e+02,
1.1087803502e+02,
1.1087815252e+02,
1.1087822944e+02,
1.1087827700e+02,
1.1087830434e+02,
1.1087831861e+02,
1.1087832513e+02,
1.1087832757e+02,
1.1087832824e+02,
1.1087832834e+02,
1.1087832835e+02,
1.1087832855e+02,
1.1087832992e+02,
1.1087833496e+02,
1.1087834839e+02,
1.1087837779e+02,
1.1087843407e+02,
1.1087853190e+02,
1.1087868990e+02,
1.1087893068e+02,
1.1087928068e+02,
1.1087976971e+02,
1.1088043031e+02,
1.1088129675e+02,
1.1088240388e+02,
1.1088378559e+02,
1.1088547322e+02,
1.1088749373e+02,
1.1088986793e+02,
1.1089260874e+02,
1.1089571974e+02,
1.1089919399e+02,
1.1090301347e+02,
1.1090714897e+02,
1.1091156076e+02,
1.1091619979e+02,
1.1092100953e+02,
1.1092592834e+02,
1.1093089207e+02,
1.1093583682e+02,
1.1094070156e+02,
1.1094543053e+02,
1.1094997511e+02,
1.1095429517e+02,
1.1095835976e+02,
1.1096214729e+02,
1.1096564511e+02,
1.1096884872e+02,
1.1097176064e+02,
1.1097438917e+02,
1.1097674708e+02,
1.1097885037e+02,
1.1098071705e+02,
1.1098236626e+02,
1.1098381737e+02,
1.1098508944e+02,
1.1098620070e+02,
1.1098716830e+02,
1.1098800807e+02,
1.1098873450e+02,
1.1098936069e+02,
1.1098989842e+02,
1.1099035820e+02,
1.1099074944e+02,
1.1099108046e+02,
1.1099135873e+02,
1.1099159086e+02,
1.1099178281e+02,
1.1099193988e+02,
1.1099206689e+02,
1.1099216816e+02,
1.1099224760e+02,
1.1099230874e+02,
1.1099235477e+02,
1.1099238851e+02,
1.1099241250e+02,
1.1099242891e+02,
1.1099243965e+02,
1.1099244629e+02,
1.1099245010e+02,
1.1099245209e+02,
1.1099245300e+02,
1.1099245334e+02,
1.1099245343e+02,
1.1099245345e+02,
1.1099245345e+02,
1.1099245348e+02,
1.1099245368e+02,
1.1099245443e+02,
1.1099245642e+02,
1.1099246077e+02,
1.1099246910e+02,
1.1099248356e+02,
1.1099250689e+02,
1.1099254236e+02,
1.1099259373e+02,
1.1099266515e+02,
1.1099276097e+02,
1.1099288551e+02,
1.1099304275e+02,
1.1099323605e+02,
1.1099346772e+02,
1.1099373875e+02,
1.1099404849e+02,
1.1099439442e+02,
1.1099477218e+02,
1.1099517561e+02,
1.1099559703e+02,
1.1099602775e+02,
1.1099645854e+02,
1.1099688030e+02,
1.1099728466e+02,
1.1099766446e+02,
1.1099801414e+02,
1.1099832994e+02,
1.1099860994e+02,
1.1099885389e+02,
1.1099906299e+02,
1.1099923952e+02,
1.1099938653e+02,
1.1099950744e+02,
1.1099960581e+02,
1.1099968509e+02,
1.1099974848e+02,
1.1099979883e+02,
1.1099983865e+02,
1.1099987004e+02,
1.1099989475e+02,
1.1099991421e+02,
1.1099992953e+02,
1.1099994163e+02,
1.1099995123e+02,
1.1099995891e+02,
1.1099996510e+02,
1.1099997017e+02,
1.1099997437e+02,
1.1099997789e+02,
1.1099998088e+02,
1.1099998346e+02,
1.1099998571e+02,
1.1099998770e+02,
1.1099998948e+02,
1.1099999107e+02,
1.1099999251e+02,
1.1099999379e+02,
1.1099999492e+02,
1.1099999591e+02,
1.1099999677e+02,
1.1099999750e+02,
1.1099999811e+02,
1.1099999861e+02,
1.1099999901e+02,
1.1099999933e+02,
1.1099999957e+02,
1.1100000000e+02,
1.1100000000e+02,
1.1100000000e+02,
1.1100000000e+02,
1.1100000000e+02,
1.1100000000e+02,
