0.0000000000e+00,
1.6160090155e-07,
5.1586202972e-06,
3.9014243399e-05,
1.6347231120e-04,
4.9524116310e-04,
1.2213565533e-03,
2.6121358198e-03,
5.0312797934e-03,
8.9427796939e-03,
1.4914397006e-02,
2.3617595710e-02,
3.5823906318e-02,
5.2397776550e-02,
7.4286001978e-02,
1.0250382407e-01,
1.3811773541e-01,
1.8222495909e-01,
2.3592950562e-01,
3.0031470432e-01,
3.7641221370e-01,
4.6516778166e-01,
5.6740447155e-01,
6.8378466437e-01,
8.1477280479e-01,
9.6060144355e-01,
1.1212434775e+00,
1.2963934563e+00,
1.4854603249e+00,
1.6875730274e+00,
1.9015991241e+00,
2.1261752015e+00,
2.3597466299e+00,
2.6006133735e+00,
2.8469782305e+00,
3.0969940976e+00,
3.3488075146e+00,
3.6005966827e+00,
3.8506031433e+00,
4.0971571742e+00,
4.3386975755e+00,
4.5737868295e+00,
4.8011226634e+00,
5.0195468745e+00,
5.2280520184e+00,
5.4257862721e+00,
5.6120565599e+00,
5.7863298807e+00,
5.9482327200e+00,
6.0975484433e+00,
6.2342126262e+00,
6.3583063474e+00,
6.4700475434e+00,
6.5697805763e+00,
6.6579642029e+00,
6.7351581585e+00,
6.8020085824e+00,
6.8592325258e+00,
6.9076017984e+00,
6.9479264255e+00,
6.9810380130e+00,
7.0077733350e+00,
7.0289584817e+00,
7.0453939185e+00,
7.0578408094e+00,
7.0670089540e+00,
7.0735466592e+00,
7.0780328320e+00,
7.0809715238e+00,
7.0827890894e+00,
7.0838340441e+00,
7.0843796148e+00,
7.0846288928e+00,
7.0847224060e+00,
7.0847478439e+00,
7.0847515985e+00,
7.0847521124e+00,
7.0847642502e+00,
7.0848464850e+00,
7.0851487876e+00,
7.0859546036e+00,
7.0877180541e+00,
7.0910950495e+00,
7.0969669742e+00,
7.1064556908e+00,
7.1209287301e+00,
7.1419936859e+00,
7.1714810482e+00,
7.2114149990e+00,
7.2639720895e+00,
7.3314282225e+00,
7.4160949715e+00,
7.5202469677e+00,
7.6460428278e+00,
7.7954428458e+00,
7.9701273607e+00,
8.1714202984e+00,
8.4002227762e+00,
8.6569617146e+00,
8.9415578508e+00,
9.2534160519e+00,
9.5914381792e+00,
9.9540553036e+00,
1.0339273005e+01,
1.0744722468e+01,
1.1167712114e+01,
1.1605278709e+01,
1.2054240918e+01,
1.2511259664e+01,
1.2972907797e+01,
1.3435747750e+01,
1.3896412226e+01,
1.4351681007e+01,
1.4798547286e+01,
1.5234268916e+01,
1.5656402741e+01,
1.6062822827e+01,
1.6451725236e+01,
1.6821622907e+01,
1.7171334169e+01,
1.7499967802e+01,
1.7806906647e+01,
1.8091790904e+01,
1.8354501542e+01,
1.8595143803e+01,
1.8814030584e+01,
1.9011665437e+01,
1.9188724997e+01,
1.9346040706e+01,
1.9484579828e+01,
1.9605425756e+01,
1.9709757691e+01,
1.9798829794e+01,
1.9873949909e+01,
1.9936458063e+01,
1.9987704931e+01,
2.0029030567e+01,
2.0061743744e+01,
2.0087102320e+01,
2.0106295088e+01,
2.0120425619e+01,
2.0130498582e+01,
2.0137409027e+01,
2.0141935037e+01,
2.0144734068e+01,
2.0146343188e+01,
2.0147183281e+01,
2.0147567124e+01,
2.0147711116e+01,
2.0147750285e+01,
2.0147756066e+01,
2.0147756615e+01,
2.0147767804e+01,
2.0147843610e+01,
2.0148122279e+01,
2.0148865096e+01,
2.0150490671e+01,
2.0153603606e+01,
2.0159016290e+01,
2.0167762648e+01,
2.0181102781e+01,
2.0200517546e+01,
2.0227692346e+01,
2.0264489639e+01,
2.0312910063e+01,
2.0375042547e+01,
2.0453004339e+01,
2.0548872569e+01,
2.0664609641e+01,
2.0801985440e+01,
2.0962499933e+01,
2.1147310136e+01,
2.1357165659e+01,
2.1592356940e+01,
2.1852679960e+01,
2.2137420496e+01,
2.2445359907e+01,
2.2774802815e+01,
2.3123625011e+01,
2.3489337591e+01,
2.3869161445e+01,
2.4260105466e+01,
2.4659042814e+01,
2.5062781974e+01,
2.5468132151e+01,
2.5871964451e+01,
2.6271270400e+01,
2.6663218102e+01,
2.7045204405e+01,
2.7414900074e+01,
2.7770284678e+01,
2.8109668635e+01,
2.8431701416e+01,
2.8735366504e+01,
2.9019965139e+01,
2.9285091726e+01,
2.9530604024e+01,
2.9756591079e+01,
2.9963341259e+01,
3.0151312112e+01,
3.0321103027e+01,
3.0473431126e+01,
3.0609110318e+01,
3.0729033166e+01,
3.0834155046e+01,
3.0925480020e+01,
3.1004047876e+01,
3.1070921850e+01,
3.1127176677e+01,
3.1173886715e+01,
3.1212114033e+01,
3.1242896478e+01,
3.1267235827e+01,
3.1286086271e+01,
3.1300343526e+01,
3.1310834934e+01,
3.1318310958e+01,
3.1323438462e+01,
3.1326796140e+01,
3.1328872402e+01,
3.1330065933e+01,
3.1330689031e+01,
3.1330973722e+01,
3.1331080518e+01,
3.1331109569e+01,
3.1331113857e+01,
3.1331114239e+01,
3.1331121750e+01,
3.1331172643e+01,
3.1331359727e+01,
3.1331858410e+01,
3.1332949696e+01,
3.1335039373e+01,
3.1338672505e+01,
3.1344542378e+01,
3.1353493073e+01,
3.1366514948e+01,
3.1384732381e+01,
3.1409383374e+01,
3.1441790869e+01,
3.1483326070e+01,
3.1535364545e+01,
3.1599236503e+01,
3.1676173288e+01,
3.1767252765e+01,
3.1873346759e+01,
3.1995074034e+01,
3.2132762246e+01,
3.2286421905e+01,
3.2455734514e+01,
3.2640055847e+01,
3.2838433859e+01,
3.3049639245e+01,
3.3272205419e+01,
3.3504474005e+01,
3.3744641949e+01,
3.3990807156e+01,
3.4241010977e+01,
3.4493277462e+01,
3.4745650621e+01,
3.4996231424e+01,
3.5243215573e+01,
3.5484931413e+01,
3.5719875239e+01,
3.5946739755e+01,
3.6164431495e+01,
3.6372074835e+01,
3.6569003103e+01,
3.6754740082e+01,
3.6928976561e+01,
3.7091546437e+01,
3.7242405488e+01,
3.7381614191e+01,
3.7509324585e+01,
3.7625770318e+01,
3.7731258795e+01,
3.7826164426e+01,
3.7910922238e+01,
3.7986021378e+01,
3.8051998299e+01,
3.8109429505e+01,
3.8158923878e+01,
3.8201114618e+01,
3.8236650860e+01,
3.8266189060e+01,
3.8290384243e+01,
3.8309881240e+01,
3.8325306076e+01,
3.8337257687e+01,
3.8346300191e+01,
3.8352955943e+01,
3.8357699609e+01,
3.8360953520e+01,
3.8363084486e+01,
3.8364402269e+01,
3.8365159817e+01,
3.8365555311e+01,
3.8365736013e+01,
3.8365803800e+01,
3.8365822240e+01,
3.8365824961e+01,
3.8365825202e+01,
3.8365829920e+01,
3.8365861888e+01,
3.8365979405e+01,
3.8366292655e+01,
3.8366978163e+01,
3.8368290871e+01,
3.8370573299e+01,
3.8374261283e+01,
3.8379885817e+01,
3.8388070581e+01,
3.8399524809e+01,
3.8415031280e+01,
3.8435429363e+01,
3.8461593262e+01,
3.8494405882e+01,
3.8534729020e+01,
3.8583370888e+01,
3.8641052290e+01,
3.8708372981e+01,
3.8785779894e+01,
3.8873538946e+01,
3.8971712041e+01,
3.9080140717e+01,
3.9198437602e+01,
3.9325986545e+01,
3.9461951935e+01,
3.9605297303e+01,
3.9754812841e+01,
3.9909150872e+01,
4.0066867723e+01,
4.0226469768e+01,
4.0386460991e+01,
4.0545389112e+01,
4.0701887439e+01,
4.0854710028e+01,
4.1002758427e+01,
4.1145099169e+01,
4.1280972047e+01,
4.1409789989e+01,
4.1531131886e+01,
4.1644730080e+01,
4.1750454253e+01,
4.1848293363e+01,
4.1938337055e+01,
4.2020757612e+01,
4.2095793256e+01,
4.2163733250e+01,
4.2224905049e+01,
4.2279663527e+01,
4.2328382174e+01,
4.2371446046e+01,
4.2409246237e+01,
4.2442175562e+01,
4.2470625191e+01,
4.2494981959e+01,
4.2515626122e+01,
4.2532929352e+01,
4.2547252821e+01,
4.2558945263e+01,
4.2568340953e+01,
4.2575757583e+01,
4.2581494071e+01,
4.2585828376e+01,
4.2589015410e+01,
4.2591285186e+01,
4.2592841329e+01,
4.2593860081e+01,
4.2594489933e+01,
4.2594851965e+01,
4.2595040957e+01,
4.2595127305e+01,
4.2595159696e+01,
4.2595168507e+01,
4.2595169808e+01,
4.2595169924e+01,
4.2595172234e+01,
4.2595187882e+01,
4.2595245403e+01,
4.2595398727e+01,
4.2595734234e+01,
4.2596376623e+01,
4.2597493280e+01,
4.2599296853e+01,
4.2602045720e+01,
4.2606042050e+01,
4.2611627193e+01,
4.2619174197e+01,
4.2629077356e+01,
4.2641738871e+01,
4.2657552901e+01,
4.2676887562e+01,
4.2700065692e+01,
4.2727345479e+01,
4.2758902271e+01,
4.2794812979e+01,
4.2835044508e+01,
4.2879447419e+01,
4.2927755719e+01,
4.2979593131e+01,
4.3034485665e+01,
4.3091879659e+01,
4.3151163979e+01,
4.3211694664e+01,
4.3272820132e+01,
4.3333905144e+01,
4.3394351928e+01,
4.3453617321e+01,
4.3511225233e+01,
4.3566774255e+01,
4.3619940649e+01,
4.3670477311e+01,
4.3718209498e+01,
4.3763028210e+01,
4.3804882107e+01,
4.3843768744e+01,
4.3879725788e+01,
4.3912822700e+01,
4.3943153204e+01,
4.3970828760e+01,
4.3995973079e+01,
4.4018717687e+01,
4.4039198453e+01,
4.4057552959e+01,
4.4073918596e+01,
4.4088431226e+01,
4.4101224311e+01,
4.4112428357e+01,
4.4122170591e+01,
4.4130574778e+01,
4.4137761094e+01,
4.4143846012e+01,
4.4148942146e+01,
4.4153158025e+01,
4.4156597792e+01,
4.4159360808e+01,
4.4161541180e+01,
4.4163227228e+01,
4.4164500932e+01,
4.4165437373e+01,
4.4166104237e+01,
4.4166561405e+01,
4.4166860685e+01,
4.4167045712e+01,
4.4167152062e+01,
4.4167207579e+01,
4.4167232944e+01,
4.4167242459e+01,
4.4167245047e+01,
4.4167245429e+01,
4.4167245464e+01,
4.4167246171e+01,
4.4167250961e+01,
4.4167268567e+01,
4.4167315496e+01,
4.4167418186e+01,
4.4167614799e+01,
4.4167956550e+01,
4.4168508483e+01,
4.4169349584e+01,
4.4170572139e+01,
4.4172280264e+01,
4.4174587513e+01,
4.4177613574e+01,
4.4181480057e+01,
4.4186305511e+01,
4.4192199839e+01,
4.4199258442e+01,
4.4207556436e+01,
4.4217143412e+01,
4.4228039181e+01,
4.4240230932e+01,
4.4253672127e+01,
4.4268283315e+01,
4.4283954842e+01,
4.4300551260e+01,
4.4317917061e+01,
4.4335883218e+01,
4.4354273986e+01,
4.4372913430e+01,
4.4391631219e+01,
4.4410267383e+01,
4.4428675851e+01,
4.4446726753e+01,
4.4464307595e+01,
4.4481323450e+01,
4.4497696426e+01,
4.4513364599e+01,
4.4528280636e+01,
4.4542410272e+01,
4.4555730766e+01,
4.4568229430e+01,
4.4579902269e+01,
4.4590752775e+01,
4.4600790869e+01,
4.4610031978e+01,
4.4618496246e+01,
4.4626207857e+01,
4.4633194450e+01,
4.4639486605e+01,
4.4645117402e+01,
4.4650122015e+01,
4.4654537344e+01,
4.4658401676e+01,
4.4661754346e+01,
4.4664635409e+01,
4.4667085305e+01,
4.4669144510e+01,
4.4670853181e+01,
4.4672250779e+01,
4.4673375687e+01,
4.4674264823e+01,
4.4674953251e+01,
4.4675473822e+01,
4.4675856831e+01,
4.4676129725e+01,
4.4676316877e+01,
4.4676439424e+01,
4.4676515200e+01,
4.4676558759e+01,
4.4676581499e+01,
4.4676591889e+01,
4.4676595786e+01,
4.4676596846e+01,
4.4676597003e+01,
4.4676597018e+01,
4.4676597322e+01,
4.4676599386e+01,
4.4676606974e+01,
4.4676627199e+01,
4.4676671456e+01,
4.4676756201e+01,
4.4676903526e+01,
4.4677141519e+01,
4.4677504348e+01,
4.4678032043e+01,
4.4678769953e+01,
4.4679767852e+01,
4.4681078678e+01,
4.4682756938e+01,
4.4684856793e+01,
4.4687429900e+01,
4.4690523102e+01,
4.4694176084e+01,
4.4698419153e+01,
4.4703271270e+01,
4.4708738505e+01,
4.4714813016e+01,
4.4721472667e+01,
4.4728681294e+01,
4.4736389633e+01,
4.4744536826e+01,
4.4753052418e+01,
4.4761858691e+01,
4.4770873212e+01,
4.4780011425e+01,
4.4789189164e+01,
4.4798324975e+01,
4.4807342140e+01,
4.4816170349e+01,
4.4824746983e+01,
4.4833017982e+01,
4.4840938322e+01,
4.4848472123e+01,
4.4855592428e+01,
4.4862280729e+01,
4.4868526280e+01,
4.4874325275e+01,
4.4879679949e+01,
4.4884597649e+01,
4.4889089935e+01,
4.4893171726e+01,
4.4896860532e+01,
4.4900175775e+01,
4.4903138211e+01,
4.4905769452e+01,
4.4908091582e+01,
4.4910126842e+01,
4.4911897404e+01,
4.4913425183e+01,
4.4914731699e+01,
4.4915837965e+01,
4.4916764396e+01,
4.4917530718e+01,
4.4918155886e+01,
4.4918657992e+01,
4.4919054171e+01,
4.4919360500e+01,
4.4919591893e+01,
4.4919762004e+01,
4.4919883139e+01,
4.4919966180e+01,
4.4920020540e+01,
4.4920054148e+01,
4.4920073464e+01,
4.4920083548e+01,
4.4920088155e+01,
4.4920089883e+01,
4.4920090354e+01,
4.4920090423e+01,
4.4920090430e+01,
4.4920090573e+01,
4.4920091541e+01,
4.4920095102e+01,
4.4920104594e+01,
4.4920125363e+01,
4.4920165126e+01,
4.4920234235e+01,
4.4920345831e+01,
4.4920515855e+01,
4.4920762904e+01,
4.4921107904e+01,
4.4921573593e+01,
4.4922183799e+01,
4.4922962514e+01,
4.4923932805e+01,
4.4925115573e+01,
4.4926528253e+01,
4.4928183508e+01,
4.4930088041e+01,
4.4932241618e+01,
4.4934636405e+01,
4.4937256713e+01,
4.4940079208e+01,
4.4943073594e+01,
4.4946203758e+01,
4.4949429294e+01,
4.4952707280e+01,
4.4955994193e+01,
4.4959247784e+01,
4.4962428781e+01,
4.4965502306e+01,
4.4968438915e+01,
4.4971215220e+01,
4.4973814108e+01,
4.4976224591e+01,
4.4978441348e+01,
4.4980464054e+01,
4.4982296568e+01,
4.4983946069e+01,
4.4985422209e+01,
4.4986736321e+01,
4.4987900730e+01,
4.4988928167e+01,
4.4989831318e+01,
4.4990622470e+01,
4.4991313272e+01,
4.4991914580e+01,
4.4992436375e+01,
4.4992887733e+01,
4.4993276836e+01,
4.4993611015e+01,
4.4993896809e+01,
4.4994140038e+01,
4.4994345879e+01,
4.4994518942e+01,
4.4994663340e+01,
4.4994782755e+01,
4.4994880493e+01,
4.4994959532e+01,
4.4995022560e+01,
4.4995072006e+01,
4.4995110067e+01,
4.4995138719e+01,
4.4995159728e+01,
4.4995174660e+01,
4.4995184883e+01,
4.4995191569e+01,
4.4995195701e+01,
4.4995198075e+01,
4.4995199313e+01,
4.4995199879e+01,
4.4995200092e+01,
4.4995200150e+01,
4.4995200158e+01,
4.4995200159e+01,
4.4995200178e+01,
4.4995200304e+01,
4.4995200769e+01,
4.4995202008e+01,
4.4995204717e+01,
4.4995209903e+01,
4.4995218910e+01,
4.4995233434e+01,
4.4995255517e+01,
4.4995287506e+01,
4.4995331986e+01,
4.4995391667e+01,
4.4995469248e+01,
4.4995567230e+01,
4.4995687712e+01,
4.4995832172e+01,
4.4996001254e+01,
4.4996194590e+01,
4.4996410681e+01,
4.4996646860e+01,
4.4996899361e+01,
4.4997163492e+01,
4.4997433901e+01,
4.4997704915e+01,
4.4997970907e+01,
4.4998226656e+01,
4.4998467666e+01,
4.4998690392e+01,
4.4998892388e+01,
4.4999072334e+01,
4.4999229961e+01,
4.4999365895e+01,
4.4999481437e+01,
4.4999578348e+01,
4.4999658644e+01,
4.4999724458e+01,
4.4999777919e+01,
4.4999821062e+01,
4.4999855728e+01,
4.4999883505e+01,
4.4999905715e+01,
4.4999923476e+01,
4.4999937783e+01,
4.4999949539e+01,
4.4999959525e+01,
4.4999968311e+01,
4.4999976198e+01,
4.4999983234e+01,
4.4999989308e+01,
4.4999994281e+01,
4.4999998178e+01,
4.4999998553e+01,
4.4999998423e+01,
4.4999999201e+01,
4.4999999334e+01,
4.4999998892e+01,
4.4999998914e+01,
4.4999999209e+01,
4.5000000000e+01,
4.4999999597e+01,
4.4999999366e+01,
4.4999999304e+01,
4.4999999340e+01,
4.4999999430e+01,
4.4999999543e+01,
4.5000000000e+01,
4.5000000000e+01,
4.5000000000e+01,
4.5000000000e+01,
4.5000000000e+01,
4.5000000000e+01,
4.5000000000e+01,
4.5000000000e+01,
4.5000000000e+01,
