0.0000000000e+00,
4.0921460709e-07,
1.3062942202e-05,
9.8794055504e-05,
4.1395439230e-04,
1.2540845190e-03,
3.0928326624e-03,
6.6148059867e-03,
1.2741265719e-02,
2.2647846576e-02,
3.7773763245e-02,
5.9822220237e-02,
9.0751910690e-02,
1.3275951429e-01,
1.8825293804e-01,
2.5981468353e-01,
3.5015424792e-01,
4.6204805674e-01,
5.9826537480e-01,
7.6147928892e-01,
9.5416348375e-01,
1.1784781972e+00,
1.4361521316e+00,
1.7283704611e+00,
2.0556813473e+00,
2.4179334542e+00,
2.8142541633e+00,
3.2430726411e+00,
3.7021846740e+00,
4.1888490898e+00,
4.6999006361e+00,
5.2318628941e+00,
5.7810476017e+00,
6.3436328075e+00,
6.9157197273e+00,
7.4933747587e+00,
8.0726667996e+00,
8.6497096676e+00,
9.2207151708e+00,
9.7820558772e+00,
1.0330330626e+01,
1.0862423091e+01,
1.1375545449e+01,
1.1867264100e+01,
1.2335509623e+01,
1.2778576076e+01,
1.3195114841e+01,
1.3584126409e+01,
1.3944951375e+01,
1.4277260399e+01,
1.4581042261e+01,
1.4856589146e+01,
1.5104478600e+01,
1.5325551984e+01,
1.5520889531e+01,
1.5691782336e+01,
1.5839701715e+01,
1.5966266444e+01,
1.6073208444e+01,
1.6162337511e+01,
1.6235505733e+01,
1.6294572298e+01,
1.6341369418e+01,
1.6377670136e+01,
1.6405158809e+01,
1.6425405016e+01,
1.6439841629e+01,
1.6449747675e+01,
1.6456236528e+01,
1.6460249788e+01,
1.6462557069e+01,
1.6463761694e+01,
1.6464312101e+01,
1.6464518578e+01,
1.6464574745e+01,
1.6464583035e+01,
1.6464584170e+01,
1.6464610970e+01,
1.6464792545e+01,
1.6465460028e+01,
1.6467239260e+01,
1.6471132906e+01,
1.6478589086e+01,
1.6491553514e+01,
1.6512502293e+01,
1.6544452765e+01,
1.6590950120e+01,
1.6656027935e+01,
1.6744141495e+01,
1.6860073648e+01,
1.7008814166e+01,
1.7195415031e+01,
1.7424825684e+01,
1.7701713999e+01,
1.8030280351e+01,
1.8414073559e+01,
1.8855818576e+01,
1.9357266464e+01,
1.9919077254e+01,
2.0540745374e+01,
2.1220574967e+01,
2.1955708136e+01,
2.2742203204e+01,
2.3575153595e+01,
2.4448833227e+01,
2.5356853671e+01,
2.6292323070e+01,
2.7248004946e+01,
2.8216482055e+01,
2.9190330488e+01,
3.0162300187e+01,
3.1125485121e+01,
3.2073460115e+01,
3.3000368949e+01,
3.3900965535e+01,
3.4770624378e+01,
3.5605339140e+01,
3.6401720655e+01,
3.7156995986e+01,
3.7869004284e+01,
3.8536184479e+01,
3.9157552286e+01,
3.9732666967e+01,
4.0261590355e+01,
4.0744841384e+01,
4.1183349068e+01,
4.1578406024e+01,
4.1931623696e+01,
4.2244889629e+01,
4.2520326595e+01,
4.2760253072e+01,
4.2967144529e+01,
4.3143595001e+01,
4.3292278619e+01,
4.3415910982e+01,
4.3517210464e+01,
4.3598859812e+01,
4.3663468576e+01,
4.3713537139e+01,
4.3751423222e+01,
4.3779311861e+01,
4.3799189876e+01,
4.3812825802e+01,
4.3821756164e+01,
4.3827278785e+01,
4.3830453585e+01,
4.3832111072e+01,
4.3832868380e+01,
4.3833152471e+01,
4.3833229751e+01,
4.3833241157e+01,
4.3833242240e+01,
4.3833264315e+01,
4.3833413877e+01,
4.3833963678e+01,
4.3835429215e+01,
4.3838636348e+01,
4.3844777779e+01,
4.3855455869e+01,
4.3872709373e+01,
4.3899021874e+01,
4.3937309900e+01,
4.3990889111e+01,
4.4063417483e+01,
4.4158815231e+01,
4.4281162266e+01,
4.4434575351e+01,
4.4623068611e+01,
4.4850402737e+01,
4.5119929752e+01,
4.5434441428e+01,
4.5796030088e+01,
4.6205970342e+01,
4.6664629100e+01,
4.7171409164e+01,
4.7724728931e+01,
4.8322038113e+01,
4.8959867468e+01,
4.9633910129e+01,
5.0339133012e+01,
5.1069917667e+01,
5.1820228562e+01,
5.2583801331e+01,
5.3354335143e+01,
5.4125667238e+01,
5.4891910055e+01,
5.5647543638e+01,
5.6387471567e+01,
5.7107057830e+01,
5.7802160370e+01,
5.8469167705e+01,
5.9105035390e+01,
5.9707313893e+01,
6.0274159791e+01,
6.0804325891e+01,
6.1297130459e+01,
6.1752409384e+01,
6.2170457042e+01,
6.2551961950e+01,
6.2897942472e+01,
6.3209686444e+01,
6.3488697010e+01,
6.3736645638e+01,
6.3955332213e+01,
6.4146651434e+01,
6.4312564375e+01,
6.4455073934e+01,
6.4576202985e+01,
6.4677974196e+01,
6.4762390729e+01,
6.4831417290e+01,
6.4886961309e+01,
6.4930854247e+01,
6.4964833291e+01,
6.4990523893e+01,
6.5009423754e+01,
6.5022888956e+01,
6.5032122961e+01,
6.5038169180e+01,
6.5041907720e+01,
6.5044056730e+01,
6.5045178625e+01,
6.5045691210e+01,
6.5045883495e+01,
6.5045935801e+01,
6.5045943522e+01,
6.5045944209e+01,
6.5045957733e+01,
6.5046049364e+01,
6.5046386205e+01,
6.5047284066e+01,
6.5049248856e+01,
6.5053011056e+01,
6.5059551654e+01,
6.5070117901e+01,
6.5086227324e+01,
6.5109658513e+01,
6.5142427411e+01,
6.5186748196e+01,
6.5244978391e+01,
6.5319548658e+01,
6.5412878728e+01,
6.5527282163e+01,
6.5664863992e+01,
6.5827416563e+01,
6.6016320075e+01,
6.6232454923e+01,
6.6476133026e+01,
6.6747054470e+01,
6.7044294056e+01,
6.7366319716e+01,
6.7711041547e+01,
6.8075886875e+01,
6.8457894008e+01,
6.8853815777e+01,
6.9260224079e+01,
6.9673608537e+01,
7.0090465447e+01,
7.0507376513e+01,
7.0921079053e+01,
7.1328529603e+01,
7.1726960912e+01,
7.2113929376e+01,
7.2487347881e+01,
7.2845499398e+01,
7.3187029891e+01,
7.3510923525e+01,
7.3816466664e+01,
7.4103208117e+01,
7.4370921644e+01,
7.4619573985e+01,
7.4849299099e+01,
7.5060377665e+01,
7.5253220252e+01,
7.5428352707e+01,
7.5586402719e+01,
7.5728086981e+01,
7.5854198726e+01,
7.5965595573e+01,
7.6063187699e+01,
7.6147926334e+01,
7.6220792550e+01,
7.6282786260e+01,
7.6334915334e+01,
7.6378184772e+01,
7.6413585871e+01,
7.6442085443e+01,
7.6464615162e+01,
7.6482061232e+01,
7.6495254630e+01,
7.6504962248e+01,
7.6511879266e+01,
7.6516623134e+01,
7.6519729488e+01,
7.6521650299e+01,
7.6522754455e+01,
7.6523330889e+01,
7.6523594259e+01,
7.6523693057e+01,
7.6523719932e+01,
7.6523723899e+01,
7.6523724250e+01,
7.6523731127e+01,
7.6523777719e+01,
7.6523948995e+01,
7.6524405542e+01,
7.6525404615e+01,
7.6527317694e+01,
7.6530643729e+01,
7.6536017268e+01,
7.6544210720e+01,
7.6556130031e+01,
7.6572803196e+01,
7.6595361148e+01,
7.6625010895e+01,
7.6663001071e+01,
7.6710580567e+01,
7.6768951425e+01,
7.6839217762e+01,
7.6922333054e+01,
7.7019048589e+01,
7.7129866228e+01,
7.7254998716e+01,
7.7394340631e+01,
7.7547452611e+01,
7.7713560786e+01,
7.7891572337e+01,
7.8080106938e+01,
7.8277542551e+01,
7.8482072742e+01,
7.8691771597e+01,
7.8904661587e+01,
7.9118779495e+01,
7.9332235960e+01,
7.9543265117e+01,
7.9750262247e+01,
7.9951808827e+01,
8.0146685774e+01,
8.0333876652e+01,
8.0512563127e+01,
8.0682114976e+01,
8.0842076648e+01,
8.0992151896e+01,
8.1132187489e+01,
8.1262156670e+01,
8.1382142767e+01,
8.1492323290e+01,
8.1592954787e+01,
8.1684358754e+01,
8.1766908837e+01,
8.1841019492e+01,
8.1907136188e+01,
8.1965727113e+01,
8.2017276252e+01,
8.2062277636e+01,
8.2101230526e+01,
8.2134635262e+01,
8.2162989556e+01,
8.2186785001e+01,
8.2206503654e+01,
8.2222614574e+01,
8.2235570264e+01,
8.2245803041e+01,
8.2253721381e+01,
8.2259706357e+01,
8.2264108315e+01,
8.2267243960e+01,
8.2269394031e+01,
8.2270801738e+01,
8.2271672116e+01,
8.2272172416e+01,
8.2272433595e+01,
8.2272552924e+01,
8.2272597688e+01,
8.2272609865e+01,
8.2272611662e+01,
8.2272611823e+01,
8.2272615015e+01,
8.2272636640e+01,
8.2272716134e+01,
8.2272928026e+01,
8.2273391702e+01,
8.2274279523e+01,
8.2275822911e+01,
8.2278315984e+01,
8.2282116358e+01,
8.2287642731e+01,
8.2295368908e+01,
8.2305814038e+01,
8.2319528950e+01,
8.2337078703e+01,
8.2359021728e+01,
8.2385886264e+01,
8.2418145154e+01,
8.2456190375e+01,
8.2500308975e+01,
8.2550662240e+01,
8.2607269862e+01,
8.2670000672e+01,
8.2738571017e+01,
8.2812551208e+01,
8.2891379671e+01,
8.2974383659e+01,
8.3060804713e+01,
8.3149826674e+01,
8.3240604036e+01,
8.3332288695e+01,
8.3424053746e+01,
8.3515113555e+01,
8.3604739905e+01,
8.3692274354e+01,
8.3777137074e+01,
8.3858832471e+01,
8.3936951814e+01,
8.4011173101e+01,
8.4081258385e+01,
8.4147048908e+01,
8.4208458444e+01,
8.4265465375e+01,
8.4318104012e+01,
8.4366455709e+01,
8.4410640198e+01,
8.4450807531e+01,
8.4487130857e+01,
8.4519800173e+01,
8.4549017107e+01,
8.4574990664e+01,
8.4597933872e+01,
8.4618061182e+01,
8.4635586480e+01,
8.4650721571e+01,
8.4663674982e+01,
8.4674650971e+01,
8.4683848634e+01,
8.4691461024e+01,
8.4697674235e+01,
8.4702666419e+01,
8.4706606729e+01,
8.4709654207e+01,
8.4711956665e+01,
8.4713649609e+01,
8.4714855275e+01,
8.4715681856e+01,
8.4716222983e+01,
8.4716557537e+01,
8.4716749833e+01,
8.4716850218e+01,
8.4716896082e+01,
8.4716913287e+01,
8.4716917967e+01,
8.4716918657e+01,
8.4716918721e+01,
8.4716919999e+01,
8.4716928660e+01,
8.4716960495e+01,
8.4717045351e+01,
8.4717231034e+01,
8.4717586552e+01,
8.4718204524e+01,
8.4719202591e+01,
8.4720723644e+01,
8.4722934696e+01,
8.4726024260e+01,
8.4730198093e+01,
8.4735673279e+01,
8.4742670679e+01,
8.4751405937e+01,
8.4762079354e+01,
8.4774865152e+01,
8.4789900743e+01,
8.4807276813e+01,
8.4827029034e+01,
8.4849132216e+01,
8.4873497594e+01,
8.4899973671e+01,
8.4928350787e+01,
8.4958369139e+01,
8.4989729689e+01,
8.5022107044e+01,
8.5055163218e+01,
8.5088561128e+01,
8.5121976788e+01,
8.5155109368e+01,
8.5187688630e+01,
8.5219479574e+01,
8.5250284450e+01,
8.5279942517e+01,
8.5308328092e+01,
8.5335347457e+01,
8.5360935155e+01,
8.5385050109e+01,
8.5407671886e+01,
8.5428797306e+01,
8.5448437468e+01,
8.5466615246e+01,
8.5483363191e+01,
8.5498721804e+01,
8.5512738114e+01,
8.5525464497e+01,
8.5536957686e+01,
8.5547277936e+01,
8.5556488309e+01,
8.5564654048e+01,
8.5571842024e+01,
8.5578120237e+01,
8.5583557347e+01,
8.5588222224e+01,
8.5592183502e+01,
8.5595509126e+01,
8.5598265873e+01,
8.5600518859e+01,
8.5602331019e+01,
8.5603762576e+01,
8.5604870505e+01,
8.5605708012e+01,
8.5606324051e+01,
8.5606762900e+01,
8.5607063826e+01,
8.5607260856e+01,
8.5607382681e+01,
8.5607452708e+01,
8.5607489265e+01,
8.5607505967e+01,
8.5607512233e+01,
8.5607513937e+01,
8.5607514189e+01,
8.5607514213e+01,
8.5607514703e+01,
8.5607518021e+01,
8.5607530218e+01,
8.5607562731e+01,
8.5607633877e+01,
8.5607770103e+01,
8.5608006910e+01,
8.5608389415e+01,
8.5608972459e+01,
8.5609820221e+01,
8.5611005281e+01,
8.5612607087e+01,
8.5614709819e+01,
8.5617399655e+01,
8.5620761521e+01,
8.5624875405e+01,
8.5629812439e+01,
8.5635630924e+01,
8.5642372582e+01,
8.5650059289e+01,
8.5658690545e+01,
8.5668241916e+01,
8.5678664587e+01,
8.5689886118e+01,
8.5701812369e+01,
8.5714330496e+01,
8.5727312833e+01,
8.5740621414e+01,
8.5754112868e+01,
8.5767643386e+01,
8.5781073493e+01,
8.5794272350e+01,
8.5807121391e+01,
8.5819517130e+01,
8.5831373050e+01,
8.5842620557e+01,
8.5853209052e+01,
8.5863105224e+01,
8.5872291712e+01,
8.5880765312e+01,
8.5888534902e+01,
8.5895619256e+01,
8.5902044869e+01,
8.5907843930e+01,
8.5913052498e+01,
8.5917708933e+01,
8.5921852603e+01,
8.5925522862e+01,
8.5928758281e+01,
8.5931596100e+01,
8.5934071870e+01,
8.5936219252e+01,
8.5938069928e+01,
8.5939653604e+01,
8.5940998067e+01,
8.5942129281e+01,
8.5943071485e+01,
8.5943847299e+01,
8.5944477810e+01,
8.5944982637e+01,
8.5945379972e+01,
8.5945686591e+01,
8.5945917855e+01,
8.5946087679e+01,
8.5946208510e+01,
8.5946291295e+01,
8.5946345466e+01,
8.5946378949e+01,
8.5946398191e+01,
8.5946408234e+01,
8.5946412823e+01,
8.5946414544e+01,
8.5946415013e+01,
8.5946415082e+01,
8.5946415089e+01,
8.5946415231e+01,
8.5946416196e+01,
8.5946419742e+01,
8.5946429195e+01,
8.5946449878e+01,
8.5946489468e+01,
8.5946558257e+01,
8.5946669279e+01,
8.5946838292e+01,
8.5947083579e+01,
8.5947425539e+01,
8.5947886048e+01,
8.5948487585e+01,
8.5949252122e+01,
8.5950199823e+01,
8.5951347597e+01,
8.5952707624e+01,
8.5954285944e+01,
8.5956081286e+01,
8.5958084247e+01,
8.5960276987e+01,
8.5962633504e+01,
8.5965120542e+01,
8.5967699091e+01,
8.5970326368e+01,
8.5972958115e+01,
8.5975550979e+01,
8.5978064771e+01,
8.5980464369e+01,
8.5982721129e+01,
8.5984813705e+01,
8.5986728264e+01,
8.5988458167e+01,
8.5990003207e+01,
8.5991368559e+01,
8.5992563579e+01,
8.5993600581e+01,
8.5994493699e+01,
8.5995257905e+01,
8.5995908212e+01,
8.5996459080e+01,
8.5996924008e+01,
8.5997315284e+01,
8.5997643870e+01,
8.5997919385e+01,
8.5998150149e+01,
8.5998343285e+01,
8.5998504835e+01,
8.5998639890e+01,
8.5998752717e+01,
8.5998846882e+01,
8.5998925357e+01,
8.5998990618e+01,
8.5999044729e+01,
8.5999089418e+01,
8.5999126133e+01,
8.5999156097e+01,
8.5999180350e+01,
8.5999199783e+01,
8.5999215163e+01,
8.5999227155e+01,
8.5999236343e+01,
8.5999243233e+01,
8.5999248272e+01,
8.5999251846e+01,
8.5999254290e+01,
8.5999255886e+01,
8.5999256872e+01,
8.5999257438e+01,
8.5999257734e+01,
8.5999257869e+01,
8.5999257920e+01,
8.5999257933e+01,
8.5999257935e+01,
8.5999257936e+01,
8.5999257940e+01,
8.5999257970e+01,
8.5999258081e+01,
8.5999258376e+01,
8.5999259023e+01,
8.5999260258e+01,
8.5999262403e+01,
8.5999265857e+01,
8.5999271097e+01,
8.5999278665e+01,
8.5999289142e+01,
8.5999303115e+01,
8.5999321134e+01,
8.5999343654e+01,
8.5999370979e+01,
8.5999403203e+01,
8.5999440160e+01,
8.5999481398e+01,
8.5999526168e+01,
8.5999573460e+01,
8.5999622065e+01,
8.5999670663e+01,
8.5999717935e+01,
8.5999762670e+01,
8.5999803866e+01,
8.5999840793e+01,
8.5999873031e+01,
8.5999900462e+01,
8.5999923233e+01,
8.5999941696e+01,
8.5999956338e+01,
8.5999967711e+01,
8.5999976378e+01,
8.5999982871e+01,
8.5999987663e+01,
8.5999991156e+01,
8.5999993677e+01,
8.5999995477e+01,
8.5999996746e+01,
8.5999997647e+01,
8.5999998231e+01,
8.5999998349e+01,
8.5999998242e+01,
8.5999998312e+01,
8.5999998653e+01,
8.5999999201e+01,
8.6000000000e+01,
8.5999999406e+01,
8.5999999359e+01,
8.5999999429e+01,
8.5999999460e+01,
8.5999999465e+01,
8.5999999524e+01,
8.6000000000e+01,
8.6000000000e+01,
8.6000000000e+01,
8.6000000000e+01,
8.6000000000e+01,
8.6000000000e+01,
8.6000000000e+01,
8.6000000000e+01,
8.6000000000e+01,
8.6000000000e+01,
8.6000000000e+01,
8.6000000000e+01,
8.6000000000e+01,
8.6000000000e+01,
8.6000000000e+01,
8.6000000000e+01,
8.6000000000e+01,
8.6000000000e+01,
8.6000000000e+01,
8.6000000000e+01,
8.6000000000e+01,
