0.0000000000e+00,
1.5639390227e-07,
4.9924029000e-06,
3.7757153400e-05,
1.5820501240e-04,
4.7928376990e-04,
1.1820023721e-03,
2.5279671857e-03,
4.8691571967e-03,
8.6546058965e-03,
1.4433764697e-02,
2.2856430663e-02,
3.4669218774e-02,
5.0708633201e-02,
7.1890831394e-02,
9.9198172161e-02,
1.3366259619e-01,
1.7634582029e-01,
2.2831626629e-01,
2.9062263759e-01,
3.6426415279e-01,
4.5015769103e-01,
5.4910251609e-01,
6.6174380064e-01,
7.8853679181e-01,
9.2971401614e-01,
1.0852582675e+00,
1.2548841140e+00,
1.4380302195e+00,
1.6338639079e+00,
1.8412982185e+00,
2.0590204007e+00,
2.2855296218e+00,
2.5191808173e+00,
2.7582312510e+00,
3.0008865020e+00,
3.2453431745e+00,
3.4898264848e+00,
3.7326218148e+00,
3.9721001620e+00,
4.2067380324e+00,
4.4351326650e+00,
4.6560135557e+00,
4.8682511299e+00,
5.0708631854e+00,
5.2630194651e+00,
5.4440445003e+00,
5.6134187128e+00,
5.7707776927e+00,
5.9159095681e+00,
6.0487504202e+00,
6.1693777630e+00,
6.2780021666e+00,
6.3749571562e+00,
6.4606875600e+00,
6.5357365016e+00,
6.6007312558e+00,
6.6563681984e+00,
6.7033971015e+00,
6.7426050413e+00,
6.7748002076e+00,
6.8007959275e+00,
6.8213952316e+00,
6.8373763064e+00,
6.8494791785e+00,
6.8583939688e+00,
6.8647510324e+00,
6.8691132598e+00,
6.8719707653e+00,
6.8737381196e+00,
6.8747542074e+00,
6.8752847069e+00,
6.8755270988e+00,
6.8756180287e+00,
6.8756427639e+00,
6.8756464147e+00,
6.8756469145e+00,
6.8756587169e+00,
6.8757386801e+00,
6.8760326318e+00,
6.8768161880e+00,
6.8785309259e+00,
6.8818146409e+00,
6.8875243815e+00,
6.8967510497e+00,
6.9108244660e+00,
6.9313079525e+00,
6.9599816894e+00,
6.9988143912e+00,
7.0499232253e+00,
7.1155223866e+00,
7.1978613276e+00,
7.2991543133e+00,
7.4215036779e+00,
7.5668198662e+00,
7.7367419846e+00,
7.9325631362e+00,
8.1551651923e+00,
8.4049677775e+00,
8.6818958702e+00,
8.9853692214e+00,
9.3143144603e+00,
9.6671974111e+00,
1.0042069749e+01,
1.0436622342e+01,
1.0848238828e+01,
1.1274046917e+01,
1.1710969436e+01,
1.2155779613e+01,
1.2605164161e+01,
1.3055794381e+01,
1.3504401611e+01,
1.3947850883e+01,
1.4383206299e+01,
1.4807783124e+01,
1.5219184098e+01,
1.5615320047e+01,
1.5994416868e+01,
1.6355012057e+01,
1.6695944170e+01,
1.7016338189e+01,
1.7315588983e+01,
1.7593344218e+01,
1.7849487366e+01,
1.8084120941e+01,
1.8297549825e+01,
1.8490264450e+01,
1.8662923594e+01,
1.8816336641e+01,
1.8951445197e+01,
1.9069304052e+01,
1.9171061505e+01,
1.9257939139e+01,
1.9331211151e+01,
1.9392183403e+01,
1.9442172424e+01,
1.9482484641e+01,
1.9514396193e+01,
1.9539133732e+01,
1.9557856680e+01,
1.9571641430e+01,
1.9581467965e+01,
1.9588209381e+01,
1.9592624699e+01,
1.9595355279e+01,
1.9596925050e+01,
1.9597744600e+01,
1.9598119056e+01,
1.9598259527e+01,
1.9598297739e+01,
1.9598303379e+01,
1.9598303914e+01,
1.9598314829e+01,
1.9598388781e+01,
1.9598660636e+01,
1.9599385289e+01,
1.9600971116e+01,
1.9604007939e+01,
1.9609288292e+01,
1.9617820849e+01,
1.9630834965e+01,
1.9649775425e+01,
1.9676286680e+01,
1.9712186106e+01,
1.9759426192e+01,
1.9820046013e+01,
1.9896112923e+01,
1.9989656016e+01,
2.0102593617e+01,
2.0236657680e+01,
2.0393318531e+01,
2.0573713783e+01,
2.0778585416e+01,
2.1008228898e+01,
2.1262457946e+01,
2.1540587872e+01,
2.1841439611e+01,
2.2163365185e+01,
2.2504293607e+01,
2.2861793992e+01,
2.3233150469e+01,
2.3615442053e+01,
2.4005620777e+01,
2.4400583393e+01,
2.4797234961e+01,
2.5192545467e+01,
2.5583601814e+01,
2.5967656932e+01,
2.6342175987e+01,
2.6704877806e+01,
2.7053768695e+01,
2.7387165909e+01,
2.7703709118e+01,
2.8002359677e+01,
2.8282388899e+01,
2.8543357599e+01,
2.8785089616e+01,
2.9007642089e+01,
2.9211274868e+01,
2.9396420885e+01,
2.9563658708e+01,
2.9713687877e+01,
2.9847307194e+01,
2.9965395763e+01,
3.0068896379e+01,
3.0158800772e+01,
3.0236136184e+01,
3.0301952814e+01,
3.0357311753e+01,
3.0403273134e+01,
3.0440884362e+01,
3.0471168390e+01,
3.0495112140e+01,
3.0513655263e+01,
3.0527679527e+01,
3.0537999176e+01,
3.0545352646e+01,
3.0550396017e+01,
3.0553698568e+01,
3.0555740727e+01,
3.0556914650e+01,
3.0557527509e+01,
3.0557807522e+01,
3.0557912563e+01,
3.0557941137e+01,
3.0557945354e+01,
3.0557945729e+01,
3.0557953118e+01,
3.0558003174e+01,
3.0558187183e+01,
3.0558677671e+01,
3.0559751020e+01,
3.0561806342e+01,
3.0565379720e+01,
3.0571152981e+01,
3.0579956193e+01,
3.0592763145e+01,
3.0610679183e+01,
3.0634920982e+01,
3.0666788097e+01,
3.0707626565e+01,
3.0758785304e+01,
3.0821566674e+01,
3.0897173213e+01,
3.0986653170e+01,
3.1090848031e+01,
3.1210345507e+01,
3.1345441522e+01,
3.1496114350e+01,
3.1662013272e+01,
3.1842462930e+01,
3.2036483104e+01,
3.2242822036e+01,
3.2460000072e+01,
3.2686359413e+01,
3.2920115517e+01,
3.3159406208e+01,
3.3402335758e+01,
3.3647012878e+01,
3.3891583218e+01,
3.4134258127e+01,
3.4373341760e+01,
3.4607257919e+01,
3.4834576476e+01,
3.5054037512e+01,
3.5264570141e+01,
3.5465302942e+01,
3.5655564249e+01,
3.5834872605e+01,
3.6002919700e+01,
3.6159549196e+01,
3.6304734878e+01,
3.6438560644e+01,
3.6561203660e+01,
3.6672920897e+01,
3.6774038574e+01,
3.6864943716e+01,
3.6946077024e+01,
3.7017926401e+01,
3.7081020642e+01,
3.7135923008e+01,
3.7183224504e+01,
3.7223536799e+01,
3.7257484794e+01,
3.7285698870e+01,
3.7308806932e+01,
3.7327426346e+01,
3.7342155953e+01,
3.7353568333e+01,
3.7362202552e+01,
3.7368557618e+01,
3.7373086898e+01,
3.7376193711e+01,
3.7378228326e+01,
3.7379486519e+01,
3.7380209808e+01,
3.7380587416e+01,
3.7380759946e+01,
3.7380824667e+01,
3.7380842273e+01,
3.7380844871e+01,
3.7380845101e+01,
3.7380849606e+01,
3.7380880128e+01,
3.7380992330e+01,
3.7381291413e+01,
3.7381945916e+01,
3.7383199249e+01,
3.7385378427e+01,
3.7388899546e+01,
3.7394269519e+01,
3.7402083688e+01,
3.7413018973e+01,
3.7427822355e+01,
3.7447294634e+01,
3.7472269623e+01,
3.7503589201e+01,
3.7542074956e+01,
3.7588497413e+01,
3.7643544194e+01,
3.7707788582e+01,
3.7781660156e+01,
3.7865419047e+01,
3.7959135291e+01,
3.8062674426e+01,
3.8175690206e+01,
3.8297624962e+01,
3.8427717846e+01,
3.8565020928e+01,
3.8708422829e+01,
3.8856679232e+01,
3.9008449158e+01,
3.9162335413e+01,
3.9316927124e+01,
3.9470841930e+01,
3.9622765313e+01,
3.9771484764e+01,
3.9915916962e+01,
4.0055126891e+01,
4.0188338568e+01,
4.0314937848e+01,
4.0434468309e+01,
4.0546621668e+01,
4.0651224259e+01,
4.0748221157e+01,
4.0837659285e+01,
4.0919670634e+01,
4.0994456404e+01,
4.1062272624e+01,
4.1123417536e+01,
4.1178220844e+01,
4.1227034778e+01,
4.1270226815e+01,
4.1308173836e+01,
4.1341257472e+01,
4.1369860376e+01,
4.1394363176e+01,
4.1415141873e+01,
4.1432565512e+01,
4.1446993954e+01,
4.1458775659e+01,
4.1468245413e+01,
4.1475721979e+01,
4.1481505718e+01,
4.1485876241e+01,
4.1489090191e+01,
4.1491379284e+01,
4.1492948741e+01,
4.1493976241e+01,
4.1494611513e+01,
4.1494976665e+01,
4.1495167287e+01,
4.1495254380e+01,
4.1495287050e+01,
4.1495295938e+01,
4.1495297249e+01,
4.1495297367e+01,
4.1495299697e+01,
4.1495315479e+01,
4.1495373497e+01,
4.1495528145e+01,
4.1495866551e+01,
4.1496514496e+01,
4.1497640836e+01,
4.1499460112e+01,
4.1502233061e+01,
4.1506264723e+01,
4.1511899884e+01,
4.1519515660e+01,
4.1529511131e+01,
4.1542294102e+01,
4.1558265256e+01,
4.1577800249e+01,
4.1601230529e+01,
4.1628823955e+01,
4.1660766488e+01,
4.1697146354e+01,
4.1737942071e+01,
4.1783015569e+01,
4.1832111284e+01,
4.1884861677e+01,
4.1940799008e+01,
4.1999372668e+01,
4.2059970802e+01,
4.2121944599e+01,
4.2184633427e+01,
4.2247388993e+01,
4.2309596959e+01,
4.2370694799e+01,
4.2430185143e+01,
4.2487644352e+01,
4.2542726473e+01,
4.2595163083e+01,
4.2644759766e+01,
4.2691390061e+01,
4.2734987746e+01,
4.2775538266e+01,
4.2813069958e+01,
4.2847645609e+01,
4.2879354712e+01,
4.2908306651e+01,
4.2934624912e+01,
4.2958442326e+01,
4.2979897301e+01,
4.2999130924e+01,
4.3016284815e+01,
4.3031499597e+01,
4.3044913855e+01,
4.3056663452e+01,
4.3066881105e+01,
4.3075696115e+01,
4.3083234183e+01,
4.3089617240e+01,
4.3094963255e+01,
4.3099385972e+01,
4.3102994573e+01,
4.3105893249e+01,
4.3108180698e+01,
4.3109949563e+01,
4.3111285838e+01,
4.3112268286e+01,
4.3112967914e+01,
4.3113447545e+01,
4.3113761530e+01,
4.3113955649e+01,
4.3114067224e+01,
4.3114125470e+01,
4.3114152081e+01,
4.3114162064e+01,
4.3114164779e+01,
4.3114165180e+01,
4.3114165217e+01,
4.3114165958e+01,
4.3114170983e+01,
4.3114189455e+01,
4.3114238690e+01,
4.3114346426e+01,
4.3114552700e+01,
4.3114911245e+01,
4.3115490301e+01,
4.3116372736e+01,
4.3117655377e+01,
4.3119447459e+01,
4.3121868128e+01,
4.3125042964e+01,
4.3129099573e+01,
4.3134162340e+01,
4.3140346580e+01,
4.3147752363e+01,
4.3156458436e+01,
4.3166516690e+01,
4.3177947657e+01,
4.3190737486e+01,
4.3204836742e+01,
4.3220161223e+01,
4.3236594790e+01,
4.3253994006e+01,
4.3272194185e+01,
4.3291016332e+01,
4.3310274387e+01,
4.3329782190e+01,
4.3349359700e+01,
4.3368838101e+01,
4.3388063620e+01,
4.3406900015e+01,
4.3425229824e+01,
4.3442954562e+01,
4.3459994092e+01,
4.3476285427e+01,
4.3491781164e+01,
4.3506447765e+01,
4.3520263814e+01,
4.3533218358e+01,
4.3545309387e+01,
4.3556542498e+01,
4.3566929730e+01,
4.3576488579e+01,
4.3585241162e+01,
4.3593213524e+01,
4.3600435043e+01,
4.3606937937e+01,
4.3612756827e+01,
4.3617928358e+01,
4.3622490852e+01,
4.3626483977e+01,
4.3629948434e+01,
4.3632925626e+01,
4.3635457334e+01,
4.3637585369e+01,
4.3639351204e+01,
4.3640795599e+01,
4.3641958202e+01,
4.3642877150e+01,
4.3643588674e+01,
4.3644126717e+01,
4.3644522584e+01,
4.3644804642e+01,
4.3644998080e+01,
4.3645124744e+01,
4.3645203065e+01,
4.3645248087e+01,
4.3645271591e+01,
4.3645282330e+01,
4.3645286359e+01,
4.3645287454e+01,
4.3645287616e+01,
4.3645287632e+01,
4.3645287946e+01,
4.3645290080e+01,
4.3645297922e+01,
4.3645318827e+01,
4.3645364571e+01,
4.3645452163e+01,
4.3645604438e+01,
4.3645850430e+01,
4.3646225456e+01,
4.3646770895e+01,
4.3647533632e+01,
4.3648565129e+01,
4.3649920135e+01,
4.3651655038e+01,
4.3653825901e+01,
4.3656486240e+01,
4.3659684660e+01,
4.3663462459e+01,
4.3667851352e+01,
4.3672871484e+01,
4.3678529862e+01,
4.3684819339e+01,
4.3691718246e+01,
4.3699190683e+01,
4.3707187470e+01,
4.3715647676e+01,
4.3724500612e+01,
4.3733668154e+01,
4.3743067249e+01,
4.3752612454e+01,
4.3762218392e+01,
4.3771802003e+01,
4.3781284531e+01,
4.3790593173e+01,
4.3799662366e+01,
4.3808434707e+01,
4.3816861497e+01,
4.3824902952e+01,
4.3832528104e+01,
4.3839714442e+01,
4.3846447353e+01,
4.3852719405e+01,
4.3858529542e+01,
4.3863882229e+01,
4.3868786595e+01,
4.3873255615e+01,
4.3877305343e+01,
4.3880954230e+01,
4.3884222523e+01,
4.3887131756e+01,
4.3889704325e+01,
4.3891963138e+01,
4.3893931337e+01,
4.3895632068e+01,
4.3897088299e+01,
4.3898322661e+01,
4.3899357315e+01,
4.3900213820e+01,
4.3900913008e+01,
4.3901474859e+01,
4.3901918366e+01,
4.3902261403e+01,
4.3902520589e+01,
4.3902711170e+01,
4.3902846899e+01,
4.3902939955e+01,
4.3903000874e+01,
4.3903038539e+01,
4.3903060187e+01,
4.3903071489e+01,
4.3903076652e+01,
4.3903078589e+01,
4.3903079116e+01,
4.3903079194e+01,
4.3903079202e+01,
4.3903079362e+01,
4.3903080448e+01,
4.3903084439e+01,
4.3903095077e+01,
4.3903118354e+01,
4.3903162921e+01,
4.3903240385e+01,
4.3903365483e+01,
4.3903556102e+01,
4.3903833133e+01,
4.3904220113e+01,
4.3904742672e+01,
4.3905427755e+01,
4.3906302623e+01,
4.3907393667e+01,
4.3908725074e+01,
4.3910317396e+01,
4.3912186125e+01,
4.3914340368e+01,
4.3916781734e+01,
4.3919503537e+01,
4.3922490433e+01,
4.3925718519e+01,
4.3929155965e+01,
4.3932764125e+01,
4.3936499078e+01,
4.3940313487e+01,
4.3944158625e+01,
4.3947986430e+01,
4.3951751410e+01,
4.3955412296e+01,
4.3958933313e+01,
4.3962285041e+01,
4.3965444826e+01,
4.3968396797e+01,
4.3971131521e+01,
4.3973645399e+01,
4.3975939864e+01,
4.3978020500e+01,
4.3979896119e+01,
4.3981577891e+01,
4.3983078549e+01,
4.3984411698e+01,
4.3985591256e+01,
4.3986631005e+01,
4.3987544260e+01,
4.3988343645e+01,
4.3989040942e+01,
4.3989647022e+01,
4.3990171820e+01,
4.3990624354e+01,
4.3991012773e+01,
4.3991344418e+01,
4.3991625893e+01,
4.3991863146e+01,
4.3992061539e+01,
4.3992225915e+01,
4.3992360666e+01,
4.3992469779e+01,
4.3992556881e+01,
4.3992625272e+01,
4.3992677950e+01,
4.3992717625e+01,
4.3992746727e+01,
4.3992767418e+01,
4.3992781586e+01,
4.3992790853e+01,
4.3992796580e+01,
4.3992799871e+01,
4.3992801588e+01,
4.3992802373e+01,
4.3992802667e+01,
4.3992802747e+01,
4.3992802759e+01,
4.3992802760e+01,
4.3992802786e+01,
4.3992802961e+01,
4.3992803606e+01,
4.3992805323e+01,
4.3992809081e+01,
4.3992816272e+01,
4.3992828761e+01,
4.3992848906e+01,
4.3992879544e+01,
4.3992923945e+01,
4.3992985717e+01,
4.3993068670e+01,
4.3993176618e+01,
4.3993313147e+01,
4.3993481333e+01,
4.3993683453e+01,
4.3993920690e+01,
4.3994192884e+01,
4.3994498353e+01,
4.3994833817e+01,
4.3995194454e+01,
4.3995574092e+01,
4.3995965532e+01,
4.3996360981e+01,
4.3996752537e+01,
4.3997132684e+01,
4.3997494741e+01,
4.3997833208e+01,
4.3998143999e+01,
4.3998424528e+01,
4.3998673665e+01,
4.3998891590e+01,
4.3999079556e+01,
4.3999239622e+01,
4.3999374369e+01,
4.3999486647e+01,
4.3999579370e+01,
4.3999655365e+01,
4.3999717267e+01,
4.3999767457e+01,
4.3999808026e+01,
4.3999840766e+01,
4.3999867175e+01,
4.3999888497e+01,
4.3999905753e+01,
4.3999919785e+01,
4.3999931281e+01,
4.3999940793e+01,
4.3999948755e+01,
4.3999955498e+01,
4.3999961278e+01,
4.3999966291e+01,
4.3999970689e+01,
4.3999974589e+01,
4.3999978079e+01,
4.3999981219e+01,
4.3999984049e+01,
4.3999986595e+01,
4.3999988870e+01,
4.3999990887e+01,
4.3999992655e+01,
4.3999994185e+01,
4.3999995491e+01,
4.3999996586e+01,
4.3999997489e+01,
4.3999998215e+01,
4.3999998784e+01,
4.3999999214e+01,
4.3999999527e+01,
4.4000000000e+01,
4.4000000000e+01,
4.4000000000e+01,
4.4000000000e+01,
4.4000000000e+01,
