0.0000000000e+00,
3.5155299116e-08,
1.1222259992e-06,
8.4873041999e-06,
3.5562325101e-05,
1.0773603540e-04,
2.6569478410e-04,
5.6823667500e-04,
1.0944596576e-03,
1.9452445883e-03,
3.2439773130e-03,
5.1364782557e-03,
7.7901324954e-03,
1.1392236410e-02,
1.6147597213e-02,
2.2275437924e-02,
3.0005671784e-02,
3.9574616818e-02,
5.1220224120e-02,
6.5176894215e-02,
8.1669957255e-02,
1.0090989766e-01,
1.2308641507e-01,
1.4836243255e-01,
1.7686819040e-01,
2.0869559676e-01,
2.4389304075e-01,
2.8246090270e-01,
3.2434801263e-01,
3.6944930520e-01,
4.1760489189e-01,
4.6860071835e-01,
5.2217089841e-01,
5.7800172343e-01,
6.3573724567e-01,
6.9498623820e-01,
7.5533025257e-01,
8.1633243714e-01,
8.7754674887e-01,
9.3852719102e-01,
9.9883673489e-01,
1.0580556312e+00,
1.1157888772e+00,
1.1716726722e+00,
1.2253797607e+00,
1.2766236192e+00,
1.3251614943e+00,
1.3707963338e+00,
1.4133776806e+00,
1.4528016115e+00,
1.4890098124e+00,
1.5219878810e+00,
1.5517629461e+00,
1.5784006885e+00,
1.6020018469e+00,
1.6226982860e+00,
1.6406487075e+00,
1.6560340837e+00,
1.6690528973e+00,
1.6799162745e+00,
1.6888431057e+00,
1.6960552485e+00,
1.7017729159e+00,
1.7062103484e+00,
1.7095718728e+00,
1.7120484399e+00,
1.7138147284e+00,
1.7150268878e+00,
1.7158209777e+00,
1.7163121414e+00,
1.7165945292e+00,
1.7167419661e+00,
1.7168093324e+00,
1.7168346040e+00,
1.7168414785e+00,
1.7168424932e+00,
1.7168426321e+00,
1.7168459122e+00,
1.7168681360e+00,
1.7169498327e+00,
1.7171676055e+00,
1.7176441922e+00,
1.7185568989e+00,
1.7201440596e+00,
1.7227092153e+00,
1.7266227441e+00,
1.7323207258e+00,
1.7403008835e+00,
1.7511155160e+00,
1.7653614191e+00,
1.7836668964e+00,
1.8066760765e+00,
1.8350308831e+00,
1.8693511527e+00,
1.9102135450e+00,
1.9581300468e+00,
2.0135270132e+00,
2.0767257987e+00,
2.1479260853e+00,
2.2271929819e+00,
2.3144488269e+00,
2.4094703584e+00,
2.5118915401e+00,
2.6212118735e+00,
2.7368095617e+00,
2.8579584852e+00,
2.9838476853e+00,
3.1136019764e+00,
3.2463024293e+00,
3.3810057556e+00,
3.5167620049e+00,
3.6526303719e+00,
3.7876932129e+00,
3.9210685447e+00,
4.0519213154e+00,
4.1794736323e+00,
4.3030139573e+00,
4.4219051095e+00,
4.5355908048e+00,
4.6436004429e+00,
4.7455519362e+00,
4.8411525146e+00,
4.9301976019e+00,
5.0125679997e+00,
5.0882256928e+00,
5.1572086149e+00,
5.2196246813e+00,
5.2756453344e+00,
5.3254987745e+00,
5.3694629857e+00,
5.4078586150e+00,
5.4410417359e+00,
5.4693965177e+00,
5.4933278247e+00,
5.5132537891e+00,
5.5295984210e+00,
5.5427843464e+00,
5.5532257874e+00,
5.5613219206e+00,
5.5674507673e+00,
5.5719637714e+00,
5.5751812268e+00,
5.5773886982e+00,
5.5788345615e+00,
5.5797287599e+00,
5.5802428315e+00,
5.5805112221e+00,
5.5806338517e+00,
5.5806798543e+00,
5.5806923681e+00,
5.5806942151e+00,
5.5806943905e+00,
5.5806979651e+00,
5.5807221836e+00,
5.5808112129e+00,
5.5810485298e+00,
5.5815678779e+00,
5.5825624379e+00,
5.5842918183e+00,
5.5870865060e+00,
5.5913494545e+00,
5.5975545328e+00,
5.6062416219e+00,
5.6180082326e+00,
5.6334976270e+00,
5.6533835721e+00,
5.6783520189e+00,
5.7090802040e+00,
5.7462138742e+00,
5.7903435461e+00,
5.8419808948e+00,
5.9015364955e+00,
5.9693001829e+00,
6.0454252291e+00,
6.1299173297e+00,
6.2226290506e+00,
6.3232599402e+00,
6.4313620298e+00,
6.5463500220e+00,
6.6675152062e+00,
6.7940420900e+00,
6.9250268948e+00,
7.0594973288e+00,
7.1964332972e+00,
7.3347883243e+00,
7.4735114077e+00,
7.6115688320e+00,
7.7479652486e+00,
7.8817631643e+00,
8.0120999557e+00,
8.1382016551e+00,
8.2593930008e+00,
8.3751035631e+00,
8.4848700739e+00,
8.5883353604e+00,
8.6852444634e+00,
8.7754386197e+00,
8.8588477861e+00,
8.9354823282e+00,
9.0054243844e+00,
9.0688192931e+00,
9.1258673419e+00,
9.1768159831e+00,
9.2219525627e+00,
9.2615975471e+00,
9.2960981775e+00,
9.3258224691e+00,
9.3511534613e+00,
9.3724836414e+00,
9.3902094853e+00,
9.4047260917e+00,
9.4164219186e+00,
9.4256736690e+00,
9.4328414053e+00,
9.4382640002e+00,
9.4422550529e+00,
9.4450994094e+00,
9.4470504263e+00,
9.4483281064e+00,
9.4491182086e+00,
9.4495724070e+00,
9.4498095301e+00,
9.4499178716e+00,
9.4499585138e+00,
9.4499695695e+00,
9.4499712013e+00,
9.4499713465e+00,
9.4499742051e+00,
9.4499935727e+00,
9.4500647694e+00,
9.4502545494e+00,
9.4506698569e+00,
9.4514651382e+00,
9.4528478820e+00,
9.4550820732e+00,
9.4584892687e+00,
9.4634470300e+00,
9.4703844965e+00,
9.4797749513e+00,
9.4921253323e+00,
9.5079627746e+00,
9.5278184379e+00,
9.5522090714e+00,
9.5816169794e+00,
9.6164692678e+00,
9.6571174376e+00,
9.7038185275e+00,
9.7567190614e+00,
9.8158430014e+00,
9.8810847301e+00,
9.9522077822e+00,
1.0028849629e+01,
1.0110532331e+01,
1.0196678365e+01,
1.0286630465e+01,
1.0379673980e+01,
1.0475060061e+01,
1.0572028047e+01,
1.0669825621e+01,
1.0767725726e+01,
1.0865039713e+01,
1.0961126668e+01,
1.1055399307e+01,
1.1147327112e+01,
1.1236437488e+01,
1.1322315716e+01,
1.1404604318e+01,
1.1483002223e+01,
1.1557263911e+01,
1.1627198510e+01,
1.1692668706e+01,
1.1753589275e+01,
1.1809925084e+01,
1.1861688471e+01,
1.1908936008e+01,
1.1951764735e+01,
1.1990308002e+01,
1.2024731073e+01,
1.2055226651e+01,
1.2082010430e+01,
1.2105316760e+01,
1.2125394442e+01,
1.2142502687e+01,
1.2156907193e+01,
1.2168876346e+01,
1.2178677524e+01,
1.2186573503e+01,
1.2192818994e+01,
1.2197657353e+01,
1.2201317530e+01,
1.2204011336e+01,
1.2205931112e+01,
1.2207247911e+01,
1.2208110243e+01,
1.2208643494e+01,
1.2208950037e+01,
1.2209110074e+01,
1.2209183194e+01,
1.2209210624e+01,
1.2209218086e+01,
1.2209219187e+01,
1.2209219284e+01,
1.2209221194e+01,
1.2209234129e+01,
1.2209281682e+01,
1.2209408437e+01,
1.2209685823e+01,
1.2210216993e+01,
1.2211140524e+01,
1.2212632722e+01,
1.2214908323e+01,
1.2218219441e+01,
1.2222852576e+01,
1.2229123611e+01,
1.2237370736e+01,
1.2247945364e+01,
1.2261201173e+01,
1.2277481580e+01,
1.2297106057e+01,
1.2320355874e+01,
1.2347459977e+01,
1.2378581836e+01,
1.2413808188e+01,
1.2453140624e+01,
1.2496490920e+01,
1.2543680856e+01,
1.2594446974e+01,
1.2648450273e+01,
1.2705290231e+01,
1.2764521890e+01,
1.2825674181e+01,
1.2888267405e+01,
1.2951827935e+01,
1.3015898925e+01,
1.3080046680e+01,
1.3143863364e+01,
1.3206967270e+01,
1.3269002118e+01,
1.3329636529e+01,
1.3388564381e+01,
1.3445506210e+01,
1.3500211395e+01,
1.3552460699e+01,
1.3602068653e+01,
1.3648885382e+01,
1.3692797601e+01,
1.3733728683e+01,
1.3771637810e+01,
1.3806518328e+01,
1.3838395478e+01,
1.3867323673e+01,
1.3893383501e+01,
1.3916678595e+01,
1.3937332465e+01,
1.3955485386e+01,
1.3971291354e+01,
1.3984915148e+01,
1.3996529479e+01,
1.4006312223e+01,
1.4014443739e+01,
1.4021104239e+01,
1.4026471251e+01,
1.4030717170e+01,
1.4034006933e+01,
1.4036495880e+01,
1.4038327837e+01,
1.4039633482e+01,
1.4040529078e+01,
1.4041115593e+01,
1.4041478290e+01,
1.4041686791e+01,
1.4041795644e+01,
1.4041845379e+01,
1.4041864036e+01,
1.4041869111e+01,
1.4041869860e+01,
1.4041869927e+01,
1.4041871258e+01,
1.4041880271e+01,
1.4041913403e+01,
1.4042001721e+01,
1.4042194992e+01,
1.4042565093e+01,
1.4043208585e+01,
1.4044248327e+01,
1.4045833981e+01,
1.4048141286e+01,
1.4051370017e+01,
1.4055740526e+01,
1.4061488878e+01,
1.4068860576e+01,
1.4078103003e+01,
1.4089456764e+01,
1.4103146198e+01,
1.4119369446e+01,
1.4138288525e+01,
1.4160019938e+01,
1.4184626388e+01,
1.4212110156e+01,
1.4242408687e+01,
1.4275392796e+01,
1.4310867824e+01,
1.4348577832e+01,
1.4388212745e+01,
1.4429418114e+01,
1.4471806947e+01,
1.4514972879e+01,
1.4558503829e+01,
1.4601995282e+01,
1.4645062374e+01,
1.4687350100e+01,
1.4728541210e+01,
1.4768361543e+01,
1.4806582829e+01,
1.4843023156e+01,
1.4877545487e+01,
1.4910054656e+01,
1.4940493323e+01,
1.4968837343e+01,
1.4995090928e+01,
1.5019281919e+01,
1.5041457377e+01,
1.5061679644e+01,
1.5080022928e+01,
1.5096570439e+01,
1.5111412036e+01,
1.5124642341e+01,
1.5136359232e+01,
1.5146662665e+01,
1.5155653727e+01,
1.5163433861e+01,
1.5170104205e+01,
1.5175764984e+01,
1.5180514917e+01,
1.5184450619e+01,
1.5187665969e+01,
1.5190251446e+01,
1.5192293431e+01,
1.5193873505e+01,
1.5195067753e+01,
1.5195946107e+01,
1.5196571777e+01,
1.5197000786e+01,
1.5197281668e+01,
1.5197455335e+01,
1.5197555160e+01,
1.5197607273e+01,
1.5197631083e+01,
1.5197640014e+01,
1.5197642444e+01,
1.5197642802e+01,
1.5197642836e+01,
1.5197643499e+01,
1.5197647995e+01,
1.5197664522e+01,
1.5197708575e+01,
1.5197804974e+01,
1.5197989550e+01,
1.5198310410e+01,
1.5198828682e+01,
1.5199618672e+01,
1.5200767341e+01,
1.5202373033e+01,
1.5204543403e+01,
1.5207392522e+01,
1.5211037191e+01,
1.5215592542e+01,
1.5221167090e+01,
1.5227857468e+01,
1.5235743145e+01,
1.5244881508e+01,
1.5255303657e+01,
1.5267011328e+01,
1.5279975216e+01,
1.5294134924e+01,
1.5309400591e+01,
1.5325656090e+01,
1.5342763564e+01,
1.5360568889e+01,
1.5378907640e+01,
1.5397611056e+01,
1.5416511614e+01,
1.5435447843e+01,
1.5454268197e+01,
1.5472833881e+01,
1.5491020673e+01,
1.5508719854e+01,
1.5525838405e+01,
1.5542298654e+01,
1.5558037553e+01,
1.5573005716e+01,
1.5587166344e+01,
1.5600494099e+01,
1.5612974000e+01,
1.5624600343e+01,
1.5635375680e+01,
1.5645309862e+01,
1.5654419132e+01,
1.5662725295e+01,
1.5670254941e+01,
1.5677038738e+01,
1.5683110780e+01,
1.5688507996e+01,
1.5693269611e+01,
1.5697436643e+01,
1.5701051446e+01,
1.5704157271e+01,
1.5706797841e+01,
1.5709016939e+01,
1.5710857992e+01,
1.5712363656e+01,
1.5713575394e+01,
1.5714533060e+01,
1.5715274487e+01,
1.5715835096e+01,
1.5716247540e+01,
1.5716541397e+01,
1.5716742920e+01,
1.5716874875e+01,
1.5716956467e+01,
1.5717003368e+01,
1.5717027853e+01,
1.5717039040e+01,
1.5717043237e+01,
1.5717044379e+01,
1.5717044547e+01,
1.5717044563e+01,
1.5717044891e+01,
1.5717047114e+01,
1.5717055283e+01,
1.5717077060e+01,
1.5717124714e+01,
1.5717215960e+01,
1.5717374586e+01,
1.5717630830e+01,
1.5718021467e+01,
1.5718589574e+01,
1.5719383933e+01,
1.5720458046e+01,
1.5721868766e+01,
1.5723674537e+01,
1.5725933292e+01,
1.5728700066e+01,
1.5732024429e+01,
1.5735947872e+01,
1.5740501285e+01,
1.5745702721e+01,
1.5751555589e+01,
1.5758047441e+01,
1.5765149466e+01,
1.5772816757e+01,
1.5780989362e+01,
1.5789594075e+01,
1.5798546861e+01,
1.5807755774e+01,
1.5817124178e+01,
1.5826554090e+01,
1.5835949433e+01,
1.5845219028e+01,
1.5854279174e+01,
1.5863055687e+01,
1.5871485348e+01,
1.5879516728e+01,
1.5887110420e+01,
1.5894238732e+01,
1.5900884954e+01,
1.5907042280e+01,
1.5912712524e+01,
1.5917904716e+01,
1.5922633691e+01,
1.5926918732e+01,
1.5930782330e+01,
1.5934249100e+01,
1.5937344862e+01,
1.5940095894e+01,
1.5942528357e+01,
1.5944667864e+01,
1.5946539180e+01,
1.5948166029e+01,
1.5949570992e+01,
1.5950775459e+01,
1.5951799632e+01,
1.5952662552e+01,
1.5953382142e+01,
1.5953975247e+01,
1.5954457669e+01,
1.5954844188e+01,
1.5955148571e+01,
1.5955383561e+01,
1.5955560856e+01,
1.5955691083e+01,
1.5955783756e+01,
1.5955847257e+01,
1.5955888814e+01,
1.5955914500e+01,
1.5955929263e+01,
1.5955936968e+01,
1.5955940489e+01,
1.5955941809e+01,
1.5955942169e+01,
1.5955942222e+01,
1.5955942227e+01,
1.5955942336e+01,
1.5955943076e+01,
1.5955945797e+01,
1.5955953050e+01,
1.5955968918e+01,
1.5955999295e+01,
1.5956052078e+01,
1.5956137277e+01,
1.5956267002e+01,
1.5956455319e+01,
1.5956717952e+01,
1.5957071814e+01,
1.5957534356e+01,
1.5958122753e+01,
1.5958852933e+01,
1.5959738506e+01,
1.5960789646e+01,
1.5962012031e+01,
1.5963405923e+01,
1.5964965508e+01,
1.5966678585e+01,
1.5968526681e+01,
1.5970485622e+01,
1.5972526551e+01,
1.5974617319e+01,
1.5976724133e+01,
1.5978813324e+01,
1.5980853054e+01,
1.5982814820e+01,
1.5984674627e+01,
1.5986413752e+01,
1.5988019068e+01,
1.5989482959e+01,
1.5990802894e+01,
1.5991980734e+01,
1.5993021905e+01,
1.5993934501e+01,
1.5994728423e+01,
1.5995414600e+01,
1.5996004336e+01,
1.5996508800e+01,
1.5996938644e+01,
1.5997303756e+01,
1.5997613115e+01,
1.5997874725e+01,
1.5998095621e+01,
1.5998281909e+01,
1.5998438841e+01,
1.5998570901e+01,
1.5998681895e+01,
1.5998775040e+01,
1.5998853052e+01,
1.5998918216e+01,
1.5998972459e+01,
1.5999017410e+01,
1.5999054450e+01,
1.5999084757e+01,
1.5999109340e+01,
1.5999129071e+01,
1.5999144710e+01,
1.5999156919e+01,
1.5999166280e+01,
1.5999173306e+01,
1.5999178447e+01,
1.5999182094e+01,
1.5999184589e+01,
1.5999186219e+01,
1.5999187226e+01,
1.5999187804e+01,
1.5999188106e+01,
1.5999188244e+01,
1.5999188295e+01,
1.5999188309e+01,
1.5999188311e+01,
1.5999188312e+01,
1.5999188316e+01,
1.5999188347e+01,
1.5999188460e+01,
1.5999188762e+01,
1.5999189422e+01,
1.5999190684e+01,
1.5999192875e+01,
1.5999196404e+01,
1.5999201762e+01,
1.5999209503e+01,
1.5999220228e+01,
1.5999234549e+01,
1.5999253044e+01,
1.5999276206e+01,
1.5999304381e+01,
1.5999337712e+01,
1.5999376088e+01,
1.5999419107e+01,
1.5999466070e+01,
1.5999516001e+01,
1.5999567704e+01,
1.5999619844e+01,
1.5999671053e+01,
1.5999720043e+01,
1.5999765701e+01,
1.5999807171e+01,
1.5999843900e+01,
1.5999875641e+01,
1.5999902430e+01,
1.5999924537e+01,
1.5999942396e+01,
1.5999956541e+01,
1.5999967541e+01,
1.5999975957e+01,
1.5999982303e+01,
1.5999987031e+01,
1.5999990516e+01,
1.5999993063e+01,
1.5999994911e+01,
1.5999996245e+01,
1.5999997210e+01,
1.5999997914e+01,
1.5999998439e+01,
1.5999998839e+01,
1.5999999154e+01,
1.5999999415e+01,
1.6000000000e+01,
1.6000000000e+01,
1.6000000000e+01,
1.6000000000e+01,
1.6000000000e+01,
1.6000000000e+01,
1.6000000000e+01,
1.6000000000e+01,
1.6000000000e+01,
1.6000000000e+01,
1.6000000000e+01,
1.6000000000e+01,
1.6000000000e+01,
1.6000000000e+01,
1.6000000000e+01,
1.6000000000e+01,
1.6000000000e+01,
1.6000000000e+01,
1.6000000000e+01,
1.6000000000e+01,
1.6000000000e+01,
1.6000000000e+01,
1.6000000000e+01,
1.6000000000e+01,
1.6000000000e+01,
1.6000000000e+01,
1.6000000000e+01,
1.6000000000e+01,
