0.0000000000e+00,
1.9319450217e-07,
6.1671506018e-06,
4.6641682800e-05,
1.9543184720e-04,
5.9206333730e-04,
1.4601401921e-03,
3.1228353877e-03,
6.0149769014e-03,
1.0691323552e-02,
1.7830757924e-02,
2.8236255593e-02,
4.2830604790e-02,
6.2647930781e-02,
8.8821108513e-02,
1.2256511695e-01,
1.6515630483e-01,
2.1790742745e-01,
2.8213822948e-01,
3.5914136136e-01,
4.5014360546e-01,
5.5626281411e-01,
6.7846163742e-01,
8.1749998462e-01,
9.7388907260e-01,
1.1478506557e+00,
1.3392853650e+00,
1.5477538210e+00,
1.7724732500e+00,
2.0123308059e+00,
2.2659129416e+00,
2.5315483213e+00,
2.8073603117e+00,
3.0913243054e+00,
3.3813251519e+00,
3.6752107185e+00,
3.9708388606e+00,
4.2661165207e+00,
4.5590309900e+00,
4.8476743243e+00,
5.1302623958e+00,
5.4051500965e+00,
5.6708439112e+00,
5.9260126011e+00,
6.1694962546e+00,
6.4003135772e+00,
6.6176670911e+00,
6.8209458720e+00,
7.0097255499e+00,
7.1837654551e+00,
7.3430029615e+00,
7.4875452108e+00,
7.6176584817e+00,
7.7337555048e+00,
7.8363810227e+00,
7.9261958798e+00,
8.0039599116e+00,
8.0705138953e+00,
8.1267608316e+00,
8.1736468443e+00,
8.2121420124e+00,
8.2432214786e+00,
8.2678472092e+00,
8.2869507987e+00,
8.3014177246e+00,
8.3120734521e+00,
8.3196717622e+00,
8.3248856379e+00,
8.3283009785e+00,
8.3304133342e+00,
8.3316277646e+00,
8.3322618170e+00,
8.3325515231e+00,
8.3326602022e+00,
8.3326897656e+00,
8.3326941291e+00,
8.3326947264e+00,
8.3327088327e+00,
8.3328044043e+00,
8.3331557340e+00,
8.3340922349e+00,
8.3361416690e+00,
8.3400662914e+00,
8.3468903387e+00,
8.3579173875e+00,
8.3747362412e+00,
8.3992141740e+00,
8.4334766086e+00,
8.4798726490e+00,
8.5409263655e+00,
8.6192743468e+00,
8.7175907986e+00,
8.8385023633e+00,
8.9844958058e+00,
9.1578227013e+00,
9.3604061341e+00,
9.5937550184e+00,
9.8588917220e+00,
1.0156297928e+01,
1.0485881877e+01,
1.0846967446e+01,
1.1238302577e+01,
1.1658082738e+01,
1.2103985296e+01,
1.2573213176e+01,
1.3062549268e+01,
1.3568424798e+01,
1.4087003783e+01,
1.4614282090e+01,
1.5146195361e+01,
1.5678726913e+01,
1.6208006137e+01,
1.6730389724e+01,
1.7242521597e+01,
1.7741371286e+01,
1.8224253675e+01,
1.8688834823e+01,
1.9133128859e+01,
1.9555490039e+01,
1.9954602648e+01,
2.0329469900e+01,
2.0679401945e+01,
2.1004002527e+01,
2.1303153783e+01,
2.1576998934e+01,
2.1825922941e+01,
2.2050531456e+01,
2.2251628535e+01,
2.2430193557e+01,
2.2587357682e+01,
2.2724380087e+01,
2.2842624067e+01,
2.2943533058e+01,
2.3028606615e+01,
2.3099376406e+01,
2.3157382357e+01,
2.3204149187e+01,
2.3241163639e+01,
2.3269852843e+01,
2.3291564302e+01,
2.3307548035e+01,
2.3318941451e+01,
2.3326757488e+01,
2.3331876488e+01,
2.3335042192e+01,
2.3336862089e+01,
2.3337812220e+01,
2.3338246339e+01,
2.3338409191e+01,
2.3338453490e+01,
2.3338460029e+01,
2.3338460649e+01,
2.3338473304e+01,
2.3338559039e+01,
2.3338874207e+01,
2.3339714314e+01,
2.3341552788e+01,
2.3345073384e+01,
2.3351194781e+01,
2.3361086042e+01,
2.3376171672e+01,
2.3398125190e+01,
2.3428850320e+01,
2.3470449224e+01,
2.3525177620e+01,
2.3595387203e+01,
2.3683456465e+01,
2.3791711832e+01,
2.3922341895e+01,
2.4077308382e+01,
2.4258258232e+01,
2.4466441668e+01,
2.4702641296e+01,
2.4967116885e+01,
2.5259569613e+01,
2.5579128072e+01,
2.5924356516e+01,
2.6293284007e+01,
2.6683451748e+01,
2.7091975366e+01,
2.7515619237e+01,
2.7950880753e+01,
2.8394082904e+01,
2.8841473227e+01,
2.9289325880e+01,
2.9734041921e+01,
3.0172241554e+01,
3.0600841941e+01,
3.1017115363e+01,
3.1418724797e+01,
3.1803736819e+01,
3.2170614382e+01,
3.2518193914e+01,
3.2845652087e+01,
3.3152467515e+01,
3.3438381804e+01,
3.3703363111e+01,
3.3947574044e+01,
3.4171344535e+01,
3.4375149472e+01,
3.4559590330e+01,
3.4725379783e+01,
3.4873328330e+01,
3.5004332028e+01,
3.5119360656e+01,
3.5219445816e+01,
3.5305668651e+01,
3.5379147027e+01,
3.5441022107e+01,
3.5492444395e+01,
3.5534559368e+01,
3.5568492921e+01,
3.5595336912e+01,
3.5616135152e+01,
3.5631870244e+01,
3.5643451706e+01,
3.5651705816e+01,
3.5657367619e+01,
3.5661075458e+01,
3.5663368360e+01,
3.5664686463e+01,
3.5665374607e+01,
3.5665689020e+01,
3.5665806966e+01,
3.5665839050e+01,
3.5665843786e+01,
3.5665844207e+01,
3.5665852503e+01,
3.5665908709e+01,
3.5666115326e+01,
3.5666666079e+01,
3.5667871330e+01,
3.5670179302e+01,
3.5674192170e+01,
3.5680676117e+01,
3.5690564510e+01,
3.5704953445e+01,
3.5725089073e+01,
3.5752346283e+01,
3.5788198675e+01,
3.5834180121e+01,
3.5891838706e+01,
3.5962684443e+01,
3.6048132666e+01,
3.6149445616e+01,
3.6267675051e+01,
3.6403608948e+01,
3.6557725252e+01,
3.6730155297e+01,
3.6920659032e+01,
3.7128613629e+01,
3.7353016648e+01,
3.7592504745e+01,
3.7845388807e+01,
3.8109705960e+01,
3.8383287590e+01,
3.8663839806e+01,
3.8949029116e+01,
3.9236562988e+01,
3.9524254492e+01,
3.9810063889e+01,
4.0092116654e+01,
4.0368704037e+01,
4.0638275638e+01,
4.0899432601e+01,
4.1150926283e+01,
4.1391663018e+01,
4.1620712634e+01,
4.1837317283e+01,
4.2040897497e+01,
4.2231053550e+01,
4.2407561461e+01,
4.2570364009e+01,
4.2719557794e+01,
4.2855377637e+01,
4.2978179592e+01,
4.3088423660e+01,
4.3186656996e+01,
4.3273498123e+01,
4.3349622394e+01,
4.3415748723e+01,
4.3472627505e+01,
4.3521029506e+01,
4.3561735528e+01,
4.3595526634e+01,
4.3623174788e+01,
4.3645433813e+01,
4.3663030682e+01,
4.3676657195e+01,
4.3686962207e+01,
4.3694544620e+01,
4.3699947378e+01,
4.3703652736e+01,
4.3706079063e+01,
4.3707579381e+01,
4.3708441822e+01,
4.3708892067e+01,
4.3709097782e+01,
4.3709174951e+01,
4.3709195943e+01,
4.3709199042e+01,
4.3709199316e+01,
4.3709204687e+01,
4.3709241080e+01,
4.3709374862e+01,
4.3709731464e+01,
4.3710511827e+01,
4.3712006109e+01,
4.3714604034e+01,
4.3718801245e+01,
4.3725201066e+01,
4.3734511132e+01,
4.3747534395e+01,
4.3765154173e+01,
4.3788313088e+01,
4.3817985999e+01,
4.3855147399e+01,
4.3900734142e+01,
4.3955604810e+01,
4.4020497530e+01,
4.4095988418e+01,
4.4182453223e+01,
4.4280034879e+01,
4.4388619652e+01,
4.4507824271e+01,
4.4636995853e+01,
4.4775225561e+01,
4.4921375816e+01,
4.5074119717e+01,
4.5231990068e+01,
4.5393434493e+01,
4.5556872490e+01,
4.5720750199e+01,
4.5883589128e+01,
4.6044025947e+01,
4.6200841704e+01,
4.6352980053e+01,
4.6499555228e+01,
4.6639851309e+01,
4.6773314800e+01,
4.6899542587e+01,
4.7018267194e+01,
4.7129340871e+01,
4.7232719631e+01,
4.7328447986e+01,
4.7416644793e+01,
4.7497490437e+01,
4.7571215412e+01,
4.7638090297e+01,
4.7698417089e+01,
4.7752521793e+01,
4.7800748186e+01,
4.7843452608e+01,
4.7880999653e+01,
4.7913758586e+01,
4.7942100322e+01,
4.7966394799e+01,
4.7987008595e+01,
4.8004302652e+01,
4.8018630009e+01,
4.8030333477e+01,
4.8039743217e+01,
4.8047174242e+01,
4.8052923882e+01,
4.8057269301e+01,
4.8060465156e+01,
4.8062741552e+01,
4.8064302395e+01,
4.8065324296e+01,
4.8065956124e+01,
4.8066319301e+01,
4.8066508894e+01,
4.8066595517e+01,
4.8066628011e+01,
4.8066636850e+01,
4.8066638155e+01,
4.8066638272e+01,
4.8066640589e+01,
4.8066656287e+01,
4.8066713992e+01,
4.8066867806e+01,
4.8067204391e+01,
4.8067848861e+01,
4.8068969189e+01,
4.8070778836e+01,
4.8073537306e+01,
4.8077548343e+01,
4.8083155528e+01,
4.8090735092e+01,
4.8100685860e+01,
4.8113416421e+01,
4.8129329776e+01,
4.8148806016e+01,
4.8172183773e+01,
4.8199741497e+01,
4.8231679757e+01,
4.8268105926e+01,
4.8309022551e+01,
4.8354320579e+01,
4.8403778296e+01,
4.8457066366e+01,
4.8513758836e+01,
4.8573349390e+01,
4.8635271599e+01,
4.8698921512e+01,
4.8763680732e+01,
4.8828938167e+01,
4.8894108942e+01,
4.8958649431e+01,
4.9022067995e+01,
4.9083931516e+01,
4.9143868279e+01,
4.9201567952e+01,
4.9256779492e+01,
4.9309307664e+01,
4.9359008765e+01,
4.9405785909e+01,
4.9449584148e+01,
4.9490385599e+01,
4.9528204670e+01,
4.9563083500e+01,
4.9595087663e+01,
4.9624302214e+01,
4.9650828112e+01,
4.9674779055e+01,
4.9696278722e+01,
4.9715458418e+01,
4.9732455078e+01,
4.9747409587e+01,
4.9760465366e+01,
4.9771767144e+01,
4.9781459874e+01,
4.9789687727e+01,
4.9796593124e+01,
4.9802315758e+01,
4.9806991597e+01,
4.9810751847e+01,
4.9813721895e+01,
4.9816020240e+01,
4.9817757448e+01,
4.9819035186e+01,
4.9819945366e+01,
4.9820569470e+01,
4.9820978088e+01,
4.9821230736e+01,
4.9821375960e+01,
4.9821451774e+01,
4.9821486412e+01,
4.9821499406e+01,
4.9821502941e+01,
4.9821503462e+01,
4.9821503510e+01,
4.9821504476e+01,
4.9821511016e+01,
4.9821535060e+01,
4.9821599148e+01,
4.9821739389e+01,
4.9822007912e+01,
4.9822474704e+01,
4.9823228705e+01,
4.9824378034e+01,
4.9826049243e+01,
4.9828385474e+01,
4.9831543466e+01,
4.9835689362e+01,
4.9840993361e+01,
4.9847623322e+01,
4.9855737558e+01,
4.9865477112e+01,
4.9876957986e+01,
4.9890263786e+01,
4.9905439374e+01,
4.9922486039e+01,
4.9941358675e+01,
4.9961965298e+01,
4.9984169047e+01,
5.0007792620e+01,
5.0032624839e+01,
5.0058428886e+01,
5.0084951552e+01,
5.0111932821e+01,
5.0139115089e+01,
5.0166251396e+01,
5.0193112242e+01,
5.0219490667e+01,
5.0245205555e+01,
5.0270103210e+01,
5.0294057452e+01,
5.0316968529e+01,
5.0338761174e+01,
5.0359382153e+01,
5.0378797579e+01,
5.0396990212e+01,
5.0413956916e+01,
5.0429706356e+01,
5.0444256999e+01,
5.0457635409e+01,
5.0469874829e+01,
5.0481014015e+01,
5.0491096279e+01,
5.0500168706e+01,
5.0508281499e+01,
5.0515487422e+01,
5.0521841313e+01,
5.0527399635e+01,
5.0532220045e+01,
5.0536360973e+01,
5.0539881184e+01,
5.0542839320e+01,
5.0545293424e+01,
5.0547300429e+01,
5.0548915638e+01,
5.0550192184e+01,
5.0551180495e+01,
5.0551927786e+01,
5.0552477579e+01,
5.0552869295e+01,
5.0553137930e+01,
5.0553313829e+01,
5.0553422594e+01,
5.0553485116e+01,
5.0553517755e+01,
5.0553532668e+01,
5.0553538262e+01,
5.0553539784e+01,
5.0553540008e+01,
5.0553540030e+01,
5.0553540467e+01,
5.0553543430e+01,
5.0553554320e+01,
5.0553583350e+01,
5.0553646874e+01,
5.0553768508e+01,
5.0553979964e+01,
5.0554321549e+01,
5.0554842293e+01,
5.0555599626e+01,
5.0556658592e+01,
5.0558090547e+01,
5.0559971345e+01,
5.0562379021e+01,
5.0565391026e+01,
5.0569081114e+01,
5.0573516025e+01,
5.0578752126e+01,
5.0584832240e+01,
5.0591782880e+01,
5.0599612087e+01,
5.0608308059e+01,
5.0617838676e+01,
5.0628151974e+01,
5.0639177519e+01,
5.0650828585e+01,
5.0663004969e+01,
5.0675596254e+01,
5.0688485316e+01,
5.0701551888e+01,
5.0714676007e+01,
5.0727741215e+01,
5.0740637394e+01,
5.0753263166e+01,
5.0765527792e+01,
5.0777352541e+01,
5.0788671528e+01,
5.0799432032e+01,
5.0809594337e+01,
5.0819131168e+01,
5.0828026779e+01,
5.0836275805e+01,
5.0843881958e+01,
5.0850856642e+01,
5.0857217582e+01,
5.0862987514e+01,
5.0868192985e+01,
5.0872863295e+01,
5.0877029587e+01,
5.0880724101e+01,
5.0883979573e+01,
5.0886828763e+01,
5.0889304106e+01,
5.0891437447e+01,
5.0893259852e+01,
5.0894801468e+01,
5.0896091411e+01,
5.0897157669e+01,
5.0898027011e+01,
5.0898724887e+01,
5.0899275319e+01,
5.0899700784e+01,
5.0900022092e+01,
5.0900258263e+01,
5.0900426416e+01,
5.0900541679e+01,
5.0900617127e+01,
5.0900663770e+01,
5.0900690579e+01,
5.0900704573e+01,
5.0900710967e+01,
5.0900713366e+01,
5.0900714018e+01,
5.0900714114e+01,
5.0900714124e+01,
5.0900714322e+01,
5.0900715667e+01,
5.0900720609e+01,
5.0900733781e+01,
5.0900762604e+01,
5.0900817784e+01,
5.0900913685e+01,
5.0901068531e+01,
5.0901304419e+01,
5.0901647103e+01,
5.0902125526e+01,
5.0902771067e+01,
5.0903616505e+01,
5.0904694690e+01,
5.0906036966e+01,
5.0907671400e+01,
5.0909620896e+01,
5.0911901347e+01,
5.0914519938e+01,
5.0917473777e+01,
5.0920749008e+01,
5.0924320531e+01,
5.0928152424e+01,
5.0932199076e+01,
5.0936407010e+01,
5.0940717245e+01,
5.0945068046e+01,
5.0949397810e+01,
5.0953647860e+01,
5.0957764923e+01,
5.0961703102e+01,
5.0965425221e+01,
5.0968903513e+01,
5.0972119657e+01,
5.0975064260e+01,
5.0977735908e+01,
5.0980139936e+01,
5.0982287046e+01,
5.0984191917e+01,
5.0985871900e+01,
5.0987345860e+01,
5.0988633213e+01,
5.0989753173e+01,
5.0990724186e+01,
5.0991563550e+01,
5.0992287183e+01,
5.0992909512e+01,
5.0993443450e+01,
5.0993900446e+01,
5.0994290574e+01,
5.0994622645e+01,
5.0994904342e+01,
5.0995142348e+01,
5.0995342475e+01,
5.0995509788e+01,
5.0995648709e+01,
5.0995763117e+01,
5.0995856428e+01,
5.0995931665e+01,
5.0995991518e+01,
5.0996038384e+01,
5.0996074404e+01,
5.0996101486e+01,
5.0996121327e+01,
5.0996135421e+01,
5.0996145065e+01,
5.0996151371e+01,
5.0996155266e+01,
5.0996157504e+01,
5.0996158672e+01,
5.0996159206e+01,
5.0996159406e+01,
5.0996159460e+01,
5.0996159468e+01,
5.0996159469e+01,
5.0996159487e+01,
5.0996159606e+01,
5.0996160044e+01,
5.0996161212e+01,
5.0996163767e+01,
5.0996168655e+01,
5.0996177141e+01,
5.0996190821e+01,
5.0996211607e+01,
5.0996241688e+01,
5.0996283455e+01,
5.0996339388e+01,
5.0996411909e+01,
5.0996503192e+01,
5.0996614959e+01,
5.0996748258e+01,
5.0996903264e+01,
5.0997079118e+01,
5.0997273841e+01,
5.0997484343e+01,
5.0997706542e+01,
5.0997935593e+01,
5.0998166208e+01,
5.0998393031e+01,
5.0998611026e+01,
5.0998815827e+01,
5.0999004001e+01,
5.0999173202e+01,
5.0999322211e+01,
5.0999450855e+01,
5.0999559848e+01,
5.0999650585e+01,
5.0999724911e+01,
5.0999784907e+01,
5.0999832708e+01,
5.0999870362e+01,
5.0999899739e+01,
5.0999922479e+01,
5.0999939980e+01,
5.0999953401e+01,
5.0999963678e+01,
5.0999971562e+01,
5.0999977652e+01,
5.0999982430e+01,
5.0999986284e+01,
5.0999989508e+01,
5.0999992295e+01,
5.0999994737e+01,
5.0999996846e+01,
5.0999998557e+01,
5.0999998989e+01,
5.0999998768e+01,
5.0999998933e+01,
5.0999999294e+01,
5.1000000000e+01,
5.1000000000e+01,
5.1000000000e+01,
5.1000000000e+01,
5.1000000000e+01,
5.1000000000e+01,
5.0999999607e+01,
5.1000000000e+01,
5.1000000000e+01,
5.1000000000e+01,
5.1000000000e+01,
5.1000000000e+01,
5.1000000000e+01,
5.1000000000e+01,
5.1000000000e+01,
5.1000000000e+01,
5.1000000000e+01,
5.1000000000e+01,
5.1000000000e+01,
5.1000000000e+01,
