0.0000000000e+00,
5.2290399566e-08,
1.6692128000e-06,
1.2624122601e-05,
5.2895865000e-05,
1.6024811780e-04,
3.9519895600e-04,
8.4520795140e-04,
1.6279338983e-03,
2.8934472004e-03,
4.8253156448e-03,
7.6405188159e-03,
1.1588182430e-02,
1.6947156891e-02,
2.4022491874e-02,
3.3140878827e-02,
4.4645144923e-02,
5.8887885813e-02,
7.6224322961e-02,
9.7004468735e-02,
1.2156468475e-01,
1.5021873257e-01,
1.8324844609e-01,
2.2089420470e-01,
2.6334545336e-01,
3.1073159365e-01,
3.6311364546e-01,
4.2047713769e-01,
4.8272671033e-01,
5.4968288717e-01,
6.2108140003e-01,
6.9657531476e-01,
7.7574003668e-01,
8.5808107883e-01,
9.4304428405e-01,
1.0300280265e+00,
1.1183967981e+00,
1.2074955260e+00,
1.2966639663e+00,
1.3852505755e+00,
1.4726253610e+00,
1.5581913308e+00,
1.6413942983e+00,
1.7217309172e+00,
1.7987549280e+00,
1.8720816775e+00,
1.9413910284e+00,
2.0064288027e+00,
2.0670069172e+00,
2.1230023632e+00,
2.1743551732e+00,
2.2210654987e+00,
2.2631899103e+00,
2.3008370168e+00,
2.3341624923e+00,
2.3633635948e+00,
2.3886732604e+00,
2.4103538628e+00,
2.4286907347e+00,
2.4439855545e+00,
2.4565497171e+00,
2.4666978116e+00,
2.4747413404e+00,
2.4809828151e+00,
2.4857103681e+00,
2.4891930111e+00,
2.4916766619e+00,
2.4933810466e+00,
2.4944975588e+00,
2.4951881340e+00,
2.4955851657e+00,
2.4957924576e+00,
2.4958871724e+00,
2.4959227033e+00,
2.4959323686e+00,
2.4959337952e+00,
2.4959339905e+00,
2.4959386023e+00,
2.4959698480e+00,
2.4960847104e+00,
2.4963908886e+00,
2.4970609396e+00,
2.4983441189e+00,
2.5005754267e+00,
2.5041814059e+00,
2.5096822923e+00,
2.5176901837e+00,
2.5289029734e+00,
2.5440939048e+00,
2.5640967336e+00,
2.5897866557e+00,
2.6220573554e+00,
2.6617947606e+00,
2.7098483386e+00,
2.7670010235e+00,
2.8339390973e+00,
2.9112235301e+00,
2.9992643712e+00,
3.0982997330e+00,
3.2083806930e+00,
3.3293630424e+00,
3.4609062612e+00,
3.6024794777e+00,
3.7533735751e+00,
3.9127181774e+00,
4.0795020711e+00,
4.2525957548e+00,
4.4307751927e+00,
4.6127463571e+00,
4.7971705738e+00,
4.9826908457e+00,
5.1679591159e+00,
5.3516638866e+00,
5.5325569322e+00,
5.7094773531e+00,
5.8813711800e+00,
6.0473052415e+00,
6.2064749071e+00,
6.3582062680e+00,
6.5019540008e+00,
6.6372964075e+00,
6.7639289619e+00,
6.8816573100e+00,
6.9903902308e+00,
7.0901327247e+00,
7.1809791798e+00,
7.2631064789e+00,
7.3367669035e+00,
7.4022807225e+00,
7.4600284033e+00,
7.5104424264e+00,
7.5539987205e+00,
7.5912077632e+00,
7.6226054203e+00,
7.6487436175e+00,
7.6701809647e+00,
7.6874734769e+00,
7.7011655621e+00,
7.7117814661e+00,
7.7198173810e+00,
7.7257344325e+00,
7.7299527559e+00,
7.7328468577e+00,
7.7347424292e+00,
7.7359147411e+00,
7.7365886956e+00,
7.7369405582e+00,
7.7371013266e+00,
7.7371616362e+00,
7.7371780419e+00,
7.7371804634e+00,
7.7371806932e+00,
7.7371853796e+00,
7.7372171301e+00,
7.7373338481e+00,
7.7376449715e+00,
7.7383258371e+00,
7.7396296985e+00,
7.7418968820e+00,
7.7455606019e+00,
7.7511490081e+00,
7.7592830925e+00,
7.7706701713e+00,
7.7860927658e+00,
7.8063928577e+00,
7.8324516798e+00,
7.8651654297e+00,
7.9054175485e+00,
7.9540484669e+00,
8.0118239725e+00,
8.0794035539e+00,
8.1573102063e+00,
8.2459032213e+00,
8.3453554125e+00,
8.4556360703e+00,
8.5765007027e+00,
8.7074883364e+00,
8.8479268384e+00,
8.9969463730e+00,
9.1535007145e+00,
9.3163956890e+00,
9.4843235155e+00,
9.6559013136e+00,
9.8297116173e+00,
1.0004342485e+01,
1.0178424803e+01,
1.0350664669e+01,
1.0519869307e+01,
1.0684965685e+01,
1.0845011766e+01,
1.0999201023e+01,
1.1146861346e+01,
1.1287449749e+01,
1.1420544328e+01,
1.1545834798e+01,
1.1663112623e+01,
1.1772261508e+01,
1.1873248628e+01,
1.1966116770e+01,
1.2050977329e+01,
1.2128004012e+01,
1.2197427016e+01,
1.2259527476e+01,
1.2314631983e+01,
1.2363107008e+01,
1.2405353148e+01,
1.2441799102e+01,
1.2472895384e+01,
1.2499107774e+01,
1.2520910557e+01,
1.2538779636e+01,
1.2553185623e+01,
1.2564587044e+01,
1.2573423820e+01,
1.2580111195e+01,
1.2585034297e+01,
1.2588543516e+01,
1.2590950872e+01,
1.2592527528e+01,
1.2593502565e+01,
1.2594063093e+01,
1.2594355733e+01,
1.2594489441e+01,
1.2594539599e+01,
1.2594553243e+01,
1.2594555257e+01,
1.2594555436e+01,
1.2594558964e+01,
1.2594582867e+01,
1.2594670734e+01,
1.2594904952e+01,
1.2595417513e+01,
1.2596399059e+01,
1.2598105753e+01,
1.2600863627e+01,
1.2605070061e+01,
1.2611192102e+01,
1.2619761403e+01,
1.2631365631e+01,
1.2646636335e+01,
1.2666233388e+01,
1.2690826352e+01,
1.2721073267e+01,
1.2757597636e+01,
1.2800964540e+01,
1.2851657003e+01,
1.2910053754e+01,
1.2976409566e+01,
1.3050839157e+01,
1.3133305458e+01,
1.3223612755e+01,
1.3321404936e+01,
1.3426168914e+01,
1.3537243233e+01,
1.3653831920e+01,
1.3775023789e+01,
1.3899817377e+01,
1.4027151377e+01,
1.4155939574e+01,
1.4285108089e+01,
1.4413631409e+01,
1.4540563040e+01,
1.4665057065e+01,
1.4786378693e+01,
1.4903904320e+01,
1.5017113815e+01,
1.5125578800e+01,
1.5228950451e+01,
1.5326949229e+01,
1.5419357520e+01,
1.5506015088e+01,
1.5586816566e+01,
1.5661710054e+01,
1.5730695993e+01,
1.5793825740e+01,
1.5851199521e+01,
1.5902963650e+01,
1.5949307040e+01,
1.5990457109e+01,
1.6026675204e+01,
1.6058251668e+01,
1.6085500642e+01,
1.6108754704e+01,
1.6128359394e+01,
1.6144667692e+01,
1.6158034510e+01,
1.6168811267e+01,
1.6177340628e+01,
1.6183951508e+01,
1.6188954456e+01,
1.6192637545e+01,
1.6195262886e+01,
1.6197063899e+01,
1.6198243443e+01,
1.6198972898e+01,
1.6199392246e+01,
1.6199611179e+01,
1.6199711210e+01,
1.6199748735e+01,
1.6199758943e+01,
1.6199760449e+01,
1.6199760583e+01,
1.6199763195e+01,
1.6199780891e+01,
1.6199845945e+01,
1.6200019353e+01,
1.6200398840e+01,
1.6201125549e+01,
1.6202389144e+01,
1.6204431018e+01,
1.6207545403e+01,
1.6212078129e+01,
1.6218422887e+01,
1.6227014869e+01,
1.6238321764e+01,
1.6252832186e+01,
1.6271041732e+01,
1.6293437019e+01,
1.6320478194e+01,
1.6352580565e+01,
1.6390096116e+01,
1.6433295785e+01,
1.6482353411e+01,
1.6537332282e+01,
1.6598175136e+01,
1.6664698383e+01,
1.6736591146e+01,
1.6813419486e+01,
1.6894635949e+01,
1.6979594171e+01,
1.7067567992e+01,
1.7157774092e+01,
1.7249396865e+01,
1.7341614020e+01,
1.7433621304e+01,
1.7524654860e+01,
1.7614009982e+01,
1.7701055446e+01,
1.7785243044e+01,
1.7866112420e+01,
1.7943291656e+01,
1.8016494384e+01,
1.8085514264e+01,
1.8150217751e+01,
1.8210535945e+01,
1.8266456201e+01,
1.8318013998e+01,
1.8365285407e+01,
1.8408380325e+01,
1.8447436568e+01,
1.8482614779e+01,
1.8514094095e+01,
1.8542068470e+01,
1.8566743517e+01,
1.8588333773e+01,
1.8607060251e+01,
1.8623148205e+01,
1.8636824997e+01,
1.8648318021e+01,
1.8657852618e+01,
1.8665649980e+01,
1.8671925016e+01,
1.8676884226e+01,
1.8680723596e+01,
1.8683626597e+01,
1.8685762344e+01,
1.8687284002e+01,
1.8688327529e+01,
1.8689010818e+01,
1.8689433317e+01,
1.8689676182e+01,
1.8689802971e+01,
1.8689860899e+01,
1.8689882630e+01,
1.8689888541e+01,
1.8689889414e+01,
1.8689889492e+01,
1.8689891042e+01,
1.8689901539e+01,
1.8689940130e+01,
1.8690042996e+01,
1.8690268096e+01,
1.8690699123e+01,
1.8691448466e+01,
1.8692659029e+01,
1.8694504688e+01,
1.8697189246e+01,
1.8700943735e+01,
1.8706021946e+01,
1.8712694178e+01,
1.8721239230e+01,
1.8731934809e+01,
1.8745046668e+01,
1.8760816905e+01,
1.8779452010e+01,
1.8801111359e+01,
1.8825896903e+01,
1.8853844789e+01,
1.8884919585e+01,
1.8919011573e+01,
1.8955937381e+01,
1.8995443952e+01,
1.9037215571e+01,
1.9080883498e+01,
1.9126037592e+01,
1.9172239267e+01,
1.9219035136e+01,
1.9265970780e+01,
1.9312604106e+01,
1.9358517829e+01,
1.9403330578e+01,
1.9446706118e+01,
1.9488360206e+01,
1.9528064653e+01,
1.9565648389e+01,
1.9600995604e+01,
1.9634041338e+01,
1.9664765182e+01,
1.9693183890e+01,
1.9719343707e+01,
1.9743313096e+01,
1.9765176345e+01,
1.9785028304e+01,
1.9802970317e+01,
1.9819107246e+01,
1.9833545430e+01,
1.9846391369e+01,
1.9857750923e+01,
1.9867728872e+01,
1.9876428659e+01,
1.9883952233e+01,
1.9890399906e+01,
1.9895870154e+01,
1.9900459358e+01,
1.9904261439e+01,
1.9907367408e+01,
1.9909864836e+01,
1.9911837245e+01,
1.9913363470e+01,
1.9914517017e+01,
1.9915365437e+01,
1.9915969785e+01,
1.9916384176e+01,
1.9916655487e+01,
1.9916823237e+01,
1.9916919661e+01,
1.9916969998e+01,
1.9916992997e+01,
1.9917001624e+01,
1.9917003971e+01,
1.9917004318e+01,
1.9917004350e+01,
1.9917004991e+01,
1.9917009333e+01,
1.9917025297e+01,
1.9917067849e+01,
1.9917160964e+01,
1.9917339252e+01,
1.9917649182e+01,
1.9918149800e+01,
1.9918912885e+01,
1.9920022446e+01,
1.9921573499e+01,
1.9923670082e+01,
1.9926422485e+01,
1.9929943746e+01,
1.9934345484e+01,
1.9939733268e+01,
1.9946201740e+01,
1.9953829814e+01,
1.9962676295e+01,
1.9972776269e+01,
1.9984138582e+01,
1.9996744614e+01,
2.0010548462e+01,
2.0025478460e+01,
2.0041439859e+01,
2.0058318370e+01,
2.0075984243e+01,
2.0094296547e+01,
2.0113107380e+01,
2.0132265835e+01,
2.0151621582e+01,
2.0171028034e+01,
2.0190345059e+01,
2.0209441230e+01,
2.0228195607e+01,
2.0246499047e+01,
2.0264255048e+01,
2.0281380146e+01,
2.0297803927e+01,
2.0313468700e+01,
2.0328328932e+01,
2.0342350503e+01,
2.0355509867e+01,
2.0367793187e+01,
2.0379195475e+01,
2.0389719770e+01,
2.0399376385e+01,
2.0408182194e+01,
2.0416159984e+01,
2.0423337842e+01,
2.0429748572e+01,
2.0435429130e+01,
2.0440420053e+01,
2.0444764897e+01,
2.0448509646e+01,
2.0451702110e+01,
2.0454391302e+01,
2.0456626798e+01,
2.0458458078e+01,
2.0459933870e+01,
2.0461101499e+01,
2.0462006259e+01,
2.0462690821e+01,
2.0463194711e+01,
2.0463553849e+01,
2.0463800204e+01,
2.0463961542e+01,
2.0464061314e+01,
2.0464118669e+01,
2.0464148613e+01,
2.0464162295e+01,
2.0464167427e+01,
2.0464168823e+01,
2.0464169029e+01,
2.0464169049e+01,
2.0464169450e+01,
2.0464172168e+01,
2.0464182159e+01,
2.0464208792e+01,
2.0464267075e+01,
2.0464378681e+01,
2.0464572727e+01,
2.0464886254e+01,
2.0465364379e+01,
2.0466060068e+01,
2.0467033508e+01,
2.0468351061e+01,
2.0470083781e+01,
2.0472305529e+01,
2.0475090712e+01,
2.0478511721e+01,
2.0482636173e+01,
2.0487524085e+01,
2.0493225130e+01,
2.0499776132e+01,
2.0507198974e+01,
2.0515499035e+01,
2.0524664270e+01,
2.0534664977e+01,
2.0545454249e+01,
2.0556969071e+01,
2.0569131954e+01,
2.0581853004e+01,
2.0595032305e+01,
2.0608562502e+01,
2.0622331480e+01,
2.0636225062e+01,
2.0650129661e+01,
2.0663934799e+01,
2.0677535452e+01,
2.0690834135e+01,
2.0703742656e+01,
2.0716183503e+01,
2.0728090790e+01,
2.0739410771e+01,
2.0750101915e+01,
2.0760134588e+01,
2.0769490400e+01,
2.0778161287e+01,
2.0786148416e+01,
2.0793460998e+01,
2.0800115065e+01,
2.0806132289e+01,
2.0811538873e+01,
2.0816364558e+01,
2.0820641741e+01,
2.0824404725e+01,
2.0827689086e+01,
2.0830531140e+01,
2.0832967498e+01,
2.0835034690e+01,
2.0836768835e+01,
2.0838205343e+01,
2.0839378633e+01,
2.0840321864e+01,
2.0841066671e+01,
2.0841642902e+01,
2.0842078369e+01,
2.0842398616e+01,
2.0842626717e+01,
2.0842783113e+01,
2.0842885505e+01,
2.0842948812e+01,
2.0842985201e+01,
2.0843004197e+01,
2.0843012876e+01,
2.0843016132e+01,
2.0843017017e+01,
2.0843017148e+01,
2.0843017161e+01,
2.0843017430e+01,
2.0843019255e+01,
2.0843025964e+01,
2.0843043845e+01,
2.0843082973e+01,
2.0843157888e+01,
2.0843288106e+01,
2.0843498410e+01,
2.0843818899e+01,
2.0844284738e+01,
2.0844935600e+01,
2.0845814745e+01,
2.0846967748e+01,
2.0848440860e+01,
2.0850279049e+01,
2.0852523767e+01,
2.0855210557e+01,
2.0858366614e+01,
2.0862008473e+01,
2.0866140006e+01,
2.0870750902e+01,
2.0875815830e+01,
2.0881294402e+01,
2.0887132024e+01,
2.0893261658e+01,
2.0899606392e+01,
2.0906082675e+01,
2.0912603978e+01,
2.0919084586e+01,
2.0925443230e+01,
2.0931606283e+01,
2.0937510281e+01,
2.0943103644e+01,
2.0948347525e+01,
2.0953215838e+01,
2.0957694576e+01,
2.0961780564e+01,
2.0965479854e+01,
2.0968805922e+01,
2.0971777845e+01,
2.0974418578e+01,
2.0976753417e+01,
2.0978808701e+01,
2.0980610782e+01,
2.0982185240e+01,
2.0983556330e+01,
2.0984746632e+01,
2.0985776855e+01,
2.0986665776e+01,
2.0987430264e+01,
2.0988085373e+01,
2.0988644475e+01,
2.0989119416e+01,
2.0989520679e+01,
2.0989857548e+01,
2.0990138262e+01,
2.0990370154e+01,
2.0990559775e+01,
2.0990712996e+01,
2.0990835100e+01,
2.0990930843e+01,
2.0991004508e+01,
2.0991059943e+01,
2.0991100581e+01,
2.0991129460e+01,
2.0991149228e+01,
2.0991162156e+01,
2.0991170144e+01,
2.0991174733e+01,
2.0991177129e+01,
2.0991178223e+01,
2.0991178633e+01,
2.0991178745e+01,
2.0991178761e+01,
2.0991178763e+01,
2.0991178799e+01,
2.0991179044e+01,
2.0991179942e+01,
2.0991182337e+01,
2.0991187577e+01,
2.0991197604e+01,
2.0991215015e+01,
2.0991243090e+01,
2.0991285768e+01,
2.0991347575e+01,
2.0991433477e+01,
2.0991548676e+01,
2.0991698312e+01,
2.0991887114e+01,
2.0992118987e+01,
2.0992396582e+01,
2.0992720885e+01,
2.0993090871e+01,
2.0993503290e+01,
2.0993952615e+01,
2.0994431204e+01,
2.0994929672e+01,
2.0995437447e+01,
2.0995943471e+01,
2.0996436948e+01,
2.0996908066e+01,
2.0997348595e+01,
2.0997752307e+01,
2.0998115172e+01,
2.0998435346e+01,
2.0998712966e+01,
2.0998949810e+01,
2.0999148877e+01,
2.0999313961e+01,
2.0999449240e+01,
2.0999558950e+01,
2.0999647138e+01,
2.0999717511e+01,
2.0999773351e+01,
2.0999817489e+01,
2.0999852305e+01,
2.0999879752e+01,
2.0999901405e+01,
2.0999918515e+01,
2.0999932080e+01,
2.0999942895e+01,
2.0999951593e+01,
2.0999958668e+01,
2.0999964498e+01,
2.0999969365e+01,
2.0999973480e+01,
2.0999977001e+01,
2.0999980055e+01,
2.0999982739e+01,
2.0999985126e+01,
2.0999987267e+01,
2.0999989194e+01,
2.0999990926e+01,
2.0999992474e+01,
2.0999993844e+01,
2.0999995044e+01,
2.0999996080e+01,
2.0999996963e+01,
2.0999997703e+01,
2.0999998311e+01,
2.0999998800e+01,
2.0999999183e+01,
2.0999999472e+01,
2.1000000000e+01,
2.1000000000e+01,
2.1000000000e+01,
2.1000000000e+01,
2.1000000000e+01,
2.1000000000e+01,
