0.0000000000e+00,
1.0780600235e-07,
3.4413801018e-06,
2.6026886097e-05,
1.0905435340e-04,
3.3038092000e-04,
8.1477823790e-04,
1.7425702079e-03,
3.3563621033e-03,
5.9656279128e-03,
9.9489957437e-03,
1.5754146256e-02,
2.3895309946e-02,
3.4948408537e-02,
4.9543927011e-02,
6.8357621239e-02,
9.2099161080e-02,
1.2149878586e-01,
1.5729202134e-01,
2.0020249498e-01,
2.5092291364e-01,
3.1009435949e-01,
3.7828422916e-01,
4.5596338731e-01,
5.4348340422e-01,
6.4105504895e-01,
7.4872945048e-01,
8.6638344883e-01,
9.9371058038e-01,
1.1302188499e+00,
1.2752359542e+00,
1.4279219964e+00,
1.5872890651e+00,
1.7522264461e+00,
1.9215297912e+00,
2.0939323475e+00,
2.2681363647e+00,
2.4428430319e+00,
2.6167796734e+00,
2.7887233845e+00,
2.9575207328e+00,
3.1221035230e+00,
3.2815008936e+00,
3.4348481653e+00,
3.5813929141e+00,
3.7204987138e+00,
3.8516469208e+00,
3.9744367838e+00,
4.0885840747e+00,
4.1939183658e+00,
4.2903790340e+00,
4.3780100464e+00,
4.4569535778e+00,
4.5274425154e+00,
4.5897919260e+00,
4.6443895798e+00,
4.6916856517e+00,
4.7321817434e+00,
4.7664193964e+00,
4.7949682914e+00,
4.8184143488e+00,
4.8373479670e+00,
4.8523526497e+00,
4.8639942814e+00,
4.8728113101e+00,
4.8793060900e+00,
4.8839376155e+00,
4.8871158491e+00,
4.8891978040e+00,
4.8904854965e+00,
4.8912258215e+00,
4.8916123465e+00,
4.8917889550e+00,
4.8918552072e+00,
4.8918732294e+00,
4.8918758895e+00,
4.8918762536e+00,
4.8918848530e+00,
4.8919431148e+00,
4.8921572904e+00,
4.8927281975e+00,
4.8939775798e+00,
4.8963701667e+00,
4.9005304901e+00,
4.9072535914e+00,
4.9175088418e+00,
4.9324362142e+00,
4.9533345026e+00,
4.9816411945e+00,
5.0189039840e+00,
5.0667442610e+00,
5.1268133356e+00,
5.2007426208e+00,
5.2900894731e+00,
5.3962808183e+00,
5.5205570079e+00,
5.6639185026e+00,
5.8270779403e+00,
6.0104199357e+00,
6.2139706796e+00,
6.4373791648e+00,
6.6799117652e+00,
6.9404618348e+00,
7.2175756568e+00,
7.5094949204e+00,
7.8142135813e+00,
8.1295438226e+00,
8.4531832354e+00,
8.7827750611e+00,
9.1159561995e+00,
9.4503925263e+00,
9.7838053242e+00,
1.0113994243e+01,
1.0438860934e+01,
1.0756434750e+01,
1.1064899315e+01,
1.1362617422e+01,
1.1648151615e+01,
1.1920278621e+01,
1.2177996897e+01,
1.2420527550e+01,
1.2647309598e+01,
1.2857990836e+01,
1.3052415639e+01,
1.3230610826e+01,
1.3392770481e+01,
1.3539240316e+01,
1.3670501910e+01,
1.3787156981e+01,
1.3889911714e+01,
1.3979561064e+01,
1.4056972997e+01,
1.4123072592e+01,
1.4178825994e+01,
1.4225224276e+01,
1.4263267306e+01,
1.4293947833e+01,
1.4318236013e+01,
1.4337064710e+01,
1.4351315896e+01,
1.4361808553e+01,
1.4369288425e+01,
1.4374419993e+01,
1.4377780960e+01,
1.4379859505e+01,
1.4381054434e+01,
1.4381678287e+01,
1.4381963329e+01,
1.4382070257e+01,
1.4382099345e+01,
1.4382103638e+01,
1.4382104045e+01,
1.4382112354e+01,
1.4382168648e+01,
1.4382375588e+01,
1.4382927205e+01,
1.4384134363e+01,
1.4386446051e+01,
1.4390465582e+01,
1.4396960833e+01,
1.4406867742e+01,
1.4421286378e+01,
1.4441469044e+01,
1.4468800085e+01,
1.4504767337e+01,
1.4550925521e+01,
1.4608852320e+01,
1.4680098386e+01,
1.4766133058e+01,
1.4868288083e+01,
1.4987702098e+01,
1.5125268878e+01,
1.5281592420e+01,
1.5456951687e+01,
1.5651277249e+01,
1.5864141205e+01,
1.6094760680e+01,
1.6342014080e+01,
1.6604468326e+01,
1.6880414686e+01,
1.7167910792e+01,
1.7464826819e+01,
1.7768894638e+01,
1.8077759403e+01,
1.8389033365e+01,
1.8700351117e+01,
1.9009424326e+01,
1.9314092593e+01,
1.9612366383e+01,
1.9902458478e+01,
2.0182802299e+01,
2.0452057890e+01,
2.0709108371e+01,
2.0953050549e+01,
2.1183182981e+01,
2.1398993691e+01,
2.1600148481e+01,
2.1786479918e+01,
2.1957976568e+01,
2.2114772043e+01,
2.2257133533e+01,
2.2385449693e+01,
2.2500217948e+01,
2.2602031331e+01,
2.2691565047e+01,
2.2769562897e+01,
2.2836823673e+01,
2.2894187591e+01,
2.2942522826e+01,
2.2982712160e+01,
2.3015639826e+01,
2.3042178644e+01,
2.3063177584e+01,
2.3079449966e+01,
2.3091762552e+01,
2.3100825802e+01,
2.3107285613e+01,
2.3111716844e+01,
2.3114618888e+01,
2.3116413527e+01,
2.3117445210e+01,
2.3117983825e+01,
2.3118229920e+01,
2.3118322237e+01,
2.3118347350e+01,
2.3118351057e+01,
2.3118351386e+01,
2.3118357880e+01,
2.3118401873e+01,
2.3118563594e+01,
2.3118994677e+01,
2.3119938050e+01,
2.3121744564e+01,
2.3124885613e+01,
2.3129961056e+01,
2.3137701801e+01,
2.3148966480e+01,
2.3164731748e+01,
2.3186075895e+01,
2.3214155665e+01,
2.3250176453e+01,
2.3295356373e+01,
2.3350885091e+01,
2.3417878728e+01,
2.3497332527e+01,
2.3590073380e+01,
2.3696714556e+01,
2.3817615152e+01,
2.3952846807e+01,
2.4102170056e+01,
2.4265022386e+01,
2.4440519580e+01,
2.4627471235e+01,
2.4824410527e+01,
2.5029637301e+01,
2.5241272495e+01,
2.5457320899e+01,
2.5675738365e+01,
2.5894499100e+01,
2.6111658621e+01,
2.6325408427e+01,
2.6534119369e+01,
2.6736371972e+01,
2.6930973315e+01,
2.7116961343e+01,
2.7293598467e+01,
2.7460356915e+01,
2.7616898512e+01,
2.7763051429e+01,
2.7898786077e+01,
2.8024191806e+01,
2.8139455541e+01,
2.8244842975e+01,
2.8340682565e+01,
2.8427352237e+01,
2.8505268571e+01,
2.8574878066e+01,
2.8636650113e+01,
2.8691071248e+01,
2.8738640341e+01,
2.8779864392e+01,
2.8815254667e+01,
2.8845322974e+01,
2.8870577913e+01,
2.8891521011e+01,
2.8908642683e+01,
2.8922418048e+01,
2.8933302623e+01,
2.8941728032e+01,
2.8948097844e+01,
2.8952783720e+01,
2.8956122061e+01,
2.8958411336e+01,
2.8959910279e+01,
2.8960837106e+01,
2.8961369868e+01,
2.8961647996e+01,
2.8961775071e+01,
2.8961822740e+01,
2.8961835707e+01,
2.8961837621e+01,
2.8961837790e+01,
2.8961841108e+01,
2.8961863589e+01,
2.8961946228e+01,
2.8962166507e+01,
2.8962648541e+01,
2.8963571542e+01,
2.8965176174e+01,
2.8967768412e+01,
2.8971720511e+01,
2.8977468730e+01,
2.8985507482e+01,
2.8996379708e+01,
2.9010663382e+01,
2.9028954277e+01,
2.9051845375e+01,
2.9079903595e+01,
2.9113644861e+01,
2.9153508795e+01,
2.9199834592e+01,
2.9252839714e+01,
2.9312603001e+01,
2.9379053568e+01,
2.9451966434e+01,
2.9530965296e+01,
2.9615532265e+01,
2.9705023809e+01,
2.9798691726e+01,
2.9895707723e+01,
2.9995190090e+01,
3.0096231098e+01,
3.0197923884e+01,
3.0299387785e+01,
3.0399791148e+01,
3.0498370727e+01,
3.0594446835e+01,
3.0687433572e+01,
3.0776843800e+01,
3.0862289017e+01,
3.0943474794e+01,
3.1020192875e+01,
3.1092311269e+01,
3.1159763602e+01,
3.1222538786e+01,
3.1280671687e+01,
3.1334235142e+01,
3.1383333381e+01,
3.1428096713e+01,
3.1468677279e+01,
3.1505245607e+01,
3.1537987758e+01,
3.1567102875e+01,
3.1592800987e+01,
3.1615300962e+01,
3.1634828519e+01,
3.1651614246e+01,
3.1665891579e+01,
3.1677894707e+01,
3.1687856398e+01,
3.1696005745e+01,
3.1702565856e+01,
3.1707751524e+01,
3.1711766930e+01,
3.1714803451e+01,
3.1717037659e+01,
3.1718629590e+01,
3.1719721366e+01,
3.1720436273e+01,
3.1720878333e+01,
3.1721132446e+01,
3.1721265107e+01,
3.1721325720e+01,
3.1721348457e+01,
3.1721354642e+01,
3.1721355555e+01,
3.1721355637e+01,
3.1721357258e+01,
3.1721368243e+01,
3.1721408621e+01,
3.1721516253e+01,
3.1721751784e+01,
3.1722202790e+01,
3.1722986888e+01,
3.1724253648e+01,
3.1726185110e+01,
3.1728994741e+01,
3.1732924686e+01,
3.1738241222e+01,
3.1745228369e+01,
3.1754179726e+01,
3.1765388699e+01,
3.1779137437e+01,
3.1795684915e+01,
3.1815254761e+01,
3.1838023494e+01,
3.1864109927e+01,
3.1893566438e+01,
3.1926372755e+01,
3.1962432726e+01,
3.2001574355e+01,
3.2043553145e+01,
3.2088058590e+01,
3.2134723438e+01,
3.2183135199e+01,
3.2232849277e+01,
3.2283403000e+01,
3.2334329828e+01,
3.2385172997e+01,
3.2435497934e+01,
3.2484902859e+01,
3.2533027173e+01,
3.2579557356e+01,
3.2624230349e+01,
3.2666834552e+01,
3.2707208710e+01,
3.2745239113e+01,
3.2780855535e+01,
3.2814026381e+01,
3.2844753465e+01,
3.2873066752e+01,
3.2899019353e+01,
3.2922682950e+01,
3.2944143755e+01,
3.2963499065e+01,
3.2980854381e+01,
3.2996321066e+01,
3.3010014468e+01,
3.3022052423e+01,
3.3032554074e+01,
3.3041638895e+01,
3.3049425877e+01,
3.3056032798e+01,
3.3061575530e+01,
3.3066167335e+01,
3.3069918150e+01,
3.3072933827e+01,
3.3075315343e+01,
3.3077157999e+01,
3.3078550625e+01,
3.3079574836e+01,
3.3080304378e+01,
3.3080804598e+01,
3.3081132098e+01,
3.3081334587e+01,
3.3081450978e+01,
3.3081511739e+01,
3.3081539500e+01,
3.3081549914e+01,
3.3081552747e+01,
3.3081553165e+01,
3.3081553204e+01,
3.3081553977e+01,
3.3081559219e+01,
3.3081578489e+01,
3.3081629852e+01,
3.3081742247e+01,
3.3081957451e+01,
3.3082331547e+01,
3.3082935797e+01,
3.3083856816e+01,
3.3085195943e+01,
3.3087067751e+01,
3.3089597597e+01,
3.3092918214e+01,
3.3097165359e+01,
3.3102472632e+01,
3.3108965626e+01,
3.3116755715e+01,
3.3125933808e+01,
3.3136564527e+01,
3.3148681247e+01,
3.3162282454e+01,
3.3177329800e+01,
3.3193748099e+01,
3.3211427351e+01,
3.3230226692e+01,
3.3249979960e+01,
3.3270502424e+01,
3.3291598124e+01,
3.3313067223e+01,
3.3334712837e+01,
3.3356346922e+01,
3.3377794908e+01,
3.3398898997e+01,
3.3419520128e+01,
3.3439538782e+01,
3.3458854828e+01,
3.3477386682e+01,
3.3495070009e+01,
3.3511856187e+01,
3.3527710687e+01,
3.3542611487e+01,
3.3556547578e+01,
3.3569517614e+01,
3.3581528685e+01,
3.3592595238e+01,
3.3602738105e+01,
3.3611983650e+01,
3.3620362997e+01,
3.3627911336e+01,
3.3634667300e+01,
3.3640672397e+01,
3.3645970484e+01,
3.3650607278e+01,
3.3654629896e+01,
3.3658086402e+01,
3.3661025371e+01,
3.3663495440e+01,
3.3665544864e+01,
3.3667221050e+01,
3.3668570099e+01,
3.3669636336e+01,
3.3670461851e+01,
3.3671086060e+01,
3.3671545306e+01,
3.3671872513e+01,
3.3672096910e+01,
3.3672243843e+01,
3.3672334698e+01,
3.3672386924e+01,
3.3672414189e+01,
3.3672426646e+01,
3.3672431319e+01,
3.3672432590e+01,
3.3672432778e+01,
3.3672432796e+01,
3.3672433161e+01,
3.3672435636e+01,
3.3672444733e+01,
3.3672468982e+01,
3.3672522046e+01,
3.3672623651e+01,
3.3672800288e+01,
3.3673085629e+01,
3.3673520632e+01,
3.3674153276e+01,
3.3675037904e+01,
3.3676234137e+01,
3.3677805355e+01,
3.3679816754e+01,
3.3682333028e+01,
3.3685415735e+01,
3.3689120472e+01,
3.3693494004e+01,
3.3698571502e+01,
3.3704374091e+01,
3.3710906883e+01,
3.3718157646e+01,
3.3726096251e+01,
3.3734674930e+01,
3.3743829381e+01,
3.3753480647e+01,
3.3763537667e+01,
3.3773900340e+01,
3.3784462925e+01,
3.3795117580e+01,
3.3805757838e+01,
3.3816281847e+01,
3.3826595204e+01,
3.3836613276e+01,
3.3846262900e+01,
3.3855483458e+01,
3.3864227310e+01,
3.3872459656e+01,
3.3880157896e+01,
3.3887310605e+01,
3.3893916234e+01,
3.3899981656e+01,
3.3905520653e+01,
3.3910552442e+01,
3.3915100302e+01,
3.3919190341e+01,
3.3922850447e+01,
3.3926109411e+01,
3.3928996238e+01,
3.3931539615e+01,
3.3933767532e+01,
3.3935707023e+01,
3.3937384009e+01,
3.3938823208e+01,
3.3940048113e+01,
3.3941080987e+01,
3.3941942889e+01,
3.3942653699e+01,
3.3943232134e+01,
3.3943695759e+01,
3.3944060975e+01,
3.3944342999e+01,
3.3944555821e+01,
3.3944712164e+01,
3.3944823433e+01,
3.3944899683e+01,
3.3944949584e+01,
3.3944980430e+01,
3.3944998158e+01,
3.3945007411e+01,
3.3945011639e+01,
3.3945013225e+01,
3.3945013656e+01,
3.3945013720e+01,
3.3945013726e+01,
3.3945013858e+01,
3.3945014746e+01,
3.3945018014e+01,
3.3945026724e+01,
3.3945045780e+01,
3.3945082261e+01,
3.3945145653e+01,
3.3945247982e+01,
3.3945403805e+01,
3.3945630041e+01,
3.3945945623e+01,
3.3946370949e+01,
3.3946927116e+01,
3.3947634967e+01,
3.3948513943e+01,
3.3949580817e+01,
3.3950848376e+01,
3.3952324147e+01,
3.3954009286e+01,
3.3955897759e+01,
3.3957975923e+01,
3.3960222592e+01,
3.3962609645e+01,
3.3965103157e+01,
3.3967664980e+01,
3.3970254660e+01,
3.3972831502e+01,
3.3975356619e+01,
3.3977794764e+01,
3.3980115791e+01,
3.3982295666e+01,
3.3984316956e+01,
3.3986168835e+01,
3.3987846663e+01,
3.3989351249e+01,
3.3990687901e+01,
3.3991865391e+01,
3.3992894926e+01,
3.3993789204e+01,
3.3994561604e+01,
3.3995225536e+01,
3.3995793943e+01,
3.3996278967e+01,
3.3996691739e+01,
3.3997042270e+01,
3.3997339429e+01,
3.3997590976e+01,
3.3997803634e+01,
3.3997983177e+01,
3.3998134538e+01,
3.3998261909e+01,
3.3998368850e+01,
3.3998458375e+01,
3.3998533040e+01,
3.3998595018e+01,
3.3998646163e+01,
3.3998688062e+01,
3.3998722083e+01,
3.3998749415e+01,
3.3998771092e+01,
3.3998788025e+01,
3.3998801015e+01,
3.3998810768e+01,
3.3998817905e+01,
3.3998822970e+01,
3.3998826435e+01,
3.3998828699e+01,
3.3998830098e+01,
3.3998830901e+01,
3.3998831320e+01,
3.3998831512e+01,
3.3998831584e+01,
3.3998831603e+01,
3.3998831606e+01,
3.3998831606e+01,
3.3998831613e+01,
3.3998831656e+01,
3.3998831813e+01,
3.3998832232e+01,
3.3998833149e+01,
3.3998834902e+01,
3.3998837946e+01,
3.3998842851e+01,
3.3998850296e+01,
3.3998861058e+01,
3.3998875974e+01,
3.3998895903e+01,
3.3998921659e+01,
3.3998953946e+01,
3.3998993269e+01,
3.3999039862e+01,
3.3999093608e+01,
3.3999153996e+01,
3.3999220100e+01,
3.3999290606e+01,
3.3999363883e+01,
3.3999438092e+01,
3.3999511324e+01,
3.3999581756e+01,
3.3999647788e+01,
3.3999708154e+01,
3.3999761998e+01,
3.3999808886e+01,
3.3999848784e+01,
3.3999881996e+01,
3.3999909074e+01,
3.3999930726e+01,
3.3999947735e+01,
3.3999960884e+01,
3.3999970905e+01,
3.3999978453e+01,
3.3999984080e+01,
3.3999988243e+01,
3.3999991302e+01,
3.3999993542e+01,
3.3999995181e+01,
3.3999996384e+01,
3.3999997274e+01,
3.3999997946e+01,
3.3999998466e+01,
3.3999998889e+01,
3.3999999254e+01,
3.3999999592e+01,
3.4000000000e+01,
3.4000000000e+01,
3.3999999621e+01,
3.4000000000e+01,
3.4000000000e+01,
3.4000000000e+01,
3.4000000000e+01,
3.4000000000e+01,
3.4000000000e+01,
3.4000000000e+01,
3.4000000000e+01,
3.4000000000e+01,
3.4000000000e+01,
3.4000000000e+01,
3.4000000000e+01,
3.4000000000e+01,
3.4000000000e+01,
3.4000000000e+01,
3.4000000000e+01,
3.4000000000e+01,
3.4000000000e+01,
3.4000000000e+01,
3.4000000000e+01,
3.4000000000e+01,
3.4000000000e+01,
3.4000000000e+01,
