0.0000000000e+00,
5.5019199863e-07,
1.7563236000e-05,
1.3282946500e-04,
5.5656563600e-04,
1.6861315420e-03,
4.1583659930e-03,
8.8937827670e-03,
1.7131181990e-02,
3.0451599826e-02,
5.0790894457e-02,
8.0440578597e-02,
1.2203666519e-01,
1.7853619503e-01,
2.5318069699e-01,
3.4944511883e-01,
4.7096994228e-01,
6.2147364612e-01,
8.0464296651e-01,
1.0240001246e+00,
1.2827497245e+00,
1.5836131960e+00,
1.9286645021e+00,
2.3191856009e+00,
2.7555617464e+00,
3.2372334627e+00,
3.7627135771e+00,
4.3296656138e+00,
4.9350273894e+00,
5.5751548579e+00,
6.2459593995e+00,
6.9430180056e+00,
7.6616485856e+00,
8.3969578312e+00,
9.1438811985e+00,
9.8972382428e+00,
1.0651818685e+01,
1.1402497231e+01,
1.2144356900e+01,
1.2872793131e+01,
1.3583579823e+01,
1.4272897120e+01,
1.4937335449e+01,
1.5573893142e+01,
1.6179978243e+01,
1.6753416489e+01,
1.7292462011e+01,
1.7795805947e+01,
1.8262579284e+01,
1.8692348093e+01,
1.9085100860e+01,
1.9441228570e+01,
1.9761498593e+01,
2.0047023460e+01,
2.0299225513e+01,
2.0519798254e+01,
2.0710665075e+01,
2.0873935981e+01,
2.1011862909e+01,
2.1126794256e+01,
2.1221129306e+01,
2.1297273331e+01,
2.1357594208e+01,
2.1404381482e+01,
2.1439808821e+01,
2.1465900834e+01,
2.1484505165e+01,
2.1497270682e+01,
2.1505632463e+01,
2.1510804047e+01,
2.1513777246e+01,
2.1515329540e+01,
2.1516038799e+01,
2.1516304867e+01,
2.1516377244e+01,
2.1516387927e+01,
2.1516389389e+01,
2.1516423924e+01,
2.1516657902e+01,
2.1517518025e+01,
2.1519810749e+01,
2.1524828084e+01,
2.1534435973e+01,
2.1551141339e+01,
2.1578134044e+01,
2.1619300321e+01,
2.1679204589e+01,
2.1763037164e+01,
2.1876526223e+01,
2.2025813640e+01,
2.2217295894e+01,
2.2457433320e+01,
2.2752533337e+01,
2.3108515821e+01,
2.3530671344e+01,
2.4023425071e+01,
2.4590120425e+01,
2.5232836531e+01,
2.5952251588e+01,
2.6747560458e+01,
2.7616449561e+01,
2.8555127111e+01,
2.9558404063e+01,
3.0619822357e+01,
3.1731830663e+01,
3.2886008558e+01,
3.4073331513e+01,
3.5284451840e+01,
3.6509957501e+01,
3.7740577392e+01,
3.8967329027e+01,
4.0181631688e+01,
4.1375413982e+01,
4.2541228659e+01,
4.3672366340e+01,
4.4762948947e+01,
4.5807986282e+01,
4.6803389762e+01,
4.7745948154e+01,
4.8633276745e+01,
4.9463752814e+01,
5.0236447859e+01,
5.0951062993e+01,
5.1607870048e+01,
5.2207658220e+01,
5.2751684791e+01,
5.3241628186e+01,
5.3679542030e+01,
5.4067809334e+01,
5.4409096437e+01,
5.4706306542e+01,
5.4962532831e+01,
5.5181011194e+01,
5.5365072614e+01,
5.5518095365e+01,
5.5643457288e+01,
5.5744488595e+01,
5.5824425858e+01,
5.5886368043e+01,
5.5933235635e+01,
5.5967734014e+01,
5.5992322317e+01,
5.6009188972e+01,
5.6020234992e+01,
5.6027065879e+01,
5.6030992739e+01,
5.6033042850e+01,
5.6033979548e+01,
5.6034330933e+01,
5.6034426518e+01,
5.6034440626e+01,
5.6034441966e+01,
5.6034469270e+01,
5.6034654259e+01,
5.6035334295e+01,
5.6037146977e+01,
5.6041113778e+01,
5.6048709864e+01,
5.6061916984e+01,
5.6083256392e+01,
5.6115798989e+01,
5.6163150155e+01,
5.6229407151e+01,
5.6319087687e+01,
5.6437029194e+01,
5.6588259659e+01,
5.6777842487e+01,
5.7010699780e+01,
5.7291420432e+01,
5.7624061464e+01,
5.8011952767e+01,
5.8457516616e+01,
5.8962113774e+01,
5.9525927308e+01,
6.0147893158e+01,
6.0825682910e+01,
6.1555739275e+01,
6.2333359583e+01,
6.3152818827e+01,
6.4007523230e+01,
6.4890188173e+01,
6.5793038530e+01,
6.6708031384e+01,
6.7627098043e+01,
6.8542394864e+01,
6.9446544121e+01,
7.0332841630e+01,
7.1195409735e+01,
7.2029282409e+01,
7.2830420893e+01,
7.3595669703e+01,
7.4322670790e+01,
7.5009756643e+01,
7.5655841251e+01,
7.6260322687e+01,
7.6823004580e+01,
7.7344037771e+01,
7.7823879190e+01,
7.8263262865e+01,
7.8663177716e+01,
7.9024847836e+01,
7.9349712472e+01,
7.9639404419e+01,
7.9895726581e+01,
8.0120627009e+01,
8.0316172897e+01,
8.0484523933e+01,
8.0627905246e+01,
8.0748580056e+01,
8.0848822110e+01,
8.0930888002e+01,
8.0996989577e+01,
8.1049266797e+01,
8.1089761557e+01,
8.1120393130e+01,
8.1142935985e+01,
8.1159000811e+01,
8.1170019565e+01,
8.1177235285e+01,
8.1181697310e+01,
8.1184262319e+01,
8.1185601424e+01,
8.1186213257e+01,
8.1186442775e+01,
8.1186505209e+01,
8.1186514424e+01,
8.1186515245e+01,
8.1186531388e+01,
8.1186640762e+01,
8.1187042828e+01,
8.1188114562e+01,
8.1190459890e+01,
8.1194950956e+01,
8.1202759338e+01,
8.1215375413e+01,
8.1234614169e+01,
8.1262605919e+01,
8.1301770645e+01,
8.1354775087e+01,
8.1424472315e+01,
8.1513824289e+01,
8.1625808989e+01,
8.1763314840e+01,
8.1929026502e+01,
8.2125307394e+01,
8.2354085467e+01,
8.2616749561e+01,
8.2914063930e+01,
8.3246107928e+01,
8.3612246123e+01,
8.4011131080e+01,
8.4440736963e+01,
8.4898417816e+01,
8.5380981457e+01,
8.5884769966e+01,
8.6405741259e+01,
8.6939551702e+01,
8.7481644348e+01,
8.8027348441e+01,
8.8571992772e+01,
8.9111029819e+01,
8.9640162103e+01,
9.0155459110e+01,
9.0653453356e+01,
9.1131207286e+01,
9.1586347332e+01,
9.2017066190e+01,
9.2422098126e+01,
9.2800674279e+01,
9.3152465528e+01,
9.3477519875e+01,
9.3776199883e+01,
9.4049124089e+01,
9.4297114710e+01,
9.4521152657e+01,
9.4722339928e+01,
9.4901868822e+01,
9.5060997078e+01,
9.5201027881e+01,
9.5323293698e+01,
9.5429142924e+01,
9.5519928472e+01,
9.5596997555e+01,
9.5661682058e+01,
9.5715289069e+01,
9.5759091282e+01,
9.5794317160e+01,
9.5822140881e+01,
9.5843672260e+01,
9.5859946937e+01,
9.5871917238e+01,
9.5880444169e+01,
9.5886291036e+01,
9.5890119156e+01,
9.5892486076e+01,
9.5893846605e+01,
9.5894556862e+01,
9.5894881369e+01,
9.5895003101e+01,
9.5895036215e+01,
9.5895041102e+01,
9.5895041535e+01,
9.5895050008e+01,
9.5895107415e+01,
9.5895318449e+01,
9.5895880964e+01,
9.5897111901e+01,
9.5899468854e+01,
9.5903566245e+01,
9.5910185042e+01,
9.5920274985e+01,
9.5934948350e+01,
9.5955464355e+01,
9.5983203621e+01,
9.6019632398e+01,
9.6066256849e+01,
9.6124568358e+01,
9.6195981664e+01,
9.6281768482e+01,
9.6382990165e+01,
9.6500433587e+01,
9.6634554863e+01,
9.6785435416e+01,
9.6952754408e+01,
9.7135780444e+01,
9.7333384025e+01,
9.7544070495e+01,
9.7766031462e+01,
9.7997211134e+01,
9.8235382835e+01,
9.8478230258e+01,
9.8723427883e+01,
9.8968715345e+01,
9.9211961414e+01,
9.9451214549e+01,
9.9684738542e+01,
9.9911033419e+01,
1.0012884310e+02,
1.0033715229e+02,
1.0053517539e+02,
1.0072234013e+02,
1.0089826803e+02,
1.0106275345e+02,
1.0121574230e+02,
1.0135731118e+02,
1.0148764748e+02,
1.0160703074e+02,
1.0171581571e+02,
1.0181441703e+02,
1.0190329588e+02,
1.0198294845e+02,
1.0205389616e+02,
1.0211667762e+02,
1.0217184198e+02,
1.0221994345e+02,
1.0226153679e+02,
1.0229717353e+02,
1.0232739847e+02,
1.0235274658e+02,
1.0237373979e+02,
1.0239088383e+02,
1.0240466487e+02,
1.0241554607e+02,
1.0242396406e+02,
1.0243032546e+02,
1.0243500361e+02,
1.0243833563e+02,
1.0244062019e+02,
1.0244211587e+02,
1.0244304062e+02,
1.0244357216e+02,
1.0244384964e+02,
1.0244397642e+02,
1.0244402398e+02,
1.0244403692e+02,
1.0244403883e+02,
1.0244403900e+02,
1.0244404239e+02,
1.0244406536e+02,
1.0244414982e+02,
1.0244437494e+02,
1.0244486755e+02,
1.0244581075e+02,
1.0244745037e+02,
1.0245009873e+02,
1.0245413546e+02,
1.0246000475e+02,
1.0246820879e+02,
1.0247929705e+02,
1.0249385130e+02,
1.0251246652e+02,
1.0253572800e+02,
1.0256418550e+02,
1.0259832562e+02,
1.0263854376e+02,
1.0268511776e+02,
1.0273818491e+02,
1.0279772448e+02,
1.0286354751e+02,
1.0293529496e+02,
1.0301244499e+02,
1.0309432916e+02,
1.0318015656e+02,
1.0326904414e+02,
1.0336005108e+02,
1.0345221469e+02,
1.0354458510e+02,
1.0363625683e+02,
1.0372639511e+02,
1.0381425609e+02,
1.0389920037e+02,
1.0398069998e+02,
1.0405833947e+02,
1.0413181212e+02,
1.0420091227e+02,
1.0426552511e+02,
1.0432561487e+02,
1.0438121244e+02,
1.0443240317e+02,
1.0447931534e+02,
1.0452210981e+02,
1.0456097103e+02,
1.0459609936e+02,
1.0462770492e+02,
1.0465600270e+02,
1.0468120884e+02,
1.0470353789e+02,
1.0472320097e+02,
1.0474040441e+02,
1.0475534906e+02,
1.0476822973e+02,
1.0477923496e+02,
1.0478854678e+02,
1.0479634052e+02,
1.0480278453e+02,
1.0480803984e+02,
1.0481225959e+02,
1.0481558848e+02,
1.0481816202e+02,
1.0482010581e+02,
1.0482153470e+02,
1.0482255214e+02,
1.0482324960e+02,
1.0482370616e+02,
1.0482398841e+02,
1.0482415064e+02,
1.0482423533e+02,
1.0482427402e+02,
1.0482428854e+02,
1.0482429249e+02,
1.0482429307e+02,
1.0482429312e+02,
1.0482429420e+02,
1.0482430151e+02,
1.0482432836e+02,
1.0482439995e+02,
1.0482455659e+02,
1.0482485650e+02,
1.0482537777e+02,
1.0482621959e+02,
1.0482750234e+02,
1.0482936658e+02,
1.0483197073e+02,
1.0483548733e+02,
1.0484009782e+02,
1.0484598593e+02,
1.0485332983e+02,
1.0486229336e+02,
1.0487301680e+02,
1.0488560775e+02,
1.0490013291e+02,
1.0491661140e+02,
1.0493501044e+02,
1.0495524380e+02,
1.0497717341e+02,
1.0500061410e+02,
1.0502534122e+02,
1.0505110037e+02,
1.0507761853e+02,
1.0510461564e+02,
1.0513181555e+02,
1.0515895568e+02,
1.0518579478e+02,
1.0521211842e+02,
1.0523774229e+02,
1.0526251331e+02,
1.0528630914e+02,
1.0530903627e+02,
1.0533062726e+02,
1.0535103760e+02,
1.0537024228e+02,
1.0538823261e+02,
1.0540501326e+02,
1.0542059961e+02,
1.0543501562e+02,
1.0544829197e+02,
1.0546046468e+02,
1.0547157388e+02,
1.0548166302e+02,
1.0549077813e+02,
1.0549896736e+02,
1.0550628051e+02,
1.0551276872e+02,
1.0551848421e+02,
1.0552347998e+02,
1.0552780955e+02,
1.0553152672e+02,
1.0553468520e+02,
1.0553733834e+02,
1.0553953872e+02,
1.0554133778e+02,
1.0554278534e+02,
1.0554392920e+02,
1.0554481469e+02,
1.0554548416e+02,
1.0554597667e+02,
1.0554632756e+02,
1.0554656819e+02,
1.0554672574e+02,
1.0554682316e+02,
1.0554687916e+02,
1.0554690840e+02,
1.0554692176e+02,
1.0554692677e+02,
1.0554692813e+02,
1.0554692833e+02,
1.0554692835e+02,
1.0554692874e+02,
1.0554693139e+02,
1.0554694115e+02,
1.0554696715e+02,
1.0554702405e+02,
1.0554713299e+02,
1.0554732238e+02,
1.0554762832e+02,
1.0554809469e+02,
1.0554877290e+02,
1.0554972115e+02,
1.0555100323e+02,
1.0555268690e+02,
1.0555484178e+02,
1.0555753685e+02,
1.0556083766e+02,
1.0556480334e+02,
1.0556948364e+02,
1.0557491611e+02,
1.0558112377e+02,
1.0558811324e+02,
1.0559587372e+02,
1.0560437672e+02,
1.0561357671e+02,
1.0562341244e+02,
1.0563380908e+02,
1.0564468073e+02,
1.0565593328e+02,
1.0566746743e+02,
1.0567918158e+02,
1.0569097460e+02,
1.0570274830e+02,
1.0571440954e+02,
1.0572587198e+02,
1.0573705742e+02,
1.0574789682e+02,
1.0575833087e+02,
1.0576831029e+02,
1.0577779576e+02,
1.0578675766e+02,
1.0579517553e+02,
1.0580303734e+02,
1.0581033872e+02,
1.0581708206e+02,
1.0582327558e+02,
1.0582893242e+02,
1.0583406982e+02,
1.0583870829e+02,
1.0584287094e+02,
1.0584658284e+02,
1.0584987050e+02,
1.0585276139e+02,
1.0585528363e+02,
1.0585746563e+02,
1.0585933582e+02,
1.0586092245e+02,
1.0586225337e+02,
1.0586335581e+02,
1.0586425624e+02,
1.0586498011e+02,
1.0586555170e+02,
1.0586599392e+02,
1.0586632812e+02,
1.0586657389e+02,
1.0586674895e+02,
1.0586686897e+02,
1.0586694755e+02,
1.0586699614e+02,
1.0586702407e+02,
1.0586703865e+02,
1.0586704531e+02,
1.0586704780e+02,
1.0586704848e+02,
1.0586704858e+02,
1.0586704859e+02,
1.0586704880e+02,
1.0586705020e+02,
1.0586705535e+02,
1.0586706907e+02,
1.0586709910e+02,
1.0586715660e+02,
1.0586725653e+02,
1.0586741794e+02,
1.0586766390e+02,
1.0586802143e+02,
1.0586852096e+02,
1.0586919572e+02,
1.0587008072e+02,
1.0587121150e+02,
1.0587262267e+02,
1.0587434623e+02,
1.0587640974e+02,
1.0587883454e+02,
1.0588163405e+02,
1.0588481230e+02,
1.0588836286e+02,
1.0589226826e+02,
1.0589650006e+02,
1.0590101940e+02,
1.0590577836e+02,
1.0591072172e+02,
1.0591578923e+02,
1.0592091809e+02,
1.0592604556e+02,
1.0593111143e+02,
1.0593606019e+02,
1.0594084282e+02,
1.0594541802e+02,
1.0594975296e+02,
1.0595382348e+02,
1.0595761381e+02,
1.0596111595e+02,
1.0596432875e+02,
1.0596725683e+02,
1.0596990947e+02,
1.0597229945e+02,
1.0597444204e+02,
1.0597635407e+02,
1.0597805314e+02,
1.0597955699e+02,
1.0598088302e+02,
1.0598204795e+02,
1.0598306756e+02,
1.0598395657e+02,
1.0598472857e+02,
1.0598539600e+02,
1.0598597023e+02,
1.0598646154e+02,
1.0598687931e+02,
1.0598723202e+02,
1.0598752736e+02,
1.0598777236e+02,
1.0598797341e+02,
1.0598813634e+02,
1.0598826649e+02,
1.0598836873e+02,
1.0598844752e+02,
1.0598850688e+02,
1.0598855044e+02,
1.0598858141e+02,
1.0598860262e+02,
1.0598861649e+02,
1.0598862507e+02,
1.0598862999e+02,
1.0598863256e+02,
1.0598863374e+02,
1.0598863418e+02,
1.0598863430e+02,
1.0598863432e+02,
1.0598863432e+02,
1.0598863436e+02,
1.0598863462e+02,
1.0598863558e+02,
1.0598863816e+02,
1.0598864378e+02,
1.0598865455e+02,
1.0598867325e+02,
1.0598870343e+02,
1.0598874932e+02,
1.0598881585e+02,
1.0598890845e+02,
1.0598903286e+02,
1.0598919487e+02,
1.0598939998e+02,
1.0598965294e+02,
1.0598995739e+02,
1.0599031538e+02,
1.0599072702e+02,
1.0599119018e+02,
1.0599170038e+02,
1.0599225078e+02,
1.0599283250e+02,
1.0599343502e+02,
1.0599404678e+02,
1.0599465591e+02,
1.0599525092e+02,
1.0599582142e+02,
1.0599635862e+02,
1.0599685576e+02,
1.0599730824e+02,
1.0599771364e+02,
1.0599807153e+02,
1.0599838315e+02,
1.0599865109e+02,
1.0599887888e+02,
1.0599907059e+02,
1.0599923056e+02,
1.0599936304e+02,
1.0599947211e+02,
1.0599956147e+02,
1.0599963443e+02,
1.0599969389e+02,
1.0599974233e+02,
1.0599978184e+02,
1.0599981418e+02,
1.0599984076e+02,
1.0599986276e+02,
1.0599988112e+02,
1.0599989661e+02,
1.0599990984e+02,
1.0599992128e+02,
1.0599993130e+02,
1.0599994017e+02,
1.0599994810e+02,
1.0599995521e+02,
1.0599996162e+02,
1.0599996739e+02,
1.0599997256e+02,
1.0599997719e+02,
1.0599998129e+02,
1.0599998489e+02,
1.0599998802e+02,
1.0599999070e+02,
1.0599999295e+02,
1.0599999481e+02,
1.0599999631e+02,
1.0599999748e+02,
1.0599999837e+02,
1.0599999902e+02,
1.0599999946e+02,
1.0600000000e+02,
1.0600000000e+02,
1.0600000000e+02,
1.0600000000e+02,
