0.0000000000e+00,
2.8821199649e-08,
9.2002860086e-07,
6.9581013999e-06,
2.9154867500e-05,
8.8324616099e-05,
2.1782286070e-04,
4.6585315210e-04,
8.9726020520e-04,
1.5947442532e-03,
2.6594503004e-03,
4.2109059231e-03,
6.3863014136e-03,
9.3391252517e-03,
1.3237185009e-02,
1.8260057905e-02,
2.4596025748e-02,
3.2438555796e-02,
4.1982392704e-02,
5.3419328327e-02,
6.6933717528e-02,
8.2697811214e-02,
1.0086698470e-01,
1.2157495134e-01,
1.4492906854e-01,
1.7100586459e-01,
1.9984693721e-01,
2.3145539452e-01,
2.6579302099e-01,
3.0277835053e-01,
3.4228581195e-01,
3.8414607780e-01,
4.2814769608e-01,
4.7404002028e-01,
5.2153738151e-01,
5.7032437557e-01,
6.2006207394e-01,
6.7039491884e-01,
7.2095803132e-01,
7.7138465178e-01,
8.2131344198e-01,
8.7039540453e-01,
9.1830021518e-01,
9.6472181026e-01,
1.0093831197e+00,
1.0520398834e+00,
1.0924835291e+00,
1.1305431238e+00,
1.1660864362e+00,
1.1990201653e+00,
1.2292894009e+00,
1.2568763878e+00,
1.2817986683e+00,
1.3041066762e+00,
1.3238808547e+00,
1.3412283733e+00,
1.3562795142e+00,
1.3691838035e+00,
1.3801059641e+00,
1.3892217697e+00,
1.3967138824e+00,
1.4027677610e+00,
1.4075677266e+00,
1.4112932737e+00,
1.4141157125e+00,
1.4161952212e+00,
1.4176783831e+00,
1.4186962665e+00,
1.4193630973e+00,
1.4197755529e+00,
1.4200126901e+00,
1.4201365018e+00,
1.4201930735e+00,
1.4202142956e+00,
1.4202200686e+00,
1.4202209207e+00,
1.4202210373e+00,
1.4202237919e+00,
1.4202424546e+00,
1.4203110606e+00,
1.4204939388e+00,
1.4208941628e+00,
1.4216606372e+00,
1.4229935352e+00,
1.4251478323e+00,
1.4284347217e+00,
1.4332207383e+00,
1.4399244693e+00,
1.4490107890e+00,
1.4609826218e+00,
1.4763703168e+00,
1.4957188050e+00,
1.5195728054e+00,
1.5484604570e+00,
1.5828758635e+00,
1.6232611593e+00,
1.6699888165e+00,
1.7233450149e+00,
1.7835149614e+00,
1.8505710550e+00,
1.9244647293e+00,
2.0050226383e+00,
2.0919475940e+00,
2.1848243238e+00,
2.2831297256e+00,
2.3862469310e+00,
2.4934821783e+00,
2.6040833221e+00,
2.7172587810e+00,
2.8321958517e+00,
2.9480775711e+00,
3.0640976188e+00,
3.1794730737e+00,
3.2934550972e+00,
3.4053377868e+00,
3.5144655085e+00,
3.6202389942e+00,
3.7221204017e+00,
3.8196374302e+00,
3.9123864914e+00,
4.0000348729e+00,
4.0823218201e+00,
4.1590584849e+00,
4.2301267408e+00,
4.2954769162e+00,
4.3551245528e+00,
4.4091463196e+00,
4.4576752300e+00,
4.5008953010e+00,
4.5390357751e+00,
4.5723650096e+00,
4.6011841144e+00,
4.6258204098e+00,
4.6466207720e+00,
4.6639449325e+00,
4.6781588146e+00,
4.6896279955e+00,
4.6987114055e+00,
4.7057553839e+00,
4.7110882252e+00,
4.7150153532e+00,
4.7178152573e+00,
4.7197363158e+00,
4.7209946117e+00,
4.7217728199e+00,
4.7222202131e+00,
4.7224537929e+00,
4.7225605175e+00,
4.7226005535e+00,
4.7226114443e+00,
4.7226130518e+00,
4.7226132044e+00,
4.7226163154e+00,
4.7226373927e+00,
4.7227148752e+00,
4.7229214130e+00,
4.7233734058e+00,
4.7242389877e+00,
4.7257441214e+00,
4.7281764942e+00,
4.7318869403e+00,
4.7372881568e+00,
4.7448505390e+00,
4.7550950258e+00,
4.7685829467e+00,
4.7859029676e+00,
4.8076553750e+00,
4.8344340889e+00,
4.8668069620e+00,
4.9052950855e+00,
4.9503519797e+00,
5.0023436674e+00,
5.0615307121e+00,
5.1280533173e+00,
5.2019205206e+00,
5.2830043420e+00,
5.3710394569e+00,
5.4656285459e+00,
5.5662529578e+00,
5.6722877829e+00,
5.7830199852e+00,
5.8976680190e+00,
6.0154014404e+00,
6.1353594092e+00,
6.2566675260e+00,
6.3784529838e+00,
6.4998583465e+00,
6.6200543442e+00,
6.7382519184e+00,
6.8537134950e+00,
6.9657632171e+00,
7.0737957310e+00,
7.1772831116e+00,
7.2757796180e+00,
7.3689241400e+00,
7.4564403853e+00,
7.5381350184e+00,
7.6138940776e+00,
7.6836780576e+00,
7.7475160491e+00,
7.8054992958e+00,
7.8577744689e+00,
7.9045368856e+00,
7.9460238264e+00,
7.9825080373e+00,
8.0142914534e+00,
8.0416991404e+00,
8.0650734299e+00,
8.0847682190e+00,
8.1011434114e+00,
8.1145594930e+00,
8.1253722607e+00,
8.1339277481e+00,
8.1405574216e+00,
8.1455737420e+00,
8.1492662048e+00,
8.1518979827e+00,
8.1537032929e+00,
8.1548855994e+00,
8.1556167423e+00,
8.1560370536e+00,
8.1562564872e+00,
8.1563567468e+00,
8.1563943573e+00,
8.1564045883e+00,
8.1564060983e+00,
8.1564062327e+00,
8.1564088781e+00,
8.1564268010e+00,
8.1564926869e+00,
8.1566683113e+00,
8.1570526438e+00,
8.1577886215e+00,
8.1590682888e+00,
8.1611360235e+00,
8.1642895850e+00,
8.1688787515e+00,
8.1753013575e+00,
8.1839966000e+00,
8.1954355723e+00,
8.2101090923e+00,
8.2285130336e+00,
8.2511315279e+00,
8.2784185854e+00,
8.3107788560e+00,
8.3485484199e+00,
8.3919766234e+00,
8.4412100502e+00,
8.4962797186e+00,
8.5570925051e+00,
8.6234276067e+00,
8.6949385725e+00,
8.7711610665e+00,
8.8515261051e+00,
8.9353780745e+00,
9.0219964366e+00,
9.1106197160e+00,
9.2004701912e+00,
9.2907776948e+00,
9.3808010911e+00,
9.4698463027e+00,
9.5572801641e+00,
9.6425398266e+00,
9.7251378601e+00,
9.8046635408e+00,
9.8807810450e+00,
9.9532253769e+00,
1.0021796854e+01,
1.0086354878e+01,
1.0146811573e+01,
1.0203125702e+01,
1.0255297103e+01,
1.0303361766e+01,
1.0347387537e+01,
1.0387470391e+01,
1.0423731181e+01,
1.0456312724e+01,
1.0485377144e+01,
1.0511103347e+01,
1.0533684565e+01,
1.0553325904e+01,
1.0570241847e+01,
1.0584653693e+01,
1.0596786915e+01,
1.0606868437e+01,
1.0615123854e+01,
1.0621774626e+01,
1.0627035301e+01,
1.0631110818e+01,
1.0634193977e+01,
1.0636463150e+01,
1.0638080330e+01,
1.0639189585e+01,
1.0639916009e+01,
1.0640365219e+01,
1.0640623451e+01,
1.0640758266e+01,
1.0640819863e+01,
1.0640842970e+01,
1.0640849256e+01,
1.0640850183e+01,
1.0640850265e+01,
1.0640851874e+01,
1.0640862771e+01,
1.0640902829e+01,
1.0641009608e+01,
1.0641243279e+01,
1.0641690741e+01,
1.0642468735e+01,
1.0643725792e+01,
1.0645642832e+01,
1.0648432288e+01,
1.0652335617e+01,
1.0657619124e+01,
1.0664568086e+01,
1.0673479217e+01,
1.0684651648e+01,
1.0698376670e+01,
1.0714926640e+01,
1.0734543527e+01,
1.0757427684e+01,
1.0783727454e+01,
1.0813530229e+01,
1.0846855480e+01,
1.0883650178e+01,
1.0923786857e+01,
1.0967064379e+01,
1.1013211343e+01,
1.1061891957e+01,
1.1112714148e+01,
1.1165239725e+01,
1.1218996380e+01,
1.1273491328e+01,
1.1328226267e+01,
1.1382713067e+01,
1.1436489323e+01,
1.1489132584e+01,
1.1540271916e+01,
1.1589595655e+01,
1.1636854647e+01,
1.1681861019e+01,
1.1724483218e+01,
1.1764638576e+01,
1.1802284827e+01,
1.1837411820e+01,
1.1870034303e+01,
1.1900186198e+01,
1.1927916426e+01,
1.1953286073e+01,
1.1976366589e+01,
1.1997238677e+01,
1.2015991569e+01,
1.2032722476e+01,
1.2047536031e+01,
1.2060543633e+01,
1.2071862646e+01,
1.2081615407e+01,
1.2089928070e+01,
1.2096929286e+01,
1.2102748747e+01,
1.2107515637e+01,
1.2111357012e+01,
1.2114396176e+01,
1.2116751086e+01,
1.2118532845e+01,
1.2119844344e+01,
1.2120779088e+01,
1.2121420283e+01,
1.2121840201e+01,
1.2122099879e+01,
1.2122249160e+01,
1.2122327095e+01,
1.2122362704e+01,
1.2122376062e+01,
1.2122379695e+01,
1.2122380232e+01,
1.2122380280e+01,
1.2122381232e+01,
1.2122387685e+01,
1.2122411408e+01,
1.2122474641e+01,
1.2122613019e+01,
1.2122878004e+01,
1.2123338739e+01,
1.2124083201e+01,
1.2125218578e+01,
1.2126870769e+01,
1.2129182948e+01,
1.2132313155e+01,
1.2136430899e+01,
1.2141712820e+01,
1.2148337514e+01,
1.2156479681e+01,
1.2166303837e+01,
1.2177957866e+01,
1.2191566757e+01,
1.2207226855e+01,
1.2225000934e+01,
1.2244914372e+01,
1.2266952583e+01,
1.2291059812e+01,
1.2317139294e+01,
1.2345054731e+01,
1.2374633006e+01,
1.2405668027e+01,
1.2437925605e+01,
1.2471149224e+01,
1.2505066549e+01,
1.2539396439e+01,
1.2573856180e+01,
1.2608168605e+01,
1.2642068754e+01,
1.2675309733e+01,
1.2707667519e+01,
1.2738944532e+01,
1.2768971903e+01,
1.2797610488e+01,
1.2824750747e+01,
1.2850311676e+01,
1.2874239023e+01,
1.2896503000e+01,
1.2917095718e+01,
1.2936028515e+01,
1.2953329323e+01,
1.2969040176e+01,
1.2983214913e+01,
1.2995917127e+01,
1.3007218335e+01,
1.3017196384e+01,
1.3025934036e+01,
1.3033517725e+01,
1.3040036420e+01,
1.3045580585e+01,
1.3050241187e+01,
1.3054108735e+01,
1.3057272334e+01,
1.3059818752e+01,
1.3061831493e+01,
1.3063389910e+01,
1.3064568348e+01,
1.3065435383e+01,
1.3066053147e+01,
1.3066476813e+01,
1.3066754230e+01,
1.3066925768e+01,
1.3067024373e+01,
1.3067075851e+01,
1.3067099371e+01,
1.3067108194e+01,
1.3067110594e+01,
1.3067110948e+01,
1.3067110981e+01,
1.3067111636e+01,
1.3067116078e+01,
1.3067132404e+01,
1.3067175921e+01,
1.3067271151e+01,
1.3067453497e+01,
1.3067770508e+01,
1.3068282636e+01,
1.3069063434e+01,
1.3070199112e+01,
1.3071787387e+01,
1.3073935586e+01,
1.3076757990e+01,
1.3080372422e+01,
1.3084896167e+01,
1.3090441329e+01,
1.3097109830e+01,
1.3104988290e+01,
1.3114143089e+01,
1.3124615950e+01,
1.3136420382e+01,
1.3149539286e+01,
1.3163923987e+01,
1.3179494821e+01,
1.3196143306e+01,
1.3213735777e+01,
1.3232118238e+01,
1.3251122071e+01,
1.3270570173e+01,
1.3290283095e+01,
1.3310084756e+01,
1.3329807415e+01,
1.3349295664e+01,
1.3368409341e+01,
1.3387025359e+01,
1.3405038532e+01,
1.3422361572e+01,
1.3438924423e+01,
1.3454673133e+01,
1.3469568445e+01,
1.3483584247e+01,
1.3496706009e+01,
1.3508929283e+01,
1.3520258315e+01,
1.3530704809e+01,
1.3540286838e+01,
1.3549027895e+01,
1.3556956090e+01,
1.3564103448e+01,
1.3570505311e+01,
1.3576199803e+01,
1.3581227361e+01,
1.3585630296e+01,
1.3589452372e+01,
1.3592738398e+01,
1.3595533816e+01,
1.3597884277e+01,
1.3599835208e+01,
1.3601431359e+01,
1.3602716340e+01,
1.3603732163e+01,
1.3604518783e+01,
1.3605113662e+01,
1.3605551375e+01,
1.3605863263e+01,
1.3606077165e+01,
1.3606217232e+01,
1.3606303842e+01,
1.3606353629e+01,
1.3606379621e+01,
1.3606391497e+01,
1.3606395952e+01,
1.3606397164e+01,
1.3606397342e+01,
1.3606397359e+01,
1.3606397708e+01,
1.3606400067e+01,
1.3606408739e+01,
1.3606431857e+01,
1.3606482444e+01,
1.3606579308e+01,
1.3606747708e+01,
1.3607019754e+01,
1.3607434518e+01,
1.3608037791e+01,
1.3608881476e+01,
1.3610022581e+01,
1.3611521811e+01,
1.3613441770e+01,
1.3615844813e+01,
1.3618790623e+01,
1.3622333617e+01,
1.3626520311e+01,
1.3631386823e+01,
1.3636956650e+01,
1.3643238922e+01,
1.3650227242e+01,
1.3657899217e+01,
1.3666216728e+01,
1.3675126908e+01,
1.3684563762e+01,
1.3694450298e+01,
1.3704701025e+01,
1.3715224647e+01,
1.3725926806e+01,
1.3736712741e+01,
1.3747489737e+01,
1.3758169308e+01,
1.3768669039e+01,
1.3778914068e+01,
1.3788838187e+01,
1.3798384575e+01,
1.3807506159e+01,
1.3816165652e+01,
1.3824335291e+01,
1.3831996330e+01,
1.3839138337e+01,
1.3845758353e+01,
1.3851859972e+01,
1.3857452385e+01,
1.3862549443e+01,
1.3867168768e+01,
1.3871330938e+01,
1.3875058766e+01,
1.3878376677e+01,
1.3881310183e+01,
1.3883885454e+01,
1.3886128963e+01,
1.3888067212e+01,
1.3889726496e+01,
1.3891132723e+01,
1.3892311240e+01,
1.3893286695e+01,
1.3894082885e+01,
1.3894722616e+01,
1.3895227554e+01,
1.3895618077e+01,
1.3895913126e+01,
1.3896130068e+01,
1.3896284567e+01,
1.3896390488e+01,
1.3896459830e+01,
1.3896502700e+01,
1.3896527342e+01,
1.3896540205e+01,
1.3896546082e+01,
1.3896548287e+01,
1.3896548887e+01,
1.3896548975e+01,
1.3896548984e+01,
1.3896549167e+01,
1.3896550402e+01,
1.3896554945e+01,
1.3896567053e+01,
1.3896593548e+01,
1.3896644275e+01,
1.3896732444e+01,
1.3896874826e+01,
1.3897091777e+01,
1.3897407061e+01,
1.3897847446e+01,
1.3898442068e+01,
1.3899221525e+01,
1.3900216742e+01,
1.3901457595e+01,
1.3902971371e+01,
1.3904781120e+01,
1.3906904002e+01,
1.3909349744e+01,
1.3912119349e+01,
1.3915204169e+01,
1.3918585469e+01,
1.3922234562e+01,
1.3926113546e+01,
1.3930176638e+01,
1.3934372018e+01,
1.3938644063e+01,
1.3942935799e+01,
1.3947191368e+01,
1.3951358345e+01,
1.3955389706e+01,
1.3959245341e+01,
1.3962893026e+01,
1.3966308854e+01,
1.3969477138e+01,
1.3972389893e+01,
1.3975045986e+01,
1.3977450067e+01,
1.3979611417e+01,
1.3981542777e+01,
1.3983259260e+01,
1.3984777391e+01,
1.3986114291e+01,
1.3987287037e+01,
1.3988312177e+01,
1.3989205383e+01,
1.3989981237e+01,
1.3990653115e+01,
1.3991233147e+01,
1.3991732237e+01,
1.3992160123e+01,
1.3992525462e+01,
1.3992835930e+01,
1.3993098330e+01,
1.3993318691e+01,
1.3993502369e+01,
1.3993654138e+01,
1.3993778265e+01,
1.3993878583e+01,
1.3993958538e+01,
1.3994021239e+01,
1.3994069486e+01,
1.3994105795e+01,
1.3994132414e+01,
1.3994151331e+01,
1.3994164280e+01,
1.3994172749e+01,
1.3994177982e+01,
1.3994180988e+01,
1.3994182557e+01,
1.3994183274e+01,
1.3994183543e+01,
1.3994183616e+01,
1.3994183627e+01,
1.3994183628e+01,
1.3994183652e+01,
1.3994183812e+01,
1.3994184400e+01,
1.3994185969e+01,
1.3994189402e+01,
1.3994195970e+01,
1.3994207377e+01,
1.3994225769e+01,
1.3994253730e+01,
1.3994294225e+01,
1.3994350512e+01,
1.3994426003e+01,
1.3994524077e+01,
1.3994647844e+01,
1.3994799884e+01,
1.3994981960e+01,
1.3995194753e+01,
1.3995437634e+01,
1.3995708519e+01,
1.3996003836e+01,
1.3996318625e+01,
1.3996646770e+01,
1.3996981365e+01,
1.3997315159e+01,
1.3997641047e+01,
1.3997952536e+01,
1.3998244150e+01,
1.3998511709e+01,
1.3998752473e+01,
1.3998965143e+01,
1.3999149733e+01,
1.3999307348e+01,
1.3999439906e+01,
1.3999549858e+01,
1.3999639927e+01,
1.3999712900e+01,
1.3999771471e+01,
1.3999818121e+01,
1.3999855056e+01,
1.3999884164e+01,
1.3999907028e+01,
1.3999924948e+01,
1.3999938988e+01,
1.3999950010e+01,
1.3999958700e+01,
1.3999965592e+01,
1.3999971093e+01,
1.3999975512e+01,
1.3999979094e+01,
1.3999982037e+01,
1.3999984499e+01,
1.3999986599e+01,
1.3999988422e+01,
1.3999990025e+01,
1.3999991441e+01,
1.3999992695e+01,
1.3999993806e+01,
1.3999994790e+01,
1.3999995661e+01,
1.3999996430e+01,
1.3999997107e+01,
1.3999997697e+01,
1.3999998205e+01,
1.3999998636e+01,
1.3999998993e+01,
1.3999999283e+01,
1.3999999510e+01,
1.4000000000e+01,
1.4000000000e+01,
1.4000000000e+01,
1.4000000000e+01,
1.4000000000e+01,
1.4000000000e+01,
1.4000000000e+01,
