0.0000000000e+00,
2.5510350099e-07,
8.1434110015e-06,
6.1587994402e-05,
2.5805803200e-04,
7.8179111140e-04,
1.9280497716e-03,
4.1235847364e-03,
7.9426147333e-03,
1.4117796200e-02,
2.3545832664e-02,
3.7287543814e-02,
5.6562353125e-02,
8.2737232326e-02,
1.1731013682e-01,
1.6188786839e-01,
2.1815812751e-01,
2.8785532343e-01,
3.7271959534e-01,
4.7444859329e-01,
5.9464200590e-01,
7.3473968767e-01,
8.9595551056e-01,
1.0792105757e+00,
1.2850708497e+00,
1.5136952235e+00,
1.7648000240e+00,
2.0376448988e+00,
2.3310427733e+00,
2.6433935899e+00,
2.9727384076e+00,
3.3168278532e+00,
3.6731974866e+00,
4.0392426468e+00,
4.4122867224e+00,
4.7896390871e+00,
5.1686415502e+00,
5.5467044426e+00,
5.9213349289e+00,
6.2901606022e+00,
6.6509509619e+00,
7.0016383043e+00,
7.3403382948e+00,
7.6653694284e+00,
7.9752700078e+00,
8.2688112363e+00,
8.5450054407e+00,
8.8031090566e+00,
9.0426206058e+00,
9.2632742889e+00,
9.4650299735e+00,
9.6480603171e+00,
9.8127356105e+00,
9.9596067582e+00,
1.0089386673e+01,
1.0202930281e+01,
1.0301213303e+01,
1.0385310008e+01,
1.0456370174e+01,
1.0515595541e+01,
1.0564216131e+01,
1.0603466843e+01,
1.0634564795e+01,
1.0658687916e+01,
1.0676955307e+01,
1.0690409878e+01,
1.0700003753e+01,
1.0706586860e+01,
1.0710899067e+01,
1.0713566109e+01,
1.0715099432e+01,
1.0715899976e+01,
1.0716265754e+01,
1.0716402970e+01,
1.0716440296e+01,
1.0716445806e+01,
1.0716446560e+01,
1.0716464370e+01,
1.0716585037e+01,
1.0717028619e+01,
1.0718211024e+01,
1.0720798586e+01,
1.0725753675e+01,
1.0734369365e+01,
1.0748291250e+01,
1.0769524716e+01,
1.0800426130e+01,
1.0843676794e+01,
1.0902238912e+01,
1.0979293509e+01,
1.1078161067e+01,
1.1202206691e+01,
1.1354732803e+01,
1.1538863594e+01,
1.1757426494e+01,
1.2012836640e+01,
1.2306990341e+01,
1.2641172870e+01,
1.3015984564e+01,
1.3431287728e+01,
1.3886175797e+01,
1.4378966215e+01,
1.4907219230e+01,
1.5467785463e+01,
1.6056884270e+01,
1.6670211870e+01,
1.7303073483e+01,
1.7950528855e+01,
1.8607537638e+01,
1.9269091461e+01,
1.9930323268e+01,
2.0586590341e+01,
2.1233533367e+01,
2.1867117914e+01,
2.2483665719e+01,
2.3079881225e+01,
2.3652875298e+01,
2.4200184560e+01,
2.4719783047e+01,
2.5210083307e+01,
2.5669926053e+01,
2.6098559810e+01,
2.6495613527e+01,
2.6861065450e+01,
2.7195210950e+01,
2.7498630929e+01,
2.7772161490e+01,
2.8016864894e+01,
2.8234001500e+01,
2.8425002311e+01,
2.8591441750e+01,
2.8735010422e+01,
2.8857487698e+01,
2.8960714073e+01,
2.9046563352e+01,
2.9116914850e+01,
2.9173625891e+01,
2.9218505019e+01,
2.9253286442e+01,
2.9279606327e+01,
2.9298981603e+01,
2.9312791972e+01,
2.9322265791e+01,
2.9328470407e+01,
2.9332307432e+01,
2.9334513241e+01,
2.9335664843e+01,
2.9336191013e+01,
2.9336388397e+01,
2.9336442090e+01,
2.9336450015e+01,
2.9336450767e+01,
2.9336466105e+01,
2.9336570019e+01,
2.9336952016e+01,
2.9337970258e+01,
2.9340198551e+01,
2.9344465596e+01,
2.9351884764e+01,
2.9363872733e+01,
2.9382155449e+01,
2.9408760046e+01,
2.9445991600e+01,
2.9496393992e+01,
2.9562694658e+01,
2.9647733726e+01,
2.9754378888e+01,
2.9885428359e+01,
3.0043505312e+01,
3.0230948198e+01,
3.0449702180e+01,
3.0701217471e+01,
3.0986360538e+01,
3.1305343903e+01,
3.1657679664e+01,
3.2042160918e+01,
3.2456874020e+01,
3.2899243079e+01,
3.3366106072e+01,
3.3853819484e+01,
3.4358385443e+01,
3.4875592383e+01,
3.5401157983e+01,
3.5930862293e+01,
3.6460660158e+01,
3.6986765305e+01,
3.7505703244e+01,
3.8014335263e+01,
3.8509860111e+01,
3.8989802343e+01,
3.9451996377e+01,
3.9894573235e+01,
4.0315953486e+01,
4.0714846294e+01,
4.1090251627e+01,
4.1441461441e+01,
4.1768056097e+01,
4.2069893915e+01,
4.2347093790e+01,
4.2600012441e+01,
4.2829218583e+01,
4.3035466299e+01,
4.3219669198e+01,
4.3382876213e+01,
4.3526249197e+01,
4.3651042046e+01,
4.3758580887e+01,
4.3850244880e+01,
4.3927447249e+01,
4.3991616345e+01,
4.4044176678e+01,
4.4086530039e+01,
4.4120036952e+01,
4.4145998827e+01,
4.4165641270e+01,
4.4180099062e+01,
4.4190403346e+01,
4.4197471541e+01,
4.4202100452e+01,
4.4204962956e+01,
4.4206608509e+01,
4.4207467606e+01,
4.4207860128e+01,
4.4208007375e+01,
4.4208047430e+01,
4.4208053342e+01,
4.4208053868e+01,
4.4208064225e+01,
4.4208134394e+01,
4.4208392341e+01,
4.4209079918e+01,
4.4210584593e+01,
4.4213465950e+01,
4.4218475796e+01,
4.4226570737e+01,
4.4238916191e+01,
4.4256880922e+01,
4.4282021326e+01,
4.4316055012e+01,
4.4360823532e+01,
4.4418244681e+01,
4.4490255337e+01,
4.4578746568e+01,
4.4685493473e+01,
4.4812082901e+01,
4.4959842767e+01,
4.5129776884e+01,
4.5322509090e+01,
4.5538239802e+01,
4.5776717103e+01,
4.6037223258e+01,
4.6318576464e+01,
4.6619147002e+01,
4.6936887007e+01,
4.7269373488e+01,
4.7613864743e+01,
4.7967370248e+01,
4.8326733097e+01,
4.8688722354e+01,
4.9050130530e+01,
4.9407869757e+01,
4.9759059575e+01,
5.0101099863e+01,
5.0431724250e+01,
5.0749031838e+01,
5.1051497669e+01,
5.1337964559e+01,
5.1607620376e+01,
5.1859965416e+01,
5.2094774395e+01,
5.2312056880e+01,
5.2512019035e+01,
5.2695028559e+01,
5.2861583813e+01,
5.3012287452e+01,
5.3147824367e+01,
5.3268943496e+01,
5.3376442896e+01,
5.3471157422e+01,
5.3553948410e+01,
5.3625694782e+01,
5.3687285109e+01,
5.3739610207e+01,
5.3783555964e+01,
5.3819996180e+01,
5.3849785284e+01,
5.3873750899e+01,
5.3892686313e+01,
5.3907343008e+01,
5.3918423448e+01,
5.3926574430e+01,
5.3932381292e+01,
5.3936363306e+01,
5.3938970576e+01,
5.3940582695e+01,
5.3941509375e+01,
5.3941993147e+01,
5.3942214178e+01,
5.3942297093e+01,
5.3942319648e+01,
5.3942322977e+01,
5.3942323271e+01,
5.3942329043e+01,
5.3942368145e+01,
5.3942511886e+01,
5.3942895034e+01,
5.3943733474e+01,
5.3945338916e+01,
5.3948129949e+01,
5.3952638735e+01,
5.3959512669e+01,
5.3969510363e+01,
5.3983491393e+01,
5.4002399423e+01,
5.4027238539e+01,
5.4059042996e+01,
5.4098841003e+01,
5.4147613709e+01,
5.4206251108e+01,
5.4275507126e+01,
5.4355956556e+01,
5.4447956761e+01,
5.4551617033e+01,
5.4666778152e+01,
5.4793004066e+01,
5.4929586723e+01,
5.5075564125e+01,
5.5229750625e+01,
5.5390777658e+01,
5.5557142356e+01,
5.5727261054e+01,
5.5899524332e+01,
5.6072350167e+01,
5.6244231816e+01,
5.6413777498e+01,
5.6579739760e+01,
5.6741033618e+01,
5.6896743885e+01,
5.7046123362e+01,
5.7188584254e+01,
5.7323685407e+01,
5.7451117573e+01,
5.7570688347e+01,
5.7682307727e+01,
5.7785974742e+01,
5.7881765251e+01,
5.7969820876e+01,
5.8050338975e+01,
5.8123563598e+01,
5.8189777372e+01,
5.8249294289e+01,
5.8302453360e+01,
5.8349613076e+01,
5.8391146575e+01,
5.8427437437e+01,
5.8458875940e+01,
5.8485855676e+01,
5.8508770373e+01,
5.8528010831e+01,
5.8543961866e+01,
5.8556999207e+01,
5.8567486347e+01,
5.8575771342e+01,
5.8582183629e+01,
5.8587030959e+01,
5.8590596554e+01,
5.8593136628e+01,
5.8594878417e+01,
5.8596018852e+01,
5.8596723994e+01,
5.8597129321e+01,
5.8597340921e+01,
5.8597437599e+01,
5.8597473866e+01,
5.8597483731e+01,
5.8597485187e+01,
5.8597485318e+01,
5.8597487904e+01,
5.8597505424e+01,
5.8597569828e+01,
5.8597741499e+01,
5.8598117164e+01,
5.8598836476e+01,
5.8600086958e+01,
5.8602106975e+01,
5.8605186434e+01,
5.8609664902e+01,
5.8615926895e+01,
5.8624394143e+01,
5.8635514746e+01,
5.8649749326e+01,
5.8667554434e+01,
5.8689363778e+01,
5.8715568048e+01,
5.8746494404e+01,
5.8782386884e+01,
5.8823389118e+01,
5.8869530714e+01,
5.8920718576e+01,
5.8976734072e+01,
5.9037236580e+01,
5.9101773404e+01,
5.9169795487e+01,
5.9240677837e+01,
5.9313743143e+01,
5.9388286800e+01,
5.9463601504e+01,
5.9538999739e+01,
5.9613832819e+01,
5.9687505652e+01,
5.9759486901e+01,
5.9829314751e+01,
5.9896598865e+01,
5.9961019338e+01,
6.0022323540e+01,
6.0080321662e+01,
6.0134881586e+01,
6.0185923533e+01,
6.0233414712e+01,
6.0277364082e+01,
6.0317817227e+01,
6.0354851353e+01,
6.0388570414e+01,
6.0419100398e+01,
6.0446584858e+01,
6.0471180782e+01,
6.0493054857e+01,
6.0512380223e+01,
6.0529333708e+01,
6.0544093542e+01,
6.0556837507e+01,
6.0567741444e+01,
6.0576978027e+01,
6.0584715741e+01,
6.0591117954e+01,
6.0596342041e+01,
6.0600538514e+01,
6.0603850124e+01,
6.0606410949e+01,
6.0608345481e+01,
6.0609767759e+01,
6.0610780592e+01,
6.0611474935e+01,
6.0611929475e+01,
6.0612210490e+01,
6.0612372012e+01,
6.0612456330e+01,
6.0612494854e+01,
6.0612509305e+01,
6.0612513236e+01,
6.0612513816e+01,
6.0612513869e+01,
6.0612514943e+01,
6.0612522217e+01,
6.0612548957e+01,
6.0612620232e+01,
6.0612776194e+01,
6.0613074802e+01,
6.0613593840e+01,
6.0614432087e+01,
6.0615709488e+01,
6.0617566176e+01,
6.0620160199e+01,
6.0623663867e+01,
6.0628258635e+01,
6.0634128580e+01,
6.0641452580e+01,
6.0650395462e+01,
6.0661098545e+01,
6.0673670095e+01,
6.0688176408e+01,
6.0704634261e+01,
6.0723005553e+01,
6.0743194857e+01,
6.0765050500e+01,
6.0788369478e+01,
6.0812906175e+01,
6.0838384387e+01,
6.0864511648e+01,
6.0890994466e+01,
6.0917552778e+01,
6.0943932039e+01,
6.0969911673e+01,
6.0995309292e+01,
6.1019980846e+01,
6.1043817486e+01,
6.1066740341e+01,
6.1088694461e+01,
6.1109642960e+01,
6.1129562053e+01,
6.1148437273e+01,
6.1166260904e+01,
6.1183030416e+01,
6.1198747669e+01,
6.1213418613e+01,
6.1227053267e+01,
6.1239665824e+01,
6.1251274761e+01,
6.1261902920e+01,
6.1271577510e+01,
6.1280330023e+01,
6.1288196076e+01,
6.1295215167e+01,
6.1301430367e+01,
6.1306887935e+01,
6.1311636881e+01,
6.1315728460e+01,
6.1319215619e+01,
6.1322152396e+01,
6.1324593279e+01,
6.1326592536e+01,
6.1328203527e+01,
6.1329478020e+01,
6.1330465524e+01,
6.1331212658e+01,
6.1331762586e+01,
6.1332154529e+01,
6.1332423382e+01,
6.1332599451e+01,
6.1332708332e+01,
6.1332770924e+01,
6.1332803602e+01,
6.1332818532e+01,
6.1332824133e+01,
6.1332825657e+01,
6.1332825881e+01,
6.1332825903e+01,
6.1332826341e+01,
6.1332829307e+01,
6.1332840210e+01,
6.1332869275e+01,
6.1332932878e+01,
6.1333054672e+01,
6.1333266429e+01,
6.1333608569e+01,
6.1334130316e+01,
6.1334889454e+01,
6.1335951629e+01,
6.1337389202e+01,
6.1339279624e+01,
6.1341703367e+01,
6.1344741455e+01,
6.1348472671e+01,
6.1352970573e+01,
6.1358300441e+01,
6.1364516346e+01,
6.1371658516e+01,
6.1379751157e+01,
6.1388800895e+01,
6.1398795919e+01,
6.1409705890e+01,
6.1421482587e+01,
6.1434061223e+01,
6.1447362321e+01,
6.1461293981e+01,
6.1475754397e+01,
6.1490634471e+01,
6.1505820394e+01,
6.1521196116e+01,
6.1536645658e+01,
6.1552055229e+01,
6.1567315167e+01,
6.1582321681e+01,
6.1596978407e+01,
6.1611197740e+01,
6.1624901932e+01,
6.1638023918e+01,
6.1650507837e+01,
6.1662309248e+01,
6.1673395036e+01,
6.1683743040e+01,
6.1693341439e+01,
6.1702187951e+01,
6.1710288906e+01,
6.1717658242e+01,
6.1724316485e+01,
6.1730289751e+01,
6.1735608789e+01,
6.1740308106e+01,
6.1744425163e+01,
6.1747999648e+01,
6.1751072816e+01,
6.1753686896e+01,
6.1755884533e+01,
6.1757708276e+01,
6.1759200081e+01,
6.1760400842e+01,
6.1761349934e+01,
6.1762084779e+01,
6.1762640443e+01,
6.1763049266e+01,
6.1763340550e+01,
6.1763540312e+01,
6.1763671115e+01,
6.1763751996e+01,
6.1763798489e+01,
6.1763822761e+01,
6.1763833851e+01,
6.1763838011e+01,
6.1763839143e+01,
6.1763839310e+01,
6.1763839326e+01,
6.1763839670e+01,
6.1763842002e+01,
6.1763850574e+01,
6.1763873422e+01,
6.1763923421e+01,
6.1764019156e+01,
6.1764185582e+01,
6.1764454419e+01,
6.1764864236e+01,
6.1765460194e+01,
6.1766293407e+01,
6.1767419890e+01,
6.1768899077e+01,
6.1770791929e+01,
6.1773158642e+01,
6.1776056030e+01,
6.1779534685e+01,
6.1783636020e+01,
6.1788389397e+01,
6.1793809495e+01,
6.1799894144e+01,
6.1806622811e+01,
6.1813955930e+01,
6.1821835194e+01,
6.1830184892e+01,
6.1838914275e+01,
6.1847920845e+01,
6.1857094384e+01,
6.1866321440e+01,
6.1875489951e+01,
6.1884493654e+01,
6.1893235975e+01,
6.1901633118e+01,
6.1909616201e+01,
6.1917132351e+01,
6.1924144826e+01,
6.1930632252e+01,
6.1936587192e+01,
6.1942014235e+01,
6.1946927839e+01,
6.1951350103e+01,
6.1955308641e+01,
6.1958834656e+01,
6.1961961281e+01,
6.1964722233e+01,
6.1967150759e+01,
6.1969278868e+01,
6.1971136809e+01,
6.1972752757e+01,
6.1974152657e+01,
6.1975360204e+01,
6.1976396903e+01,
6.1977282198e+01,
6.1978033636e+01,
6.1978667041e+01,
6.1979196704e+01,
6.1979635548e+01,
6.1979995292e+01,
6.1980286583e+01,
6.1980519107e+01,
6.1980701677e+01,
6.1980842297e+01,
6.1980948204e+01,
6.1981025889e+01,
6.1981081118e+01,
6.1981118936e+01,
6.1981143674e+01,
6.1981158960e+01,
6.1981167744e+01,
6.1981172328e+01,
6.1981174423e+01,
6.1981175208e+01,
6.1981175422e+01,
6.1981175453e+01,
6.1981175457e+01,
6.1981175526e+01,
6.1981175994e+01,
6.1981177714e+01,
6.1981182298e+01,
6.1981192328e+01,
6.1981211522e+01,
6.1981244860e+01,
6.1981298632e+01,
6.1981380411e+01,
6.1981498922e+01,
6.1981663796e+01,
6.1981885192e+01,
6.1982173282e+01,
6.1982537613e+01,
6.1982986368e+01,
6.1983525567e+01,
6.1984158293e+01,
6.1984884008e+01,
6.1985698069e+01,
6.1986591519e+01,
6.1987551236e+01,
6.1988560454e+01,
6.1989599649e+01,
6.1990647710e+01,
6.1991683282e+01,
6.1992686132e+01,
6.1993638379e+01,
6.1994525461e+01,
6.1995336740e+01,
6.1996065718e+01,
6.1996709871e+01,
6.1997270192e+01,
6.1997750523e+01,
6.1998156798e+01,
6.1998496298e+01,
6.1998776972e+01,
6.1999006875e+01,
6.1999193739e+01,
6.1999344678e+01,
6.1999466014e+01,
6.1999563216e+01,
6.1999640924e+01,
6.1999703018e+01,
6.1999752696e+01,
6.1999792566e+01,
6.1999824722e+01,
6.1999850830e+01,
6.1999872208e+01,
6.1999889897e+01,
6.1999904722e+01,
6.1999917324e+01,
6.1999928195e+01,
6.1999937702e+01,
6.1999946106e+01,
6.1999953593e+01,
6.1999960292e+01,
6.1999966293e+01,
6.1999971662e+01,
6.1999976446e+01,
6.1999980682e+01,
6.1999984399e+01,
6.1999987626e+01,
6.1999990387e+01,
6.1999992712e+01,
6.1999994632e+01,
6.1999996181e+01,
6.1999997397e+01,
6.1999998318e+01,
6.1999998987e+01,
6.1999999445e+01,
6.2000000000e+01,
6.2000000000e+01,
6.2000000000e+01,
6.2000000000e+01,
