0.0000000000e+00,
1.8786990097e-07,
5.9971793007e-06,
4.5356202698e-05,
1.9004558910e-04,
5.7574553140e-04,
1.4198970380e-03,
3.0367649691e-03,
5.8491895062e-03,
1.0396630883e-02,
1.7339241450e-02,
2.7457827644e-02,
4.1649676982e-02,
6.0920304814e-02,
8.6371206814e-02,
1.1918367777e-01,
1.6059868009e-01,
2.1189264236e-01,
2.7434898655e-01,
3.4922519144e-01,
4.3771537236e-01,
5.4090875289e-01,
6.5974503753e-01,
7.9496851053e-01,
9.4708355190e-01,
1.1163149772e+00,
1.3025769500e+00,
1.5054540001e+00,
1.7241968304e+00,
1.9577341781e+00,
2.2047002375e+00,
2.4634753852e+00,
2.7322365196e+00,
3.0090125187e+00,
3.2917402673e+00,
3.5783173463e+00,
3.8666486235e+00,
4.1546853423e+00,
4.4404565695e+00,
4.7220938210e+00,
4.9978502083e+00,
5.2661155482e+00,
5.5254286434e+00,
5.7744875256e+00,
6.0121579987e+00,
6.2374804494e+00,
6.4496746720e+00,
6.6481423854e+00,
6.8324671832e+00,
7.0024117876e+00,
7.1579126270e+00,
7.2990718816e+00,
7.4261472303e+00,
7.5395395679e+00,
7.6397789791e+00,
7.7275092427e+00,
7.8034711335e+00,
7.8684847854e+00,
7.9234313833e+00,
7.9692344730e+00,
8.0068412002e+00,
8.0372038189e+00,
8.0612618376e+00,
8.0799251903e+00,
8.0940588284e+00,
8.1044691242e+00,
8.1118924516e+00,
8.1169862696e+00,
8.1203229724e+00,
8.1223866939e+00,
8.1235731643e+00,
8.1241926191e+00,
8.1244756554e+00,
8.1245818325e+00,
8.1246107153e+00,
8.1246149783e+00,
8.1246155619e+00,
8.1246293433e+00,
8.1247227147e+00,
8.1250659560e+00,
8.1259808968e+00,
8.1279831499e+00,
8.1318174265e+00,
8.1384843973e+00,
8.1492576640e+00,
8.1656895331e+00,
8.1896044544e+00,
8.2230792228e+00,
8.2684093853e+00,
8.3280617488e+00,
8.4046134848e+00,
8.5006790653e+00,
8.6188271199e+00,
8.7614902444e+00,
8.9308717422e+00,
9.1288541437e+00,
9.3569149769e+00,
9.6160554246e+00,
9.9067469124e+00,
1.0228899063e+01,
1.0581849827e+01,
1.0964375519e+01,
1.1374716187e+01,
1.1810611443e+01,
1.2269344051e+01,
1.2747791964e+01,
1.3242491933e+01,
1.3749717583e+01,
1.4265571815e+01,
1.4786089113e+01,
1.5307339866e+01,
1.5825527537e+01,
1.6337070728e+01,
1.6838665302e+01,
1.7327325410e+01,
1.7800405543e+01,
1.8255607785e+01,
1.8690979074e+01,
1.9104902730e+01,
1.9496087267e+01,
1.9863554114e+01,
2.0206624699e+01,
2.0524906694e+01,
2.0818278957e+01,
2.1086874840e+01,
2.1331063770e+01,
2.1551431256e+01,
2.1748757633e+01,
2.1923995906e+01,
2.2078248977e+01,
2.2212746499e+01,
2.2328821465e+01,
2.2427886642e+01,
2.2511410882e+01,
2.2580895426e+01,
2.2637850349e+01,
2.2683771372e+01,
2.2720117389e+01,
2.2748289105e+01,
2.2769609288e+01,
2.2785305159e+01,
2.2796493482e+01,
2.2804168871e+01,
2.2809195776e+01,
2.2812304535e+01,
2.2814091699e+01,
2.2815024741e+01,
2.2815451051e+01,
2.2815610974e+01,
2.2815654477e+01,
2.2815660898e+01,
2.2815661508e+01,
2.2815673935e+01,
2.2815758127e+01,
2.2816067627e+01,
2.2816892625e+01,
2.2818698038e+01,
2.2822155326e+01,
2.2828166668e+01,
2.2837880145e+01,
2.2852694748e+01,
2.2874254107e+01,
2.2904428100e+01,
2.2945281759e+01,
2.2999031337e+01,
2.3067987934e+01,
2.3154489746e+01,
2.3260824812e+01,
2.3389146935e+01,
2.3541388341e+01,
2.3719173308e+01,
2.3923737576e+01,
2.4155858470e+01,
2.4415800437e+01,
2.4703279844e+01,
2.5017451485e+01,
2.5356917431e+01,
2.5719756806e+01,
2.6103573511e+01,
2.6505558042e+01,
2.6922559854e+01,
2.7351167687e+01,
2.7787796332e+01,
2.8228778603e+01,
2.8670460495e+01,
2.9109295952e+01,
2.9541936062e+01,
2.9965306803e+01,
3.0376669952e+01,
3.0773663569e+01,
3.1154320935e+01,
3.1517069430e+01,
3.1860712879e+01,
3.2184402119e+01,
3.2487598778e+01,
3.2770036767e+01,
3.3031684934e+01,
3.3272713141e+01,
3.3493462859e+01,
3.3694422457e+01,
3.3876206715e+01,
3.4039539767e+01,
3.4185240534e+01,
3.4314209771e+01,
3.4427417970e+01,
3.4525893543e+01,
3.4610710863e+01,
3.4682977923e+01,
3.4743823477e+01,
3.4794383673e+01,
3.4835788278e+01,
3.4869146680e+01,
3.4895533948e+01,
3.4915977285e+01,
3.4931443273e+01,
3.4942826339e+01,
3.4950938884e+01,
3.4956503502e+01,
3.4960147660e+01,
3.4962401168e+01,
3.4963696620e+01,
3.4964372937e+01,
3.4964681946e+01,
3.4964797865e+01,
3.4964829398e+01,
3.4964834052e+01,
3.4964834466e+01,
3.4964842619e+01,
3.4964897859e+01,
3.4965100925e+01,
3.4965642211e+01,
3.4966826742e+01,
3.4969095029e+01,
3.4973038872e+01,
3.4979411220e+01,
3.4989129253e+01,
3.5003269942e+01,
3.5023057484e+01,
3.5049842225e+01,
3.5085070965e+01,
3.5130248988e+01,
3.5186894607e+01,
3.5256487629e+01,
3.5340413727e+01,
3.5439907217e+01,
3.5555995192e+01,
3.5689446057e+01,
3.5840725444e+01,
3.6009962005e+01,
3.6196924930e+01,
3.6401014268e+01,
3.6621264487e+01,
3.6856361367e+01,
3.7104672359e+01,
3.7364290752e+01,
3.7633093860e+01,
3.7908814277e+01,
3.8189120678e+01,
3.8471701007e+01,
3.8754338009e+01,
3.9034966924e+01,
3.9311709086e+01,
3.9582881849e+01,
3.9846991522e+01,
4.0102718922e+01,
4.0348905938e+01,
4.0584547740e+01,
4.0808791228e+01,
4.1020937580e+01,
4.1220445847e+01,
4.1406934869e+01,
4.1580181824e+01,
4.1740116804e+01,
4.1886813700e+01,
4.2020478167e+01,
4.2141433670e+01,
4.2250106592e+01,
4.2347011176e+01,
4.2432734906e+01,
4.2507924655e+01,
4.2573273737e+01,
4.2629509885e+01,
4.2677384016e+01,
4.2717659673e+01,
4.2751102967e+01,
4.2778472920e+01,
4.2800512150e+01,
4.2817937899e+01,
4.2831433502e+01,
4.2841640443e+01,
4.2849151205e+01,
4.2854503173e+01,
4.2858173826e+01,
4.2860577483e+01,
4.2862063805e+01,
4.2862918209e+01,
4.2863364260e+01,
4.2863568059e+01,
4.2863644510e+01,
4.2863665306e+01,
4.2863668376e+01,
4.2863668647e+01,
4.2863673969e+01,
4.2863710023e+01,
4.2863842559e+01,
4.2864195842e+01,
4.2864968944e+01,
4.2866449337e+01,
4.2869023154e+01,
4.2873181523e+01,
4.2879522374e+01,
4.2888747204e+01,
4.2901652329e+01,
4.2919114304e+01,
4.2942069355e+01,
4.2971486944e+01,
4.3008337893e+01,
4.3053557890e+01,
4.3108007628e+01,
4.3172431248e+01,
4.3247415189e+01,
4.3333349834e+01,
4.3430396572e+01,
4.3538462856e+01,
4.3657187637e+01,
4.3785939063e+01,
4.3923825563e+01,
4.4069720470e+01,
4.4222299170e+01,
4.4380086625e+01,
4.4541512043e+01,
4.4704966777e+01,
4.4868861213e+01,
4.5031676665e+01,
4.5192009016e+01,
4.5348601899e+01,
4.5500368494e+01,
4.5646402203e+01,
4.5785977467e+01,
4.5918542606e+01,
4.6043706894e+01,
4.6161223996e+01,
4.6270973667e+01,
4.6372943192e+01,
4.6467209633e+01,
4.6553923544e+01,
4.6633294514e+01,
4.6705578647e+01,
4.6771067938e+01,
4.6830081412e+01,
4.6882957850e+01,
4.6930049866e+01,
4.6971719144e+01,
4.7008332606e+01,
4.7040259309e+01,
4.7067867863e+01,
4.7091524219e+01,
4.7111589640e+01,
4.7128418753e+01,
4.7142357565e+01,
4.7153741392e+01,
4.7162892671e+01,
4.7170118663e+01,
4.7175709106e+01,
4.7179933884e+01,
4.7183040836e+01,
4.7185253816e+01,
4.7186771133e+01,
4.7187764517e+01,
4.7188378706e+01,
4.7188731741e+01,
4.7188916039e+01,
4.7189000242e+01,
4.7189031829e+01,
4.7189040421e+01,
4.7189041689e+01,
4.7189041803e+01,
4.7189044055e+01,
4.7189059315e+01,
4.7189115408e+01,
4.7189264926e+01,
4.7189592107e+01,
4.7190218567e+01,
4.7191307572e+01,
4.7193066586e+01,
4.7195747783e+01,
4.7199646258e+01,
4.7205095693e+01,
4.7212461283e+01,
4.7222129860e+01,
4.7234497280e+01,
4.7249953361e+01,
4.7268864884e+01,
4.7291557421e+01,
4.7318297014e+01,
4.7349272899e+01,
4.7384582585e+01,
4.7424220557e+01,
4.7468071723e+01,
4.7515910391e+01,
4.7567405155e+01,
4.7622129556e+01,
4.7679577863e+01,
4.7739184867e+01,
4.7800348217e+01,
4.7862451611e+01,
4.7924887148e+01,
4.7987075287e+01,
4.8048481216e+01,
4.8108626873e+01,
4.8167098404e+01,
4.8223549295e+01,
4.8277699821e+01,
4.8329333694e+01,
4.8378292793e+01,
4.8424470867e+01,
4.8467806866e+01,
4.8508278401e+01,
4.8545895652e+01,
4.8580695866e+01,
4.8612738527e+01,
4.8642101174e+01,
4.8668875838e+01,
4.8693166035e+01,
4.8715084253e+01,
4.8734749867e+01,
4.8752287413e+01,
4.8767825172e+01,
4.8781493977e+01,
4.8793426212e+01,
4.8803754919e+01,
4.8812612990e+01,
4.8820132378e+01,
4.8826443301e+01,
4.8831673415e+01,
4.8835946943e+01,
4.8839383751e+01,
4.8842098392e+01,
4.8844199136e+01,
4.8845787013e+01,
4.8846954931e+01,
4.8847786891e+01,
4.8848357364e+01,
4.8848730870e+01,
4.8848961809e+01,
4.8849094555e+01,
4.8849163854e+01,
4.8849195516e+01,
4.8849207394e+01,
4.8849210625e+01,
4.8849211101e+01,
4.8849211145e+01,
4.8849212028e+01,
4.8849218006e+01,
4.8849239984e+01,
4.8849298565e+01,
4.8849426757e+01,
4.8849672209e+01,
4.8850098896e+01,
4.8850788120e+01,
4.8851838720e+01,
4.8853366391e+01,
4.8855502011e+01,
4.8858388916e+01,
4.8862179084e+01,
4.8867028277e+01,
4.8873090237e+01,
4.8880510147e+01,
4.8889417661e+01,
4.8899919878e+01,
4.8912094742e+01,
4.8925985345e+01,
4.8941595612e+01,
4.8958887783e+01,
4.8977781960e+01,
4.8998157838e+01,
4.9019858539e+01,
4.9042696291e+01,
4.9066459529e+01,
4.9090920890e+01,
4.9115845519e+01,
4.9140999110e+01,
4.9166155205e+01,
4.9191101344e+01,
4.9215643843e+01,
4.9239611095e+01,
4.9262855427e+01,
4.9285253668e+01,
4.9306706643e+01,
4.9327137846e+01,
4.9346491552e+01,
4.9364730615e+01,
4.9381834147e+01,
4.9397795230e+01,
4.9412618781e+01,
4.9426319627e+01,
4.9438920821e+01,
4.9450452208e+01,
4.9460949223e+01,
4.9470451896e+01,
4.9479004033e+01,
4.9486652531e+01,
4.9493446814e+01,
4.9499438336e+01,
4.9504680133e+01,
4.9509226413e+01,
4.9513132143e+01,
4.9516452632e+01,
4.9519243100e+01,
4.9521558223e+01,
4.9523451650e+01,
4.9524975508e+01,
4.9526179893e+01,
4.9527112359e+01,
4.9527817437e+01,
4.9528336181e+01,
4.9528705779e+01,
4.9528959247e+01,
4.9529125216e+01,
4.9529227841e+01,
4.9529286833e+01,
4.9529317630e+01,
4.9529331701e+01,
4.9529336980e+01,
4.9529338416e+01,
4.9529338627e+01,
4.9529338648e+01,
4.9529339060e+01,
4.9529341856e+01,
4.9529352131e+01,
4.9529379522e+01,
4.9529439461e+01,
4.9529554230e+01,
4.9529753751e+01,
4.9530076059e+01,
4.9530567420e+01,
4.9531282031e+01,
4.9532281280e+01,
4.9533632525e+01,
4.9535407387e+01,
4.9537679570e+01,
4.9540522273e+01,
4.9544005268e+01,
4.9548191785e+01,
4.9553135380e+01,
4.9558876982e+01,
4.9565442325e+01,
4.9572839977e+01,
4.9581060112e+01,
4.9590074152e+01,
4.9599835292e+01,
4.9610279874e+01,
4.9621329493e+01,
4.9632893655e+01,
4.9644872791e+01,
4.9657161419e+01,
4.9669651281e+01,
4.9682234275e+01,
4.9694805115e+01,
4.9707263614e+01,
4.9719516585e+01,
4.9731479331e+01,
4.9743076749e+01,
4.9754244050e+01,
4.9764927126e+01,
4.9775082596e+01,
4.9784677551e+01,
4.9793689065e+01,
4.9802103488e+01,
4.9809915603e+01,
4.9817127671e+01,
4.9823748442e+01,
4.9829792156e+01,
4.9835277585e+01,
4.9840227141e+01,
4.9844666071e+01,
4.9848621753e+01,
4.9852123090e+01,
4.9855199998e+01,
4.9857882988e+01,
4.9860202811e+01,
4.9862190175e+01,
4.9863875489e+01,
4.9865288652e+01,
4.9866458845e+01,
4.9867414340e+01,
4.9868182303e+01,
4.9868788603e+01,
4.9869257610e+01,
4.9869612008e+01,
4.9869872616e+01,
4.9870058228e+01,
4.9870185486e+01,
4.9870268799e+01,
4.9870320309e+01,
4.9870349917e+01,
4.9870365373e+01,
4.9870372434e+01,
4.9870375083e+01,
4.9870375804e+01,
4.9870375910e+01,
4.9870375921e+01,
4.9870376140e+01,
4.9870377625e+01,
4.9870383083e+01,
4.9870397632e+01,
4.9870429468e+01,
4.9870490420e+01,
4.9870596366e+01,
4.9870767465e+01,
4.9871028193e+01,
4.9871407139e+01,
4.9871936535e+01,
4.9872651504e+01,
4.9873589003e+01,
4.9874786482e+01,
4.9876280271e+01,
4.9878103763e+01,
4.9880285462e+01,
4.9882847028e+01,
4.9885801430e+01,
4.9889151377e+01,
4.9892888167e+01,
4.9896991093e+01,
4.9901427501e+01,
4.9906153551e+01,
4.9911115683e+01,
4.9916252691e+01,
4.9921498288e+01,
4.9926783953e+01,
4.9932041867e+01,
4.9937207690e+01,
4.9942222993e+01,
4.9947037183e+01,
4.9951608811e+01,
4.9955906244e+01,
4.9959907712e+01,
4.9963600829e+01,
4.9966981682e+01,
4.9970053650e+01,
4.9972826054e+01,
4.9975312782e+01,
4.9977530974e+01,
4.9979499833e+01,
4.9981239614e+01,
4.9982770794e+01,
4.9984113441e+01,
4.9985286748e+01,
4.9986308728e+01,
4.9987196030e+01,
4.9987963864e+01,
4.9988625990e+01,
4.9989194779e+01,
4.9989681291e+01,
4.9990095393e+01,
4.9990445873e+01,
4.9990740564e+01,
4.9990986459e+01,
4.9991189821e+01,
4.9991356272e+01,
4.9991490880e+01,
4.9991598220e+01,
4.9991682430e+01,
4.9991747250e+01,
4.9991796043e+01,
4.9991831821e+01,
4.9991857250e+01,
4.9991874659e+01,
4.9991886045e+01,
4.9991893081e+01,
4.9991897123e+01,
4.9991899233e+01,
4.9991900196e+01,
4.9991900558e+01,
4.9991900656e+01,
4.9991900671e+01,
4.9991900672e+01,
4.9991900704e+01,
4.9991900920e+01,
4.9991901711e+01,
4.9991903821e+01,
4.9991908436e+01,
4.9991917268e+01,
4.9991932607e+01,
4.9991957343e+01,
4.9991994951e+01,
4.9992049430e+01,
4.9992125177e+01,
4.9992226810e+01,
4.9992358916e+01,
4.9992525751e+01,
4.9992730880e+01,
4.9992976810e+01,
4.9993264625e+01,
4.9993593678e+01,
4.9993961392e+01,
4.9994363190e+01,
4.9994792613e+01,
4.9995241609e+01,
4.9995700991e+01,
4.9996161022e+01,
4.9996612060e+01,
4.9997045184e+01,
4.9997452742e+01,
4.9997828746e+01,
4.9998169096e+01,
4.9998471609e+01,
4.9998735891e+01,
4.9998963074e+01,
4.9999155475e+01,
4.9999316222e+01,
4.9999448897e+01,
4.9999557229e+01,
4.9999644862e+01,
4.9999715193e+01,
4.9999771283e+01,
4.9999815808e+01,
4.9999851050e+01,
4.9999878903e+01,
4.9999900913e+01,
4.9999918319e+01,
4.9999932116e+01,
4.9999943104e+01,
4.9999951922e+01,
4.9999959074e+01,
4.9999964945e+01,
4.9999969826e+01,
4.9999973934e+01,
4.9999977433e+01,
4.9999980456e+01,
4.9999983102e+01,
4.9999985449e+01,
4.9999987549e+01,
4.9999989437e+01,
4.9999991133e+01,
4.9999992647e+01,
4.9999993987e+01,
4.9999995160e+01,
4.9999996173e+01,
4.9999997035e+01,
4.9999997758e+01,
4.9999998352e+01,
4.9999998829e+01,
4.9999999202e+01,
4.9999999485e+01,
5.0000000000e+01,
5.0000000000e+01,
5.0000000000e+01,
5.0000000000e+01,
5.0000000000e+01,
5.0000000000e+01,
