0.0000000000e+00,
1.2649579872e-07,
4.0379959003e-06,
3.0539045397e-05,
1.2796062010e-04,
3.8765778510e-04,
9.5603426770e-04,
2.0446795457e-03,
3.9382690665e-03,
6.9999560595e-03,
1.1674069511e-02,
1.8486020761e-02,
2.8039402699e-02,
4.1010331533e-02,
5.8139123079e-02,
8.0219407727e-02,
1.0808477083e-01,
1.4259296705e-01,
1.8460771690e-01,
2.3497808108e-01,
2.9451545541e-01,
3.6396837024e-01,
4.4399552714e-01,
5.3513785744e-01,
6.3779079872e-01,
7.5217838470e-01,
8.7833103626e-01,
1.0160690305e+00,
1.1649934432e+00,
1.3244858843e+00,
1.4937176263e+00,
1.6716678521e+00,
1.8571498840e+00,
2.0488435228e+00,
2.2453311694e+00,
2.4451352635e+00,
2.6467547606e+00,
2.8486988103e+00,
3.0495163834e+00,
3.2478212155e+00,
3.4423119753e+00,
3.6317879758e+00,
3.8151609791e+00,
3.9914637318e+00,
4.1598558270e+00,
4.3196273787e+00,
4.4702008525e+00,
4.6111312658e+00,
4.7421048697e+00,
4.8629363577e+00,
4.9735646218e+00,
5.0740470720e+00,
5.1645525595e+00,
5.2453529636e+00,
5.3168135397e+00,
5.3793821506e+00,
5.4335775329e+00,
5.4799767773e+00,
5.5192022240e+00,
5.5519080009e+00,
5.5787664524e+00,
5.6004547283e+00,
5.6176418172e+00,
5.6309763191e+00,
5.6410752525e+00,
5.6485141815e+00,
5.6538189294e+00,
5.6574591085e+00,
5.6598436548e+00,
5.6613184952e+00,
5.6621664140e+00,
5.6626091134e+00,
5.6628113885e+00,
5.6628872692e+00,
5.6629079107e+00,
5.6629109573e+00,
5.6629113743e+00,
5.6629212234e+00,
5.6629879524e+00,
5.6632332543e+00,
5.6638871308e+00,
5.6653180820e+00,
5.6680583652e+00,
5.6728232418e+00,
5.6805232112e+00,
5.6922683302e+00,
5.7093638507e+00,
5.7332965789e+00,
5.7657116066e+00,
5.8083793774e+00,
5.8631534574e+00,
5.9319198573e+00,
6.0165392861e+00,
6.1187842607e+00,
6.2402734971e+00,
6.3824064044e+00,
6.5463007663e+00,
6.7327368059e+00,
6.9421108519e+00,
7.1744017830e+00,
7.4291533299e+00,
7.7054749358e+00,
8.0020628197e+00,
8.3172407020e+00,
8.6490163659e+00,
8.9951468440e+00,
9.3532033710e+00,
9.7206288385e+00,
1.0094785019e+01,
1.0472991922e+01,
1.0852564529e+01,
1.1230851640e+01,
1.1605278664e+01,
1.1973392799e+01,
1.2332906933e+01,
1.2681738109e+01,
1.3018037337e+01,
1.3340209152e+01,
1.3646920910e+01,
1.3937103082e+01,
1.4209942465e+01,
1.4464870413e+01,
1.4701547970e+01,
1.4919849423e+01,
1.5119845254e+01,
1.5301785105e+01,
1.5466080993e+01,
1.5613290788e+01,
1.5744101859e+01,
1.5859314701e+01,
1.5959826405e+01,
1.6046613838e+01,
1.6120716470e+01,
1.6183218870e+01,
1.6235232942e+01,
1.6277880079e+01,
1.6312273460e+01,
1.6339500804e+01,
1.6360607944e+01,
1.6376583627e+01,
1.6388345959e+01,
1.6396730937e+01,
1.6402483449e+01,
1.6406251108e+01,
1.6408581166e+01,
1.6409920687e+01,
1.6410620028e+01,
1.6410939561e+01,
1.6411059429e+01,
1.6411092035e+01,
1.6411096848e+01,
1.6411097305e+01,
1.6411106619e+01,
1.6411169725e+01,
1.6411401705e+01,
1.6412020070e+01,
1.6413373300e+01,
1.6415964711e+01,
1.6420470620e+01,
1.6427751819e+01,
1.6438857495e+01,
1.6455020826e+01,
1.6477645644e+01,
1.6508283808e+01,
1.6548603218e+01,
1.6600346807e+01,
1.6665283368e+01,
1.6745151588e+01,
1.6841599278e+01,
1.6956120338e+01,
1.7089992418e+01,
1.7244218494e+01,
1.7419475579e+01,
1.7616073429e+01,
1.7833925554e+01,
1.8072533997e+01,
1.8330988530e+01,
1.8607980182e+01,
1.8901828567e+01,
1.9210522300e+01,
1.9531771684e+01,
1.9863072450e+01,
2.0201778271e+01,
2.0545178100e+01,
2.0890572507e+01,
2.1235342397e+01,
2.1577004425e+01,
2.1913250394e+01,
2.2241971574e+01,
2.2561271699e+01,
2.2869473333e+01,
2.3165121300e+01,
2.3446985010e+01,
2.3714059763e+01,
2.3965566113e+01,
2.4200946201e+01,
2.4419856370e+01,
2.4622155981e+01,
2.4807892899e+01,
2.4977286489e+01,
2.5130709097e+01,
2.5268666911e+01,
2.5391780989e+01,
2.5500768942e+01,
2.5596427580e+01,
2.5679616630e+01,
2.5751243453e+01,
2.5812248646e+01,
2.5863592348e+01,
2.5906241087e+01,
2.5941155070e+01,
2.5969275854e+01,
2.5991514478e+01,
2.6008740156e+01,
2.6021769778e+01,
2.6031358472e+01,
2.6038191569e+01,
2.6042878272e+01,
2.6045947366e+01,
2.6047845205e+01,
2.6048936180e+01,
2.6049505740e+01,
2.6049765970e+01,
2.6049863591e+01,
2.6049890146e+01,
2.6049894065e+01,
2.6049894414e+01,
2.6049901280e+01,
2.6049947800e+01,
2.6050118810e+01,
2.6050574648e+01,
2.6051572178e+01,
2.6053482341e+01,
2.6056803416e+01,
2.6062169242e+01,
2.6070351643e+01,
2.6082256407e+01,
2.6098912242e+01,
2.6121452315e+01,
2.6151088204e+01,
2.6189076427e+01,
2.6236678107e+01,
2.6295112840e+01,
2.6365508339e+01,
2.6448847992e+01,
2.6545918957e+01,
2.6657263842e+01,
2.6783139188e+01,
2.6923484022e+01,
2.7077901399e+01,
2.7245655246e+01,
2.7425683838e+01,
2.7616630018e+01,
2.7816886809e+01,
2.8024655606e+01,
2.8238012847e+01,
2.8454980165e+01,
2.8673592706e+01,
2.8891960656e+01,
2.9108320054e+01,
2.9321070409e+01,
2.9528798377e+01,
2.9730288335e+01,
2.9924521941e+01,
3.0110669512e+01,
3.0288076221e+01,
3.0456245814e+01,
3.0614823952e+01,
3.0763582514e+01,
3.0902405509e+01,
3.1031276718e+01,
3.1150268821e+01,
3.1259533648e+01,
3.1359293227e+01,
3.1449831350e+01,
3.1531485558e+01,
3.1604639478e+01,
3.1669715555e+01,
3.1727168182e+01,
3.1777477241e+01,
3.1821142020e+01,
3.1858675428e+01,
3.1890598445e+01,
3.1917434695e+01,
3.1939705077e+01,
3.1957922412e+01,
3.1972586097e+01,
3.1984176812e+01,
3.1993151364e+01,
3.1999937802e+01,
3.2004930963e+01,
3.2008488633e+01,
3.2010928510e+01,
3.2012526149e+01,
3.2013514036e+01,
3.2014081908e+01,
3.2014378370e+01,
3.2014513821e+01,
3.2014564633e+01,
3.2014578455e+01,
3.2014580495e+01,
3.2014580675e+01,
3.2014584212e+01,
3.2014608175e+01,
3.2014696262e+01,
3.2014931064e+01,
3.2015444885e+01,
3.2016428771e+01,
3.2018139313e+01,
3.2020902809e+01,
3.2025116398e+01,
3.2031245786e+01,
3.2039819254e+01,
3.2051417724e+01,
3.2066660800e+01,
3.2086188880e+01,
3.2110641712e+01,
3.2140634018e+01,
3.2176729167e+01,
3.2219412155e+01,
3.2269063455e+01,
3.2325935461e+01,
3.2390133332e+01,
3.2461601924e+01,
3.2540120251e+01,
3.2625304367e+01,
3.2716618924e+01,
3.2813396754e+01,
3.2914864915e+01,
3.3020174801e+01,
3.3128433374e+01,
3.3238732607e+01,
3.3350174762e+01,
3.3461892232e+01,
3.3573061853e+01,
3.3682914583e+01,
3.3790741943e+01,
3.3895900570e+01,
3.3997815801e+01,
3.4095984663e+01,
3.4189978179e+01,
3.4279442676e+01,
3.4364099741e+01,
3.4443744624e+01,
3.4518243079e+01,
3.4587526833e+01,
3.4651587998e+01,
3.4710472820e+01,
3.4764275140e+01,
3.4813129898e+01,
3.4857206935e+01,
3.4896705246e+01,
3.4931847756e+01,
3.4962876651e+01,
3.4990049186e+01,
3.5013633924e+01,
3.5033907294e+01,
3.5051150386e+01,
3.5065645892e+01,
3.5077675122e+01,
3.5087515071e+01,
3.5095435500e+01,
3.5101696064e+01,
3.5106543520e+01,
3.5110209088e+01,
3.5112906041e+01,
3.5114827639e+01,
3.5116145483e+01,
3.5117008411e+01,
3.5117541995e+01,
3.5117848717e+01,
3.5118008844e+01,
3.5118082004e+01,
3.5118109449e+01,
3.5118116915e+01,
3.5118118017e+01,
3.5118118116e+01,
3.5118120072e+01,
3.5118133331e+01,
3.5118182069e+01,
3.5118311983e+01,
3.5118596275e+01,
3.5119140646e+01,
3.5120087056e+01,
3.5121616018e+01,
3.5123947213e+01,
3.5127338199e+01,
3.5132081061e+01,
3.5138496852e+01,
3.5146927788e+01,
3.5157727251e+01,
3.5171247793e+01,
3.5187827509e+01,
3.5207775309e+01,
3.5231355815e+01,
3.5258774741e+01,
3.5290165716e+01,
3.5325579541e+01,
3.5364976774e+01,
3.5408224380e+01,
3.5455096891e+01,
3.5505282144e+01,
3.5558391302e+01,
3.5613972437e+01,
3.5671526650e+01,
3.5730525509e+01,
3.5790428514e+01,
3.5850699436e+01,
3.5910820632e+01,
3.5970304749e+01,
3.6028703633e+01,
3.6085614557e+01,
3.6140684090e+01,
3.6193610083e+01,
3.6244142179e+01,
3.6292081221e+01,
3.6337277783e+01,
3.6379629949e+01,
3.6419080387e+01,
3.6455612754e+01,
3.6489247513e+01,
3.6520037268e+01,
3.6548061822e+01,
3.6573423174e+01,
3.6596240691e+01,
3.6616646652e+01,
3.6634782312e+01,
3.6650794568e+01,
3.6664833235e+01,
3.6677048899e+01,
3.6687591261e+01,
3.6696607875e+01,
3.6704243172e+01,
3.6710637675e+01,
3.6715927314e+01,
3.6720242778e+01,
3.6723708861e+01,
3.6726443782e+01,
3.6728558477e+01,
3.6730155885e+01,
3.6731330250e+01,
3.6732166511e+01,
3.6732739792e+01,
3.6733115075e+01,
3.6733347088e+01,
3.6733480442e+01,
3.6733550057e+01,
3.6733581863e+01,
3.6733593794e+01,
3.6733597039e+01,
3.6733597518e+01,
3.6733597562e+01,
3.6733598449e+01,
3.6733604454e+01,
3.6733626531e+01,
3.6733685376e+01,
3.6733814140e+01,
3.6734060672e+01,
3.6734489187e+01,
3.6735181225e+01,
3.6736235790e+01,
3.6737768522e+01,
3.6739909812e+01,
3.6742801754e+01,
3.6746593906e+01,
3.6751437872e+01,
3.6757480839e+01,
3.6764858302e+01,
3.6773686321e+01,
3.6784053829e+01,
3.6796015553e+01,
3.6809586243e+01,
3.6824736858e+01,
3.6841393310e+01,
3.6859438164e+01,
3.6878715419e+01,
3.6899038101e+01,
3.6920198045e+01,
3.6941976817e+01,
3.6964156583e+01,
3.6986529685e+01,
3.7008905945e+01,
3.7031117163e+01,
3.7053018806e+01,
3.7074489327e+01,
3.7095427873e+01,
3.7115751201e+01,
3.7135390511e+01,
3.7154288679e+01,
3.7172398140e+01,
3.7189679434e+01,
3.7206100339e+01,
3.7221635422e+01,
3.7236265843e+01,
3.7249979281e+01,
3.7262769890e+01,
3.7274638215e+01,
3.7285591058e+01,
3.7295641273e+01,
3.7304807496e+01,
3.7313113819e+01,
3.7320589416e+01,
3.7327268122e+01,
3.7333187972e+01,
3.7338390705e+01,
3.7342921221e+01,
3.7346827010e+01,
3.7350157537e+01,
3.7352963601e+01,
3.7355296659e+01,
3.7357208145e+01,
3.7358748763e+01,
3.7359967803e+01,
3.7360912473e+01,
3.7361627277e+01,
3.7362153450e+01,
3.7362528484e+01,
3.7362785748e+01,
3.7362954233e+01,
3.7363058426e+01,
3.7363118323e+01,
3.7363149594e+01,
3.7363163882e+01,
3.7363169242e+01,
3.7363170700e+01,
3.7363170915e+01,
3.7363170935e+01,
3.7363171354e+01,
3.7363174193e+01,
3.7363184627e+01,
3.7363212441e+01,
3.7363273307e+01,
3.7363389861e+01,
3.7363592512e+01,
3.7363919951e+01,
3.7364419306e+01,
3.7365145919e+01,
3.7366162697e+01,
3.7367539034e+01,
3.7369349286e+01,
3.7371670827e+01,
3.7374581723e+01,
3.7378158097e+01,
3.7382471298e+01,
3.7387584998e+01,
3.7393552378e+01,
3.7400413568e+01,
3.7408193505e+01,
3.7416900344e+01,
3.7426524528e+01,
3.7437038572e+01,
3.7448397555e+01,
3.7460540261e+01,
3.7473390871e+01,
3.7486861060e+01,
3.7500852377e+01,
3.7515258740e+01,
3.7529968962e+01,
3.7544869204e+01,
3.7559845315e+01,
3.7574785024e+01,
3.7589579971e+01,
3.7604127552e+01,
3.7618332573e+01,
3.7632108663e+01,
3.7645379415e+01,
3.7658079223e+01,
3.7670153795e+01,
3.7681560319e+01,
3.7692267314e+01,
3.7702254191e+01,
3.7711510569e+01,
3.7720035419e+01,
3.7727836083e+01,
3.7734927241e+01,
3.7741329867e+01,
3.7747070222e+01,
3.7752178909e+01,
3.7756690006e+01,
3.7760640287e+01,
3.7764068524e+01,
3.7767014859e+01,
3.7769520243e+01,
3.7771625918e+01,
3.7773372935e+01,
3.7774801703e+01,
3.7775951541e+01,
3.7776860267e+01,
3.7777563788e+01,
3.7778095725e+01,
3.7778487068e+01,
3.7778765886e+01,
3.7778957093e+01,
3.7779082292e+01,
3.7779159707e+01,
3.7779204207e+01,
3.7779227438e+01,
3.7779238053e+01,
3.7779242034e+01,
3.7779243117e+01,
3.7779243277e+01,
3.7779243293e+01,
3.7779243623e+01,
3.7779245854e+01,
3.7779254059e+01,
3.7779275928e+01,
3.7779323782e+01,
3.7779415411e+01,
3.7779574698e+01,
3.7779831995e+01,
3.7780224203e+01,
3.7780794520e+01,
3.7781591816e+01,
3.7782669610e+01,
3.7784084637e+01,
3.7785895009e+01,
3.7788157993e+01,
3.7790927476e+01,
3.7794251211e+01,
3.7798167973e+01,
3.7802704782e+01,
3.7807874394e+01,
3.7813673244e+01,
3.7820080056e+01,
3.7827055265e+01,
3.7834541409e+01,
3.7842464526e+01,
3.7850736546e+01,
3.7859258571e+01,
3.7867924829e+01,
3.7876627038e+01,
3.7885258853e+01,
3.7893720069e+01,
3.7901920255e+01,
3.7909781608e+01,
3.7917240847e+01,
3.7924250125e+01,
3.7930776984e+01,
3.7936803514e+01,
3.7942324873e+01,
3.7947347399e+01,
3.7951886502e+01,
3.7955964531e+01,
3.7959608750e+01,
3.7962849524e+01,
3.7965718782e+01,
3.7968248767e+01,
3.7970471079e+01,
3.7972415987e+01,
3.7974111966e+01,
3.7975585432e+01,
3.7976860623e+01,
3.7977959599e+01,
3.7978902319e+01,
3.7979706778e+01,
3.7980389164e+01,
3.7980964045e+01,
3.7981444536e+01,
3.7981842477e+01,
3.7982168578e+01,
3.7982432552e+01,
3.7982643221e+01,
3.7982808601e+01,
3.7982935962e+01,
3.7983031872e+01,
3.7983102218e+01,
3.7983152227e+01,
3.7983186469e+01,
3.7983208867e+01,
3.7983222707e+01,
3.7983230659e+01,
3.7983234810e+01,
3.7983236706e+01,
3.7983237417e+01,
3.7983237611e+01,
3.7983237639e+01,
3.7983237642e+01,
3.7983237705e+01,
3.7983238128e+01,
3.7983239686e+01,
3.7983243836e+01,
3.7983252917e+01,
3.7983270295e+01,
3.7983300477e+01,
3.7983349156e+01,
3.7983423185e+01,
3.7983530455e+01,
3.7983679671e+01,
3.7983880003e+01,
3.7984140621e+01,
3.7984470104e+01,
3.7984875771e+01,
3.7985362952e+01,
3.7985934285e+01,
3.7986589099e+01,
3.7987322982e+01,
3.7988127611e+01,
3.7988990898e+01,
3.7989897489e+01,
3.7990829592e+01,
3.7991768055e+01,
3.7992693602e+01,
3.7993588073e+01,
3.7994435529e+01,
3.7995223116e+01,
3.7995941577e+01,
3.7996585418e+01,
3.7997152728e+01,
3.7997644736e+01,
3.7998065193e+01,
3.7998419680e+01,
3.7998714928e+01,
3.7998958209e+01,
3.7999156827e+01,
3.7999317737e+01,
3.7999447287e+01,
3.7999551083e+01,
3.7999633955e+01,
3.7999699985e+01,
3.7999752576e+01,
3.7999794525e+01,
3.7999828095e+01,
3.7999855091e+01,
3.7999876940e+01,
3.7999894768e+01,
3.7999909468e+01,
3.7999921748e+01,
3.7999932162e+01,
3.7999941130e+01,
3.7999948962e+01,
3.7999955877e+01,
3.7999962026e+01,
3.7999967518e+01,
3.7999972430e+01,
3.7999976819e+01,
3.7999980727e+01,
3.7999984186e+01,
3.7999987224e+01,
3.7999989861e+01,
3.7999992121e+01,
3.7999994025e+01,
3.7999995598e+01,
3.7999996868e+01,
3.7999997864e+01,
3.7999998620e+01,
3.7999999169e+01,
3.7999999544e+01,
3.8000000000e+01,
3.8000000000e+01,
3.8000000000e+01,
3.8000000000e+01,
