0.0000000000e+00,
3.2411399786e-07,
1.0346363297e-05,
7.8248762193e-05,
3.2786794699e-04,
9.9328242101e-04,
2.4496341272e-03,
5.2391367958e-03,
1.0091401018e-02,
1.7937416185e-02,
2.9916753675e-02,
4.7377765562e-02,
7.1870711412e-02,
1.0513381137e-01,
1.4907216279e-01,
2.0572926138e-01,
2.7725057324e-01,
3.6583831410e-01,
4.7369647542e-01,
6.0296540853e-01,
7.5564613452e-01,
9.3351608237e-01,
1.1380400638e+00,
1.3702826064e+00,
1.6308296901e+00,
1.9197287769e+00,
2.2364552089e+00,
2.5799103932e+00,
2.9484530100e+00,
3.3399596415e+00,
3.7519068811e+00,
4.1814642733e+00,
4.6255870393e+00,
5.0810995226e+00,
5.5447639944e+00,
6.0133338241e+00,
6.4835938363e+00,
6.9523929975e+00,
7.4166749330e+00,
7.8735103090e+00,
8.3201324776e+00,
8.7539749823e+00,
9.1727075500e+00,
9.5742666866e+00,
9.9568779379e+00,
1.0319068669e+01,
1.0659672001e+01,
1.0977823684e+01,
1.1272953923e+01,
1.1544775854e+01,
1.1793271698e+01,
1.2018677047e+01,
1.2221463388e+01,
1.2402318752e+01,
1.2562126447e+01,
1.2701941838e+01,
1.2822967320e+01,
1.2926525702e+01,
1.3014032344e+01,
1.3086966475e+01,
1.3146842197e+01,
1.3195179741e+01,
1.3233477578e+01,
1.3263186051e+01,
1.3285683165e+01,
1.3302253174e+01,
1.3314068584e+01,
1.3322176086e+01,
1.3327486847e+01,
1.3330771485e+01,
1.3332659874e+01,
1.3333645798e+01,
1.3334096278e+01,
1.3334265269e+01,
1.3334311239e+01,
1.3334318024e+01,
1.3334318953e+01,
1.3334340887e+01,
1.3334489497e+01,
1.3335035798e+01,
1.3336492012e+01,
1.3339678773e+01,
1.3345781318e+01,
1.3356392181e+01,
1.3373538095e+01,
1.3399688986e+01,
1.3437747208e+01,
1.3491015580e+01,
1.3563143345e+01,
1.3658049945e+01,
1.3779827546e+01,
1.3932624437e+01,
1.4120512798e+01,
1.4347345625e+01,
1.4616608755e+01,
1.4931274625e+01,
1.5293664743e+01,
1.5705327704e+01,
1.6166939327e+01,
1.6678231268e+01,
1.7237954203e+01,
1.7843881006e+01,
1.8492853341e+01,
1.9180871280e+01,
1.9903220034e+01,
2.0654622106e+01,
2.1429399212e+01,
2.2221628250e+01,
2.3025279993e+01,
2.3834336766e+01,
2.4642893152e+01,
2.5445247994e+01,
2.6235994614e+01,
2.7010109749e+01,
2.7763034234e+01,
2.8490734653e+01,
2.9189737935e+01,
2.9857138022e+01,
3.0490580932e+01,
3.1088237614e+01,
3.1648772717e+01,
3.2171313746e+01,
3.2655421715e+01,
3.3101062530e+01,
3.3508577909e+01,
3.3878655055e+01,
3.4212294876e+01,
3.4510778994e+01,
3.4775635923e+01,
3.5008606824e+01,
3.5211611077e+01,
3.5386711813e+01,
3.5536081443e+01,
3.5661967199e+01,
3.5766656751e+01,
3.5852444058e+01,
3.5921595743e+01,
3.5976318441e+01,
3.6018727705e+01,
3.6050819188e+01,
3.6074442890e+01,
3.6091281303e+01,
3.6102832259e+01,
3.6110397204e+01,
3.6115075462e+01,
3.6117764870e+01,
3.6119168947e+01,
3.6119810473e+01,
3.6120051130e+01,
3.6120116595e+01,
3.6120126257e+01,
3.6120127174e+01,
3.6120145874e+01,
3.6120272570e+01,
3.6120738315e+01,
3.6121979792e+01,
3.6124696604e+01,
3.6129899124e+01,
3.6138944782e+01,
3.6153560765e+01,
3.6175851232e+01,
3.6208287376e+01,
3.6253678943e+01,
3.6315126315e+01,
3.6395952862e+01,
3.6499618172e+01,
3.6629613825e+01,
3.6789344621e+01,
3.6981999554e+01,
3.7210418155e+01,
3.7476959042e+01,
3.7783378409e+01,
3.8130726531e+01,
3.8519270127e+01,
3.8948447264e+01,
3.9416859425e+01,
3.9922302387e+01,
4.0461833760e+01,
4.1031871036e+01,
4.1628310416e+01,
4.2246654582e+01,
4.2882137792e+01,
4.3529839549e+01,
4.4184783255e+01,
4.4842022045e+01,
4.5496718364e+01,
4.6144224474e+01,
4.6780167111e+01,
4.7400532395e+01,
4.8001740459e+01,
4.8580697384e+01,
4.9134816672e+01,
4.9662011104e+01,
5.0160663537e+01,
5.0629588096e+01,
5.1067991120e+01,
5.1475436657e+01,
5.1851817133e+01,
5.2197327486e+01,
5.2512440562e+01,
5.2797882166e+01,
5.3054605049e+01,
5.3283761853e+01,
5.3486677423e+01,
5.3664821041e+01,
5.3819779007e+01,
5.3953227868e+01,
5.4066908382e+01,
5.4162600220e+01,
5.4242097342e+01,
5.4307183999e+01,
5.4359611405e+01,
5.4401075228e+01,
5.4433194193e+01,
5.4457490215e+01,
5.4475370579e+01,
5.4488112774e+01,
5.4496852563e+01,
5.4502575887e+01,
5.4506115050e+01,
5.4508149549e+01,
5.4509211693e+01,
5.4509696983e+01,
5.4509879031e+01,
5.4509928552e+01,
5.4509935861e+01,
5.4509936512e+01,
5.4509949316e+01,
5.4510036069e+01,
5.4510354977e+01,
5.4511205049e+01,
5.4513065303e+01,
5.4516627501e+01,
5.4522820907e+01,
5.4532827645e+01,
5.4548087299e+01,
5.4570289523e+01,
5.4601353624e+01,
5.4643394369e+01,
5.4698673718e+01,
5.4769538749e+01,
5.4858346783e+01,
5.4967379571e+01,
5.5098749344e+01,
5.5254300476e+01,
5.5435511390e+01,
5.5643402043e+01,
5.5878452792e+01,
5.6140540584e+01,
5.6428898097e+01,
5.6742100723e+01,
5.7078084895e+01,
5.7434199341e+01,
5.7807288249e+01,
5.8193802422e+01,
5.8589931444e+01,
5.8991747355e+01,
5.9395348770e+01,
5.9796994276e+01,
6.0193215433e+01,
6.0580902572e+01,
6.0957360230e+01,
6.1320332829e+01,
6.1668004312e+01,
6.1998977484e+01,
6.2312239558e+01,
6.2607120086e+01,
6.2883246321e+01,
6.3140499654e+01,
6.3378975311e+01,
6.3598946385e+01,
6.3800832434e+01,
6.3985172464e+01,
6.4152601874e+01,
6.4303832912e+01,
6.4439638184e+01,
6.4560836814e+01,
6.4668282825e+01,
6.4762855368e+01,
6.4845450376e+01,
6.4916973281e+01,
6.4978332410e+01,
6.5030432737e+01,
6.5074169728e+01,
6.5110423070e+01,
6.5140050185e+01,
6.5163879480e+01,
6.5182703418e+01,
6.5197271547e+01,
6.5208283715e+01,
6.5216383753e+01,
6.5222153948e+01,
6.5226110639e+01,
6.5228701249e+01,
6.5230303036e+01,
6.5231223766e+01,
6.5231704429e+01,
6.5231924039e+01,
6.5232006420e+01,
6.5232028830e+01,
6.5232032138e+01,
6.5232032430e+01,
6.5232038164e+01,
6.5232077015e+01,
6.5232219832e+01,
6.5232600514e+01,
6.5233433552e+01,
6.5235028635e+01,
6.5237801602e+01,
6.5242281052e+01,
6.5249109904e+01,
6.5259041255e+01,
6.5272927978e+01,
6.5291705631e+01,
6.5316368538e+01,
6.5347939228e+01,
6.5387431907e+01,
6.5435811180e+01,
6.5493947815e+01,
6.5562573939e+01,
6.5642240453e+01,
6.5733279735e+01,
6.5835776645e+01,
6.5949550443e+01,
6.6074149536e+01,
6.6208859911e+01,
6.6352726924e+01,
6.6504588826e+01,
6.6663119351e+01,
6.6826875888e+01,
6.6994349550e+01,
6.7164013624e+01,
6.7334367666e+01,
6.7503975379e+01,
6.7671495405e+01,
6.7835704916e+01,
6.7995516361e+01,
6.8149987961e+01,
6.8298328573e+01,
6.8439897585e+01,
6.8574200506e+01,
6.8700880970e+01,
6.8819709986e+01,
6.8930573281e+01,
6.9033457589e+01,
6.9128436683e+01,
6.9215657795e+01,
6.9295328941e+01,
6.9367707458e+01,
6.9433089939e+01,
6.9491803602e+01,
6.9544199003e+01,
6.9590643981e+01,
6.9631518627e+01,
6.9667211094e+01,
6.9698114019e+01,
6.9724621384e+01,
6.9747125628e+01,
6.9766014886e+01,
6.9781670225e+01,
6.9794462833e+01,
6.9804751122e+01,
6.9812877768e+01,
6.9819166741e+01,
6.9823920413e+01,
6.9827416874e+01,
6.9829907574e+01,
6.9831615446e+01,
6.9832733647e+01,
6.9833425031e+01,
6.9833822447e+01,
6.9834029915e+01,
6.9834124705e+01,
6.9834160264e+01,
6.9834169936e+01,
6.9834171364e+01,
6.9834171492e+01,
6.9834174028e+01,
6.9834191206e+01,
6.9834254352e+01,
6.9834422670e+01,
6.9834790996e+01,
6.9835496249e+01,
6.9836722272e+01,
6.9838702725e+01,
6.9841721742e+01,
6.9846112038e+01,
6.9852250207e+01,
6.9860549025e+01,
6.9871446678e+01,
6.9885392996e+01,
6.9902832995e+01,
6.9924188263e+01,
6.9949837004e+01,
6.9980093820e+01,
7.0015190471e+01,
7.0055259034e+01,
7.0100318773e+01,
7.0150267937e+01,
7.0204881335e+01,
7.0263814069e+01,
7.0326611344e+01,
7.0392723674e+01,
7.0461526409e+01,
7.0532342160e+01,
7.0604464605e+01,
7.0677182141e+01,
7.0749800106e+01,
7.0821660504e+01,
7.0892158520e+01,
7.0960755351e+01,
7.1026987155e+01,
7.1090470113e+01,
7.1150901765e+01,
7.1208058979e+01,
7.1261793068e+01,
7.1312022703e+01,
7.1358725371e+01,
7.1401928119e+01,
7.1441698285e+01,
7.1478134753e+01,
7.1511360150e+01,
7.1541514176e+01,
7.1568748158e+01,
7.1593220753e+01,
7.1615094705e+01,
7.1634534455e+01,
7.1651704453e+01,
7.1666767980e+01,
7.1679886332e+01,
7.1691218236e+01,
7.1700919381e+01,
7.1709141987e+01,
7.1716034346e+01,
7.1721740293e+01,
7.1726398591e+01,
7.1730142215e+01,
7.1733097558e+01,
7.1735383578e+01,
7.1737110926e+01,
7.1738381113e+01,
7.1739285762e+01,
7.1739905999e+01,
7.1740312053e+01,
7.1740563103e+01,
7.1740707404e+01,
7.1740782735e+01,
7.1740817152e+01,
7.1740830063e+01,
7.1740833575e+01,
7.1740834093e+01,
7.1740834141e+01,
7.1740835100e+01,
7.1740841599e+01,
7.1740865489e+01,
7.1740929167e+01,
7.1741068508e+01,
7.1741335301e+01,
7.1741799060e+01,
7.1742548090e+01,
7.1743689676e+01,
7.1745349268e+01,
7.1747668553e+01,
7.1750802336e+01,
7.1754914200e+01,
7.1760170979e+01,
7.1766736204e+01,
7.1774762749e+01,
7.1784385085e+01,
7.1795711592e+01,
7.1808817519e+01,
7.1823739162e+01,
7.1840469806e+01,
7.1858957859e+01,
7.1879107420e+01,
7.1900781270e+01,
7.1923806060e+01,
7.1947979250e+01,
7.1973077185e+01,
7.1998863661e+01,
7.2025098344e+01,
7.2051544505e+01,
7.2077975673e+01,
7.2104180980e+01,
7.2129969081e+01,
7.2155170701e+01,
7.2179639896e+01,
7.2203254230e+01,
7.2225914060e+01,
7.2247541162e+01,
7.2268076922e+01,
7.2287480285e+01,
7.2305725649e+01,
7.2322800812e+01,
7.2338705087e+01,
7.2353447626e+01,
7.2367045975e+01,
7.2379524860e+01,
7.2390915174e+01,
7.2401253141e+01,
7.2410579613e+01,
7.2418939469e+01,
7.2426381088e+01,
7.2432955851e+01,
7.2438717670e+01,
7.2443722504e+01,
7.2448027866e+01,
7.2451692302e+01,
7.2454774835e+01,
7.2457334384e+01,
7.2459429153e+01,
7.2461116000e+01,
7.2462449802e+01,
7.2463482833e+01,
7.2464264164e+01,
7.2464839125e+01,
7.2465248839e+01,
7.2465529847e+01,
7.2465713862e+01,
7.2465827651e+01,
7.2465893062e+01,
7.2465927211e+01,
7.2465942813e+01,
7.2465948666e+01,
7.2465950258e+01,
7.2465950493e+01,
7.2465950516e+01,
7.2465950973e+01,
7.2465954073e+01,
7.2465965467e+01,
7.2465995839e+01,
7.2466062303e+01,
7.2466189570e+01,
7.2466410831e+01,
7.2466768289e+01,
7.2467313309e+01,
7.2468106120e+01,
7.2469215037e+01,
7.2470715176e+01,
7.2472686654e+01,
7.2475212285e+01,
7.2478374845e+01,
7.2482253977e+01,
7.2486922883e+01,
7.2492444979e+01,
7.2498870696e+01,
7.2506234657e+01,
7.2514553410e+01,
7.2523823881e+01,
7.2534022671e+01,
7.2545106208e+01,
7.2557011741e+01,
7.2569659073e+01,
7.2582952891e+01,
7.2596785537e+01,
7.2611040054e+01,
7.2625593368e+01,
7.2640319481e+01,
7.2655092585e+01,
7.2669790013e+01,
7.2684294948e+01,
7.2698498834e+01,
7.2712303395e+01,
7.2725622229e+01,
7.2738381904e+01,
7.2750522557e+01,
7.2761997993e+01,
7.2772775318e+01,
7.2782834191e+01,
7.2792165760e+01,
7.2800771389e+01,
7.2808661267e+01,
7.2815852984e+01,
7.2822370147e+01,
7.2828241097e+01,
7.2833497748e+01,
7.2838174587e+01,
7.2842307831e+01,
7.2845934724e+01,
7.2849092984e+01,
7.2851820355e+01,
7.2854154252e+01,
7.2856131481e+01,
7.2857787998e+01,
7.2859158700e+01,
7.2860277228e+01,
7.2861175772e+01,
7.2861884872e+01,
7.2862433223e+01,
7.2862847473e+01,
7.2863152036e+01,
7.2863368924e+01,
7.2863517611e+01,
7.2863614947e+01,
7.2863675124e+01,
7.2863709713e+01,
7.2863727769e+01,
7.2863736019e+01,
7.2863739113e+01,
7.2863739955e+01,
7.2863740079e+01,
7.2863740092e+01,
7.2863740348e+01,
7.2863742082e+01,
7.2863748459e+01,
7.2863765455e+01,
7.2863802644e+01,
7.2863873846e+01,
7.2863997600e+01,
7.2864197441e+01,
7.2864501926e+01,
7.2864944381e+01,
7.2865562324e+01,
7.2866396548e+01,
7.2867489837e+01,
7.2868885334e+01,
7.2870624577e+01,
7.2872745290e+01,
7.2875279019e+01,
7.2878248760e+01,
7.2881666755e+01,
7.2885532632e+01,
7.2889832105e+01,
7.2894536381e+01,
7.2899602414e+01,
7.2904974070e+01,
7.2910584164e+01,
7.2916357264e+01,
7.2922213070e+01,
7.2928070085e+01,
7.2933849292e+01,
7.2939477542e+01,
7.2944890373e+01,
7.2950034094e+01,
7.2954867020e+01,
7.2959359858e+01,
7.2963495321e+01,
7.2967267113e+01,
7.2970678471e+01,
7.2973740434e+01,
7.2976470038e+01,
7.2978888560e+01,
7.2981019927e+01,
7.2982889355e+01,
7.2984522249e+01,
7.2985943356e+01,
7.2987176172e+01,
7.2988242546e+01,
7.2989162465e+01,
7.2989953973e+01,
7.2990633187e+01,
7.2991214390e+01,
7.2991710158e+01,
7.2992131522e+01,
7.2992488136e+01,
7.2992788443e+01,
7.2993039836e+01,
7.2993248804e+01,
7.2993421062e+01,
7.2993561668e+01,
7.2993675116e+01,
7.2993765414e+01,
7.2993836149e+01,
7.2993890532e+01,
7.2993931432e+01,
7.2993961402e+01,
7.2993982693e+01,
7.2993997264e+01,
7.2994006792e+01,
7.2994012678e+01,
7.2994016059e+01,
7.2994017824e+01,
7.2994018631e+01,
7.2994018933e+01,
7.2994019015e+01,
7.2994019027e+01,
7.2994019029e+01,
7.2994019055e+01,
7.2994019235e+01,
7.2994019898e+01,
7.2994021662e+01,
7.2994025523e+01,
7.2994032909e+01,
7.2994045735e+01,
7.2994066412e+01,
7.2994097833e+01,
7.2994143314e+01,
7.2994206482e+01,
7.2994291112e+01,
7.2994400901e+01,
7.2994539194e+01,
7.2994708674e+01,
7.2994911035e+01,
7.2995146676e+01,
7.2995414456e+01,
7.2995711555e+01,
7.2996033469e+01,
7.2996374175e+01,
7.2996726453e+01,
7.2997082347e+01,
7.2997433720e+01,
7.2997772830e+01,
7.2998092860e+01,
7.2998388334e+01,
7.2998655385e+01,
7.2998891836e+01,
7.2999097126e+01,
7.2999272088e+01,
7.2999418645e+01,
7.2999539465e+01,
7.2999637628e+01,
7.2999716348e+01,
7.2999778757e+01,
7.2999827758e+01,
7.2999865932e+01,
7.2999895496e+01,
7.2999918291e+01,
7.2999935814e+01,
7.2999949258e+01,
7.2999959576e+01,
7.2999967519e+01,
7.2999973672e+01,
7.2999978472e+01,
7.2999982237e+01,
7.2999985199e+01,
7.2999987537e+01,
7.2999989402e+01,
7.2999990922e+01,
7.2999992198e+01,
7.2999993294e+01,
7.2999994248e+01,
7.2999995083e+01,
7.2999995814e+01,
7.2999996455e+01,
7.2999997017e+01,
7.2999997513e+01,
7.2999997949e+01,
7.2999998334e+01,
7.2999998670e+01,
7.2999998960e+01,
7.2999999208e+01,
7.2999999414e+01,
7.2999999582e+01,
7.3000000000e+01,
7.3000000000e+01,
7.3000000000e+01,
7.3000000000e+01,
7.3000000000e+01,
7.3000000000e+01,
7.3000000000e+01,
7.3000000000e+01,
