0.0000000000e+00,
2.7342339592e-07,
8.7282164998e-06,
6.6010835397e-05,
2.7659007669e-04,
8.3793448751e-04,
2.0665115965e-03,
4.4197229007e-03,
8.5130365426e-03,
1.5131755384e-02,
2.5237047401e-02,
3.9966046425e-02,
6.0625976036e-02,
8.8682326671e-02,
1.2574109894e-01,
1.7352500479e-01,
2.3384331444e-01,
3.0855481754e-01,
3.9952324797e-01,
5.0856465463e-01,
6.3738673425e-01,
7.8752116595e-01,
9.6025146331e-01,
1.1565405755e+00,
1.3769640417e+00,
1.6216554474e+00,
1.8902707964e+00,
2.1819769585e+00,
2.4954666579e+00,
2.8289990090e+00,
3.1804611136e+00,
3.5474435342e+00,
3.9273211857e+00,
4.3173316030e+00,
4.7146444596e+00,
5.1164190392e+00,
5.5198493464e+00,
5.9221989452e+00,
6.3208289454e+00,
6.7132226729e+00,
7.0970096422e+00,
7.4699899461e+00,
7.8301586259e+00,
8.1757284754e+00,
8.5051493241e+00,
8.8171221452e+00,
9.1106070955e+00,
9.3848254605e+00,
9.6392561560e+00,
9.8736277737e+00,
1.0087907170e+01,
1.0282285413e+01,
1.0457161639e+01,
1.0613125147e+01,
1.0750935928e+01,
1.0871503739e+01,
1.0975865859e+01,
1.1065163705e+01,
1.1140618543e+01,
1.1203506617e+01,
1.1255134092e+01,
1.1296812254e+01,
1.1329833485e+01,
1.1355448547e+01,
1.1374845738e+01,
1.1389132457e+01,
1.1399319707e+01,
1.1406309977e+01,
1.1410888896e+01,
1.1413720895e+01,
1.1415349055e+01,
1.1416199113e+01,
1.1416587514e+01,
1.1416733218e+01,
1.1416772852e+01,
1.1416778702e+01,
1.1416779503e+01,
1.1416798415e+01,
1.1416926545e+01,
1.1417397563e+01,
1.1418653101e+01,
1.1421400705e+01,
1.1426662272e+01,
1.1435810855e+01,
1.1450593840e+01,
1.1473140668e+01,
1.1505953502e+01,
1.1551879584e+01,
1.1614064535e+01,
1.1695886506e+01,
1.1800872022e+01,
1.1932595444e+01,
1.2094565209e+01,
1.2290101246e+01,
1.2522209022e+01,
1.2793456300e+01,
1.3105858702e+01,
1.3460779556e+01,
1.3858848388e+01,
1.4299901412e+01,
1.4782946799e+01,
1.5306157746e+01,
1.5866896715e+01,
1.6461773741e+01,
1.7086739346e+01,
1.7737208221e+01,
1.8408204553e+01,
1.9094515628e+01,
1.9790839031e+01,
2.0491911248e+01,
2.1192611063e+01,
2.1888037896e+01,
2.2573570715e+01,
2.3244915405e+01,
2.3898147044e+01,
2.4529749378e+01,
2.5136649325e+01,
2.5716241738e+01,
2.6266400120e+01,
2.6785471820e+01,
2.7272259671e+01,
2.7725994268e+01,
2.8146301493e+01,
2.8533168859e+01,
2.8886912681e+01,
2.9208146754e+01,
2.9497752402e+01,
2.9756849449e+01,
2.9986767638e+01,
3.0189018154e+01,
3.0365265001e+01,
3.0517296131e+01,
3.0646994255e+01,
3.0756307394e+01,
3.0847219252e+01,
3.0921719636e+01,
3.0981775228e+01,
3.1029301147e+01,
3.1066133847e+01,
3.1094005978e+01,
3.1114523930e+01,
3.1129148776e+01,
3.1139181319e+01,
3.1145751856e+01,
3.1149815171e+01,
3.1152151068e+01,
3.1153370587e+01,
3.1153927788e+01,
3.1154136812e+01,
3.1154193672e+01,
3.1154202064e+01,
3.1154202861e+01,
3.1154219103e+01,
3.1154329146e+01,
3.1154733671e+01,
3.1155811964e+01,
3.1158171671e+01,
3.1162690366e+01,
3.1170547080e+01,
3.1183242037e+01,
3.1202602966e+01,
3.1230776535e+01,
3.1270203732e+01,
3.1323578390e+01,
3.1393788649e+01,
3.1483841836e+01,
3.1596774205e+01,
3.1735547984e+01,
3.1902939324e+01,
3.2101421822e+01,
3.2333051213e+01,
3.2599357513e+01,
3.2901251157e+01,
3.3238949587e+01,
3.3611930124e+01,
3.4018913895e+01,
3.4457884012e+01,
3.4926138998e+01,
3.5420379687e+01,
3.5936824503e+01,
3.6471344665e+01,
3.7019607991e+01,
3.7577218581e+01,
3.8139840299e+01,
3.8703295015e+01,
3.9263631406e+01,
3.9817165773e+01,
4.0360501264e+01,
4.0890534804e+01,
4.1404461086e+01,
4.1899780347e+01,
4.2374312167e+01,
4.2826212943e+01,
4.3253991556e+01,
4.3656517254e+01,
4.4033015751e+01,
4.4383052942e+01,
4.4706508735e+01,
4.5003545171e+01,
4.5274573051e+01,
4.5520220044e+01,
4.5741301810e+01,
4.5938796335e+01,
4.6113820948e+01,
4.6267611174e+01,
4.6401500620e+01,
4.6516901237e+01,
4.6615283543e+01,
4.6698156578e+01,
4.6767047546e+01,
4.6823481241e+01,
4.6868959479e+01,
4.6904940884e+01,
4.6932821437e+01,
4.6953916328e+01,
4.6969443627e+01,
4.6980510388e+01,
4.6988101710e+01,
4.6993073260e+01,
4.6996147669e+01,
4.6997915045e+01,
4.6998837745e+01,
4.6999259327e+01,
4.6999417476e+01,
4.6999460497e+01,
4.6999466846e+01,
4.6999467411e+01,
4.6999478535e+01,
4.6999553899e+01,
4.6999830943e+01,
4.7000569427e+01,
4.7002185506e+01,
4.7005280207e+01,
4.7010661029e+01,
4.7019355487e+01,
4.7032615471e+01,
4.7051911459e+01,
4.7078915777e+01,
4.7115474387e+01,
4.7163567079e+01,
4.7225256446e+01,
4.7302626641e+01,
4.7397713645e+01,
4.7512429498e+01,
4.7648483620e+01,
4.7807304870e+01,
4.7989968247e+01,
4.8197130061e+01,
4.8428975035e+01,
4.8685178199e+01,
4.8964883747e+01,
4.9266702479e+01,
4.9588728968e+01,
4.9928579261e+01,
5.0283449342e+01,
5.0650193607e+01,
5.1025420991e+01,
5.1405604371e+01,
5.1787196778e+01,
5.2166746453e+01,
5.2541002365e+01,
5.2907002673e+01,
5.3262140711e+01,
5.3604205887e+01,
5.3931399868e+01,
5.4242330921e+01,
5.4535991021e+01,
5.4811721039e+01,
5.5069169242e+01,
5.5308247546e+01,
5.5529088895e+01,
5.5732008008e+01,
5.5917466683e+01,
5.6086044073e+01,
5.6238411806e+01,
5.6375313471e+01,
5.6497547862e+01,
5.6605955295e+01,
5.6701406356e+01,
5.6784792484e+01,
5.6857017849e+01,
5.6918992084e+01,
5.6971623481e+01,
5.7015812349e+01,
5.7052444336e+01,
5.7082383576e+01,
5.7106465636e+01,
5.7125490311e+01,
5.7140214430e+01,
5.7151344877e+01,
5.7159532114e+01,
5.7165364529e+01,
5.7169363933e+01,
5.7171982531e+01,
5.7173601631e+01,
5.7174532315e+01,
5.7175018176e+01,
5.7175240161e+01,
5.7175323434e+01,
5.7175346086e+01,
5.7175349429e+01,
5.7175349725e+01,
5.7175355521e+01,
5.7175394792e+01,
5.7175539153e+01,
5.7175923953e+01,
5.7176766003e+01,
5.7178378345e+01,
5.7181181332e+01,
5.7185709318e+01,
5.7192612258e+01,
5.7202651562e+01,
5.7216689638e+01,
5.7235672692e+01,
5.7260606646e+01,
5.7292526350e+01,
5.7332458746e+01,
5.7381381180e+01,
5.7440176638e+01,
5.7509588222e+01,
5.7590175658e+01,
5.7682276816e+01,
5.7785977252e+01,
5.7901090395e+01,
5.8027150379e+01,
5.8163418600e+01,
5.8308904028e+01,
5.8462396211e+01,
5.8622508862e+01,
5.8787731081e+01,
5.8956482643e+01,
5.9127169446e+01,
5.9298235303e+01,
5.9468206735e+01,
5.9635728367e+01,
5.9799587738e+01,
5.9958729688e+01,
6.0112261566e+01,
6.0259451202e+01,
6.0399719761e+01,
6.0532631370e+01,
6.0657880978e+01,
6.0775281428e+01,
6.0884750339e+01,
6.0986297171e+01,
6.1080010721e+01,
6.1166047251e+01,
6.1244619419e+01,
6.1315986172e+01,
6.1380443703e+01,
6.1438317518e+01,
6.1489955613e+01,
6.1535722677e+01,
6.1575995215e+01,
6.1611157425e+01,
6.1641597678e+01,
6.1667705411e+01,
6.1689868288e+01,
6.1708469484e+01,
6.1723884991e+01,
6.1736480875e+01,
6.1746610455e+01,
6.1754611422e+01,
6.1760802941e+01,
6.1765482837e+01,
6.1768924972e+01,
6.1771376939e+01,
6.1773058237e+01,
6.1774159032e+01,
6.1774839652e+01,
6.1775230878e+01,
6.1775435116e+01,
6.1775528430e+01,
6.1775563434e+01,
6.1775572956e+01,
6.1775574362e+01,
6.1775574488e+01,
6.1775576984e+01,
6.1775593894e+01,
6.1775656057e+01,
6.1775821754e+01,
6.1776184342e+01,
6.1776878608e+01,
6.1778085525e+01,
6.1780035102e+01,
6.1783007018e+01,
6.1787328748e+01,
6.1793370908e+01,
6.1801539654e+01,
6.1812266028e+01,
6.1825992359e+01,
6.1843155995e+01,
6.1864170908e+01,
6.1889407986e+01,
6.1919175076e+01,
6.1953698036e+01,
6.1993104209e+01,
6.2037409670e+01,
6.2086511484e+01,
6.2140185845e+01,
6.2198092546e+01,
6.2259785657e+01,
6.2324729716e+01,
6.2392320222e+01,
6.2461906802e+01,
6.2532817270e+01,
6.2604380741e+01,
6.2675948305e+01,
6.2746910077e+01,
6.2816708063e+01,
6.2884844723e+01,
6.2950887621e+01,
6.3014470821e+01,
6.3075293853e+01,
6.3133119040e+01,
6.3187767826e+01,
6.3239116587e+01,
6.3287092169e+01,
6.3331667261e+01,
6.3372855629e+01,
6.3410707209e+01,
6.3445303068e+01,
6.3476750341e+01,
6.3505177237e+01,
6.3530728289e+01,
6.3553559988e+01,
6.3573836914e+01,
6.3591728445e+01,
6.3607406052e+01,
6.3621041148e+01,
6.3632803429e+01,
6.3642859601e+01,
6.3651372394e+01,
6.3658499772e+01,
6.3664394236e+01,
6.3669202165e+01,
6.3673063143e+01,
6.3676109248e+01,
6.3678464307e+01,
6.3680243135e+01,
6.3681550796e+01,
6.3682481933e+01,
6.3683120234e+01,
6.3683538072e+01,
6.3683796390e+01,
6.3683944863e+01,
6.3684022370e+01,
6.3684057781e+01,
6.3684071064e+01,
6.3684074678e+01,
6.3684075211e+01,
6.3684075260e+01,
6.3684076247e+01,
6.3684082933e+01,
6.3684107513e+01,
6.3684173028e+01,
6.3684316388e+01,
6.3684590863e+01,
6.3685067940e+01,
6.3685838385e+01,
6.3687012383e+01,
6.3688718602e+01,
6.3691102057e+01,
6.3694320682e+01,
6.3698540541e+01,
6.3703929724e+01,
6.3710651058e+01,
6.3718853886e+01,
6.3728665331e+01,
6.3740181582e+01,
6.3753459868e+01,
6.3768511887e+01,
6.3785299416e+01,
6.3803732808e+01,
6.3823672852e+01,
6.3844936168e+01,
6.3867303932e+01,
6.3890533244e+01,
6.3914370028e+01,
6.3938562074e+01,
6.3962870715e+01,
6.3987079924e+01,
6.4011002014e+01,
6.4034479823e+01,
6.4057385823e+01,
6.4079619027e+01,
6.4101100733e+01,
6.4121770037e+01,
6.4141579805e+01,
6.4160493464e+01,
6.4178482719e+01,
6.4195526108e+01,
6.4211608185e+01,
6.4226719148e+01,
6.4240854706e+01,
6.4254016061e+01,
6.4266209898e+01,
6.4277448347e+01,
6.4287748875e+01,
6.4297134126e+01,
6.4305631678e+01,
6.4313273755e+01,
6.4320096875e+01,
6.4326141449e+01,
6.4331451333e+01,
6.4336073334e+01,
6.4340056665e+01,
6.4343452362e+01,
6.4346312667e+01,
6.4348690368e+01,
6.4350638123e+01,
6.4352207776e+01,
6.4353449666e+01,
6.4354411969e+01,
6.4355140071e+01,
6.4355676010e+01,
6.4356057992e+01,
6.4356320017e+01,
6.4356491617e+01,
6.4356597735e+01,
6.4356658739e+01,
6.4356690587e+01,
6.4356705139e+01,
6.4356710598e+01,
6.4356712083e+01,
6.4356712302e+01,
6.4356712323e+01,
6.4356712749e+01,
6.4356715640e+01,
6.4356726267e+01,
6.4356754594e+01,
6.4356816584e+01,
6.4356935290e+01,
6.4357141679e+01,
6.4357475150e+01,
6.4357983691e+01,
6.4358723638e+01,
6.4359759013e+01,
6.4361160406e+01,
6.4363003411e+01,
6.4365366623e+01,
6.4368329245e+01,
6.4371968387e+01,
6.4376356161e+01,
6.4381556715e+01,
6.4387623367e+01,
6.4394596017e+01,
6.4402498993e+01,
6.4411339486e+01,
6.4421106661e+01,
6.4431771510e+01,
6.4443287420e+01,
6.4455591402e+01,
6.4468605869e+01,
6.4482240809e+01,
6.4496396223e+01,
6.4510964669e+01,
6.4525833806e+01,
6.4540888856e+01,
6.4556014933e+01,
6.4571099213e+01,
6.4586032935e+01,
6.4600713222e+01,
6.4615044696e+01,
6.4628940871e+01,
6.4642325274e+01,
6.4655132270e+01,
6.4667307563e+01,
6.4678808360e+01,
6.4689603224e+01,
6.4699671632e+01,
6.4709003299e+01,
6.4717597316e+01,
6.4725461176e+01,
6.4732609738e+01,
6.4739064183e+01,
6.4744851005e+01,
6.4750001064e+01,
6.4754548717e+01,
6.4758531032e+01,
6.4761987091e+01,
6.4764957354e+01,
6.4767483099e+01,
6.4769605897e+01,
6.4771367130e+01,
6.4772807528e+01,
6.4773966730e+01,
6.4774882860e+01,
6.4775592113e+01,
6.4776128385e+01,
6.4776522918e+01,
6.4776804009e+01,
6.4776996776e+01,
6.4777122996e+01,
6.4777201042e+01,
6.4777245905e+01,
6.4777269325e+01,
6.4777280026e+01,
6.4777284040e+01,
6.4777285132e+01,
6.4777285294e+01,
6.4777285309e+01,
6.4777285642e+01,
6.4777287892e+01,
6.4777296163e+01,
6.4777318210e+01,
6.4777366455e+01,
6.4777458831e+01,
6.4777619417e+01,
6.4777878812e+01,
6.4778274219e+01,
6.4778849189e+01,
6.4779652991e+01,
6.4780739582e+01,
6.4782166165e+01,
6.4783991331e+01,
6.4786272821e+01,
6.4789064977e+01,
6.4792415958e+01,
6.4796364878e+01,
6.4800939012e+01,
6.4806151257e+01,
6.4811998070e+01,
6.4818458054e+01,
6.4825491385e+01,
6.4833040192e+01,
6.4841029970e+01,
6.4849371981e+01,
6.4857966556e+01,
6.4866707078e+01,
6.4875484374e+01,
6.4884191204e+01,
6.4892726489e+01,
6.4900998989e+01,
6.4908930176e+01,
6.4916456155e+01,
6.4923528588e+01,
6.4930114654e+01,
6.4936196208e+01,
6.4941768291e+01,
6.4946837229e+01,
6.4951418509e+01,
6.4955534627e+01,
6.4959213047e+01,
6.4962484373e+01,
6.4965380793e+01,
6.4967934820e+01,
6.4970178325e+01,
6.4972141841e+01,
6.4973854094e+01,
6.4975341735e+01,
6.4976629224e+01,
6.4977738821e+01,
6.4978690670e+01,
6.4979502932e+01,
6.4980191947e+01,
6.4980772418e+01,
6.4981257588e+01,
6.4981659407e+01,
6.4981988689e+01,
6.4982255239e+01,
6.4982467965e+01,
6.4982634961e+01,
6.4982763566e+01,
6.4982860413e+01,
6.4982931447e+01,
6.4982981945e+01,
6.4983016522e+01,
6.4983039138e+01,
6.4983053114e+01,
6.4983061144e+01,
6.4983065335e+01,
6.4983067250e+01,
6.4983067968e+01,
6.4983068163e+01,
6.4983068192e+01,
6.4983068195e+01,
6.4983068258e+01,
6.4983068686e+01,
6.4983070259e+01,
6.4983074450e+01,
6.4983083619e+01,
6.4983101167e+01,
6.4983131644e+01,
6.4983180800e+01,
6.4983255553e+01,
6.4983363872e+01,
6.4983514549e+01,
6.4983716843e+01,
6.4983980014e+01,
6.4984312727e+01,
6.4984722375e+01,
6.4985214342e+01,
6.4985791294e+01,
6.4986452559e+01,
6.4987193686e+01,
6.4988006273e+01,
6.4988878120e+01,
6.4989793726e+01,
6.4990735126e+01,
6.4991682982e+01,
6.4992617827e+01,
6.4993521319e+01,
6.4994377360e+01,
6.4995172960e+01,
6.4995898768e+01,
6.4996549226e+01,
6.4997122397e+01,
6.4997619516e+01,
6.4998044364e+01,
6.4998402574e+01,
6.4998700941e+01,
6.4998946806e+01,
6.4999147546e+01,
6.4999310184e+01,
6.4999441134e+01,
6.4999546058e+01,
6.4999629836e+01,
6.4999696591e+01,
6.4999749762e+01,
6.4999792176e+01,
6.4999826120e+01,
6.4999853418e+01,
6.4999875514e+01,
6.4999893544e+01,
6.4999908412e+01,
6.4999920833e+01,
6.4999931368e+01,
6.4999940441e+01,
6.4999948364e+01,
6.4999955359e+01,
6.4999961580e+01,
6.4999967137e+01,
6.4999972107e+01,
6.4999976547e+01,
6.4999980500e+01,
6.4999984001e+01,
6.4999987074e+01,
6.4999989742e+01,
6.4999992028e+01,
6.4999993954e+01,
6.4999995546e+01,
6.4999996831e+01,
6.4999997839e+01,
6.4999998604e+01,
6.4999999159e+01,
6.4999999539e+01,
6.5000000000e+01,
6.5000000000e+01,
6.5000000000e+01,
6.5000000000e+01,
