0.0000000000e+00,
1.5118219920e-07,
4.8260367009e-06,
3.6498938599e-05,
1.5293300160e-04,
4.6331210610e-04,
1.1426130225e-03,
2.4437234408e-03,
4.7068902754e-03,
8.3661765586e-03,
1.3952708677e-02,
2.2094600187e-02,
3.3513533200e-02,
4.9018051283e-02,
6.9493657907e-02,
9.5889814697e-02,
1.2920389582e-01,
1.7046209292e-01,
2.2069720797e-01,
2.8092326213e-01,
3.5210693513e-01,
4.3513607441e-01,
5.3078589489e-01,
6.3968400706e-01,
7.6227599243e-01,
8.9879377703e-01,
1.0492293917e+00,
1.2133167248e+00,
1.3905234843e+00,
1.5800547951e+00,
1.7808687628e+00,
1.9917031101e+00,
2.2111108677e+00,
2.4375022656e+00,
2.6691895840e+00,
2.9044318058e+00,
3.1414764186e+00,
3.3785964944e+00,
3.6141220496e+00,
3.8464654998e+00,
4.0741416347e+00,
4.2957829042e+00,
4.5101509209e+00,
4.7161450099e+00,
4.9128084393e+00,
5.0993327326e+00,
5.2750602500e+00,
5.4394850748e+00,
5.5922521560e+00,
5.7331546432e+00,
5.8621293724e+00,
5.9792505147e+00,
6.0847214521e+00,
6.1788649975e+00,
6.2621121127e+00,
6.3349893082e+00,
6.3981049302e+00,
6.4521345583e+00,
6.4978057573e+00,
6.5358824435e+00,
6.5671491504e+00,
6.5923954977e+00,
6.6124011851e+00,
6.6279218475e+00,
6.6396761074e+00,
6.6483341540e+00,
6.6545081558e+00,
6.6587447755e+00,
6.6615200052e+00,
6.6632364739e+00,
6.6642233072e+00,
6.6647385330e+00,
6.6649739463e+00,
6.6650622582e+00,
6.6650862813e+00,
6.6650898270e+00,
6.6650903124e+00,
6.6651017750e+00,
6.6651794360e+00,
6.6654649246e+00,
6.6662259219e+00,
6.6678912926e+00,
6.6710804731e+00,
6.6766258473e+00,
6.6855869360e+00,
6.6992553330e+00,
6.7191494731e+00,
6.7469985131e+00,
6.7847148893e+00,
6.8343554820e+00,
6.8980717891e+00,
6.9780500795e+00,
7.0764431372e+00,
7.1952958817e+00,
7.3364678159e+00,
7.5015558471e+00,
7.6918215279e+00,
7.9081271254e+00,
8.1508850793e+00,
8.4200251898e+00,
8.7149829555e+00,
9.0347105004e+00,
9.3777084136e+00,
9.7420732475e+00,
1.0125552950e+01,
1.0525602787e+01,
1.0939437715e+01,
1.1364081979e+01,
1.1796420142e+01,
1.2233253986e+01,
1.2671366913e+01,
1.3107593649e+01,
1.3538890032e+01,
1.3962396712e+01,
1.4375491484e+01,
1.4775827188e+01,
1.5161354547e+01,
1.5530331387e+01,
1.5881321005e+01,
1.6213182832e+01,
1.6525058381e+01,
1.6816354786e+01,
1.7086727492e+01,
1.7336062927e+01,
1.7564461477e+01,
1.7772220697e+01,
1.7959818588e+01,
1.8127896675e+01,
1.8277242713e+01,
1.8408772846e+01,
1.8523513193e+01,
1.8622580807e+01,
1.8707164090e+01,
1.8778502750e+01,
1.8837867456e+01,
1.8886539413e+01,
1.8925790143e+01,
1.8956861818e+01,
1.8980948547e+01,
1.8999179071e+01,
1.9012601358e+01,
1.9022169554e+01,
1.9028733761e+01,
1.9033033023e+01,
1.9035691835e+01,
1.9037220348e+01,
1.9038018359e+01,
1.9038382974e+01,
1.9038519753e+01,
1.9038556961e+01,
1.9038562452e+01,
1.9038562974e+01,
1.9038573602e+01,
1.9038645611e+01,
1.9038910321e+01,
1.9039615929e+01,
1.9041160079e+01,
1.9044117094e+01,
1.9049258688e+01,
1.9057567047e+01,
1.9070239264e+01,
1.9088682254e+01,
1.9114497435e+01,
1.9149454755e+01,
1.9195455954e+01,
1.9254487430e+01,
1.9328563619e+01,
1.9419662410e+01,
1.9529654795e+01,
1.9660231534e+01,
1.9812830188e+01,
1.9988566160e+01,
2.0188171540e+01,
2.0411945418e+01,
2.0659718981e+01,
2.0930838162e+01,
2.1224165886e+01,
2.1538104939e+01,
2.1870641029e+01,
2.2219403730e+01,
2.2581740709e+01,
2.2954798703e+01,
2.3335603968e+01,
2.3721136070e+01,
2.4108391744e+01,
2.4494438937e+01,
2.4876463506e+01,
2.5251811499e+01,
2.5618028635e+01,
2.5972896579e+01,
2.6314464042e+01,
2.6641070116e+01,
2.6951357791e+01,
2.7244276722e+01,
2.7519075673e+01,
2.7775286187e+01,
2.8012699717e+01,
2.8231340698e+01,
2.8431437856e+01,
2.8613395644e+01,
2.8777767164e+01,
2.8925229373e+01,
2.9056560917e+01,
2.9172622578e+01,
2.9274340039e+01,
2.9362688576e+01,
2.9438679200e+01,
2.9503345821e+01,
2.9557733030e+01,
2.9602884247e+01,
2.9639830036e+01,
2.9669576556e+01,
2.9693094205e+01,
2.9711306629e+01,
2.9725080363e+01,
2.9735215426e+01,
2.9742437242e+01,
2.9747390258e+01,
2.9750633615e+01,
2.9752639161e+01,
2.9753792032e+01,
2.9754393901e+01,
2.9754668892e+01,
2.9754772049e+01,
2.9754800110e+01,
2.9754804252e+01,
2.9754804621e+01,
2.9754811876e+01,
2.9754861035e+01,
2.9755041744e+01,
2.9755523434e+01,
2.9756577530e+01,
2.9758595978e+01,
2.9762105228e+01,
2.9767774827e+01,
2.9776419845e+01,
2.9788996378e+01,
2.9806589513e+01,
2.9830393328e+01,
2.9861682763e+01,
2.9901777597e+01,
2.9951999260e+01,
3.0013621796e+01,
3.0087818936e+01,
3.0175609863e+01,
3.0277806814e+01,
3.0394967995e+01,
3.0527359375e+01,
3.0674928614e+01,
3.0837293684e+01,
3.1013747575e+01,
3.1203279093e+01,
3.1404608099e+01,
3.1616232071e+01,
3.1836479701e+01,
3.2063566738e+01,
3.2295649475e+01,
3.2530872316e+01,
3.2767407377e+01,
3.3003485855e+01,
3.3237422459e+01,
3.3467635130e+01,
3.3692662350e+01,
3.3911179609e+01,
3.4122015214e+01,
3.4324164260e+01,
3.4516798672e+01,
3.4699271229e+01,
3.4871112351e+01,
3.5032019893e+01,
3.5181843505e+01,
3.5320565966e+01,
3.5448283917e+01,
3.5565189891e+01,
3.5671556742e+01,
3.5767724761e+01,
3.5854091250e+01,
3.5931102010e+01,
3.5999244141e+01,
3.6059039590e+01,
3.6111039024e+01,
3.6155815715e+01,
3.6193959249e+01,
3.6226068970e+01,
3.6252747138e+01,
3.6274591853e+01,
3.6292189840e+01,
3.6306109235e+01,
3.6316892564e+01,
3.6325050115e+01,
3.6331053928e+01,
3.6335332658e+01,
3.6338267507e+01,
3.6340189460e+01,
3.6341377966e+01,
3.6342061189e+01,
3.6342417878e+01,
3.6342580849e+01,
3.6342641985e+01,
3.6342658615e+01,
3.6342661069e+01,
3.6342661286e+01,
3.6342665542e+01,
3.6342694373e+01,
3.6342800358e+01,
3.6343082870e+01,
3.6343701108e+01,
3.6344884983e+01,
3.6346943364e+01,
3.6350269215e+01,
3.6355341188e+01,
3.6362721288e+01,
3.6373048278e+01,
3.6387026629e+01,
3.6405410959e+01,
3.6428986138e+01,
3.6458543471e+01,
3.6494853707e+01,
3.6538637914e+01,
3.6590537540e+01,
3.6651085199e+01,
3.6720677786e+01,
3.6799553480e+01,
3.6887773939e+01,
3.6985212648e+01,
3.7091549971e+01,
3.7206275058e+01,
3.7328694451e+01,
3.7457947056e+01,
3.7593025016e+01,
3.7732799931e+01,
3.7876053665e+01,
3.8021512670e+01,
3.8167884403e+01,
3.8313894005e+01,
3.8458319239e+01,
3.8600021647e+01,
3.8737972243e+01,
3.8871270527e+01,
3.8999156301e+01,
3.9121014430e+01,
3.9236373257e+01,
3.9344897800e+01,
3.9446379066e+01,
3.9540720848e+01,
3.9627925252e+01,
3.9708077992e+01,
3.9781334259e+01,
3.9847905690e+01,
3.9908048770e+01,
3.9962054786e+01,
4.0010241323e+01,
4.0052945195e+01,
4.0090516620e+01,
4.0123314443e+01,
4.0151702172e+01,
4.0176044619e+01,
4.0196704948e+01,
4.0214041960e+01,
4.0228407485e+01,
4.0240143798e+01,
4.0249580995e+01,
4.0257034345e+01,
4.0262801639e+01,
4.0267160615e+01,
4.0270366558e+01,
4.0272650199e+01,
4.0274216038e+01,
4.0275241223e+01,
4.0275875086e+01,
4.0276239434e+01,
4.0276429639e+01,
4.0276516542e+01,
4.0276549141e+01,
4.0276558009e+01,
4.0276559318e+01,
4.0276559435e+01,
4.0276561760e+01,
4.0276577508e+01,
4.0276635400e+01,
4.0276789711e+01,
4.0277127385e+01,
4.0277773942e+01,
4.0278897907e+01,
4.0280713455e+01,
4.0283480977e+01,
4.0287505300e+01,
4.0293131301e+01,
4.0300736740e+01,
4.0310722224e+01,
4.0323498384e+01,
4.0339470512e+01,
4.0359021174e+01,
4.0382491539e+01,
4.0410162422e+01,
4.0442236249e+01,
4.0478821246e+01,
4.0519919181e+01,
4.0565417828e+01,
4.0615089022e+01,
4.0668592775e+01,
4.0725487377e+01,
4.0785244889e+01,
4.0847270944e+01,
4.0910927412e+01,
4.0975556271e+01,
4.1040503038e+01,
4.1105138273e+01,
4.1168875975e+01,
4.1231188073e+01,
4.1291614624e+01,
4.1349769702e+01,
4.1405343291e+01,
4.1458099719e+01,
4.1507873311e+01,
4.1554562033e+01,
4.1598119851e+01,
4.1638548492e+01,
4.1675889175e+01,
4.1710214758e+01,
4.1741622595e+01,
4.1770228298e+01,
4.1796160473e+01,
4.1819556422e+01,
4.1840558741e+01,
4.1859312713e+01,
4.1875964374e+01,
4.1890659112e+01,
4.1903540688e+01,
4.1914750555e+01,
4.1924427370e+01,
4.1932706631e+01,
4.1939720341e+01,
4.1945596671e+01,
4.1950459569e+01,
4.1954428296e+01,
4.1957616881e+01,
4.1960133503e+01,
4.1962079823e+01,
4.1963550292e+01,
4.1964631478e+01,
4.1965401459e+01,
4.1965929339e+01,
4.1966274918e+01,
4.1966488572e+01,
4.1966611378e+01,
4.1966675486e+01,
4.1966704776e+01,
4.1966715763e+01,
4.1966718752e+01,
4.1966719193e+01,
4.1966719234e+01,
4.1966720050e+01,
4.1966725581e+01,
4.1966745911e+01,
4.1966800103e+01,
4.1966918684e+01,
4.1967145725e+01,
4.1967540375e+01,
4.1968177757e+01,
4.1969149120e+01,
4.1970561112e+01,
4.1972534101e+01,
4.1975199467e+01,
4.1978695816e+01,
4.1983164190e+01,
4.1988742350e+01,
4.1995558390e+01,
4.2003723987e+01,
4.2013327720e+01,
4.2024428955e+01,
4.2037052812e+01,
4.2051186709e+01,
4.2066778862e+01,
4.2083738979e+01,
4.2101941158e+01,
4.2121228792e+01,
4.2141421083e+01,
4.2162320607e+01,
4.2183721297e+01,
4.2205416217e+01,
4.2227204588e+01,
4.2248897648e+01,
4.2270323110e+01,
4.2291328140e+01,
4.2311780925e+01,
4.2331571012e+01,
4.2350608657e+01,
4.2368823461e+01,
4.2386162546e+01,
4.2402588521e+01,
4.2418077399e+01,
4.2432616633e+01,
4.2446203328e+01,
4.2458842699e+01,
4.2470546772e+01,
4.2481333320e+01,
4.2491225013e+01,
4.2500248730e+01,
4.2508435012e+01,
4.2515817614e+01,
4.2522433121e+01,
4.2528320607e+01,
4.2533521302e+01,
4.2538078277e+01,
4.2542036095e+01,
4.2545440457e+01,
4.2548337812e+01,
4.2550774935e+01,
4.2552798485e+01,
4.2554454528e+01,
4.2555788048e+01,
4.2556842451e+01,
4.2557659074e+01,
4.2558276719e+01,
4.2558731224e+01,
4.2559055099e+01,
4.2559277232e+01,
4.2559422694e+01,
4.2559512642e+01,
4.2559564348e+01,
4.2559591342e+01,
4.2559603676e+01,
4.2559608303e+01,
4.2559609561e+01,
4.2559609747e+01,
4.2559609765e+01,
4.2559610126e+01,
4.2559612576e+01,
4.2559621583e+01,
4.2559645592e+01,
4.2559698131e+01,
4.2559798733e+01,
4.2559973635e+01,
4.2560256197e+01,
4.2560687021e+01,
4.2561313712e+01,
4.2562190265e+01,
4.2563376047e+01,
4.2564934369e+01,
4.2566930672e+01,
4.2569430352e+01,
4.2572496329e+01,
4.2576186425e+01,
4.2580550738e+01,
4.2585629123e+01,
4.2591448980e+01,
4.2598023484e+01,
4.2605350388e+01,
4.2613411489e+01,
4.2622172773e+01,
4.2631585209e+01,
4.2641586137e+01,
4.2652101105e+01,
4.2663046057e+01,
4.2674329723e+01,
4.2685856108e+01,
4.2697526980e+01,
4.2709244270e+01,
4.2720912331e+01,
4.2732439998e+01,
4.2743742394e+01,
4.2754742436e+01,
4.2765372020e+01,
4.2775572829e+01,
4.2785296790e+01,
4.2794506160e+01,
4.2803173293e+01,
4.2811280113e+01,
4.2818817382e+01,
4.2825783792e+01,
4.2832184980e+01,
4.2838032497e+01,
4.2843342811e+01,
4.2848136352e+01,
4.2852436658e+01,
4.2856269608e+01,
4.2859662773e+01,
4.2862644866e+01,
4.2865245287e+01,
4.2867493746e+01,
4.2869419959e+01,
4.2871053385e+01,
4.2872423004e+01,
4.2873557108e+01,
4.2874483110e+01,
4.2875227350e+01,
4.2875814907e+01,
4.2876269406e+01,
4.2876612837e+01,
4.2876865378e+01,
4.2877045241e+01,
4.2877168558e+01,
4.2877249291e+01,
4.2877299205e+01,
4.2877327895e+01,
4.2877342872e+01,
4.2877349715e+01,
4.2877352282e+01,
4.2877352980e+01,
4.2877353083e+01,
4.2877353094e+01,
4.2877353306e+01,
4.2877354745e+01,
4.2877360034e+01,
4.2877374132e+01,
4.2877404981e+01,
4.2877464045e+01,
4.2877566708e+01,
4.2877732504e+01,
4.2877985149e+01,
4.2878352341e+01,
4.2878865306e+01,
4.2879558065e+01,
4.2880466403e+01,
4.2881626567e+01,
4.2883073695e+01,
4.2884840038e+01,
4.2886953059e+01,
4.2889433514e+01,
4.2892293646e+01,
4.2895535640e+01,
4.2899150493e+01,
4.2903117428e+01,
4.2907403958e+01,
4.2911966649e+01,
4.2916752586e+01,
4.2921701457e+01,
4.2926748110e+01,
4.2931825415e+01,
4.2936867181e+01,
4.2941810920e+01,
4.2946600241e+01,
4.2951186714e+01,
4.2955531117e+01,
4.2959604024e+01,
4.2963385772e+01,
4.2966865902e+01,
4.2970042196e+01,
4.2972919437e+01,
4.2975508045e+01,
4.2977822692e+01,
4.2979880998e+01,
4.2981702369e+01,
4.2983307017e+01,
4.2984715176e+01,
4.2985946506e+01,
4.2987019670e+01,
4.2987952066e+01,
4.2988759674e+01,
4.2989457003e+01,
4.2990057109e+01,
4.2990571662e+01,
4.2991011044e+01,
4.2991384467e+01,
4.2991700096e+01,
4.2991965172e+01,
4.2992186133e+01,
4.2992368714e+01,
4.2992518047e+01,
4.2992638738e+01,
4.2992734933e+01,
4.2992810369e+01,
4.2992868417e+01,
4.2992912102e+01,
4.2992944129e+01,
4.2992966889e+01,
4.2992982469e+01,
4.2992992659e+01,
4.2992998955e+01,
4.2993002572e+01,
4.2993004460e+01,
4.2993005322e+01,
4.2993005646e+01,
4.2993005734e+01,
4.2993005747e+01,
4.2993005748e+01,
4.2993005777e+01,
4.2993005969e+01,
4.2993006678e+01,
4.2993008565e+01,
4.2993012695e+01,
4.2993020598e+01,
4.2993034322e+01,
4.2993056452e+01,
4.2993090093e+01,
4.2993138816e+01,
4.2993206541e+01,
4.2993297374e+01,
4.2993415380e+01,
4.2993564304e+01,
4.2993747253e+01,
4.2993966351e+01,
4.2994222419e+01,
4.2994514702e+01,
4.2994840696e+01,
4.2995196101e+01,
4.2995574943e+01,
4.2995969861e+01,
4.2996372535e+01,
4.2996774231e+01,
4.2997166391e+01,
4.2997541195e+01,
4.2997892047e+01,
4.2998213911e+01,
4.2998503484e+01,
4.2998759198e+01,
4.2998981069e+01,
4.2999170432e+01,
4.2999329611e+01,
4.2999461573e+01,
4.2999569617e+01,
4.2999657108e+01,
4.2999727288e+01,
4.2999783140e+01,
4.2999827318e+01,
4.2999862102e+01,
4.2999889407e+01,
4.2999910804e+01,
4.2999927568e+01,
4.2999940719e+01,
4.2999951073e+01,
4.2999959268e+01,
4.2999965801e+01,
4.2999971053e+01,
4.2999975316e+01,
4.2999978820e+01,
4.2999981743e+01,
4.2999984224e+01,
4.2999986364e+01,
4.2999988237e+01,
4.2999989892e+01,
4.2999991364e+01,
4.2999992678e+01,
4.2999993850e+01,
4.2999994892e+01,
4.2999995813e+01,
4.2999996620e+01,
4.2999997320e+01,
4.2999997918e+01,
4.2999998422e+01,
4.2999998838e+01,
4.2999999173e+01,
4.2999999436e+01,
4.3000000000e+01,
4.3000000000e+01,
4.3000000000e+01,
4.3000000000e+01,
4.3000000000e+01,
4.3000000000e+01,
4.3000000000e+01,
