0.0000000000e+00,
1.9856079803e-07,
6.3384553002e-06,
4.7937247700e-05,
2.0086036170e-04,
6.0850916260e-04,
1.5006990836e-03,
3.2095811528e-03,
6.1820653360e-03,
1.0988329423e-02,
1.8326133960e-02,
2.9020799089e-02,
4.4020816373e-02,
6.4389149290e-02,
9.1290303185e-02,
1.2597321042e-01,
1.6974988579e-01,
2.2396969049e-01,
2.8998895443e-01,
3.6913572452e-01,
4.6266961160e-01,
5.7173716646e-01,
6.9732393589e-01,
8.4020526640e-01,
1.0008988783e+00,
1.1796229969e+00,
1.3762641517e+00,
1.5903584367e+00,
1.8210890017e+00,
2.0673009049e+00,
2.3275324895e+00,
2.6000605185e+00,
2.8829548197e+00,
3.1741374443e+00,
3.4714414413e+00,
3.7726652172e+00,
4.0756198093e+00,
4.3781679354e+00,
4.6782550356e+00,
4.9739334785e+00,
5.2633815472e+00,
5.5449187893e+00,
5.8170189451e+00,
6.0783211337e+00,
6.3276394561e+00,
6.5639707915e+00,
6.7865003730e+00,
6.9946047294e+00,
7.1878517059e+00,
7.3659974693e+00,
7.5289805860e+00,
7.6769133983e+00,
7.8100710011e+00,
7.9288781458e+00,
8.0338943853e+00,
8.1257977521e+00,
8.2053672399e+00,
8.2734643483e+00,
8.3310139587e+00,
8.3789848284e+00,
8.4183700190e+00,
8.4501676069e+00,
8.4753620579e+00,
8.4949066662e+00,
8.5097074721e+00,
8.5206090675e+00,
8.5283826714e+00,
8.5337168185e+00,
8.5372109366e+00,
8.5393720132e+00,
8.5406144532e+00,
8.5412631292e+00,
8.5415595169e+00,
8.5416707026e+00,
8.5417009478e+00,
8.5417054120e+00,
8.5417060230e+00,
8.5417204546e+00,
8.5418182305e+00,
8.5421776629e+00,
8.5431357624e+00,
8.5452324613e+00,
8.5492475902e+00,
8.5562289937e+00,
8.5675102769e+00,
8.5847168052e+00,
8.6097587554e+00,
8.6448102676e+00,
8.6922741061e+00,
8.7547317232e+00,
8.8348792632e+00,
8.9354508357e+00,
9.0591313117e+00,
9.2084619111e+00,
9.3857428592e+00,
9.5929382774e+00,
9.8315890295e+00,
1.0102739223e+01,
1.0406881156e+01,
1.0743921587e+01,
1.1113169452e+01,
1.1513342522e+01,
1.1942589010e+01,
1.2398520889e+01,
1.2878258254e+01,
1.3378486804e+01,
1.3895531495e+01,
1.4425447535e+01,
1.4964125918e+01,
1.5507406443e+01,
1.6051188541e+01,
1.6591530254e+01,
1.7124728124e+01,
1.7647374684e+01,
1.8156394202e+01,
1.8649060404e+01,
1.9123001303e+01,
1.9576196203e+01,
2.0006968731e+01,
2.0413978101e+01,
2.0796209301e+01,
2.1152961938e+01,
2.1483837102e+01,
2.1788721759e+01,
2.2067770574e+01,
2.2321385441e+01,
2.2550193267e+01,
2.2755022605e+01,
2.2936879668e+01,
2.3096924067e+01,
2.3236444490e+01,
2.3356834368e+01,
2.3459567557e+01,
2.3546174005e+01,
2.3618215474e+01,
2.3677261409e+01,
2.3724865195e+01,
2.3762541113e+01,
2.3791742429e+01,
2.3813841111e+01,
2.3830109728e+01,
2.3841706119e+01,
2.3849661354e+01,
2.3854871499e+01,
2.3858093562e+01,
2.3859945856e+01,
2.3860912900e+01,
2.3861354746e+01,
2.3861520496e+01,
2.3861565584e+01,
2.3861572239e+01,
2.3861572871e+01,
2.3861585751e+01,
2.3861673012e+01,
2.3861993790e+01,
2.3862848850e+01,
2.3864720047e+01,
2.3868303298e+01,
2.3874533619e+01,
2.3884600837e+01,
2.3899954714e+01,
2.3922298357e+01,
2.3953569003e+01,
2.3995905588e+01,
2.4051602934e+01,
2.4123052989e+01,
2.4212674241e+01,
2.4322831284e+01,
2.4455747385e+01,
2.4613413789e+01,
2.4797500236e+01,
2.5009271658e+01,
2.5249516126e+01,
2.5518488697e+01,
2.5815874847e+01,
2.6140775715e+01,
2.6491715610e+01,
2.6866670618e+01,
2.7263116005e+01,
2.7678089776e+01,
2.8108270007e+01,
2.8550064030e+01,
2.8999707474e+01,
2.9453370252e+01,
2.9907264981e+01,
3.0357751649e+01,
3.0801431478e+01,
3.1235223330e+01,
3.1656417834e+01,
3.2062707198e+01,
3.2452191701e+01,
3.2823366500e+01,
3.3175094037e+01,
3.3506567861e+01,
3.3817273247e+01,
3.4106948806e+01,
3.4375551830e+01,
3.4623228694e+01,
3.4850290456e+01,
3.5057193037e+01,
3.5244520949e+01,
3.5412973433e+01,
3.5563352000e+01,
3.5696548540e+01,
3.5813533430e+01,
3.5915343276e+01,
3.6003068068e+01,
3.6077837703e+01,
3.6140807869e+01,
3.6193145417e+01,
3.6236013361e+01,
3.6270555749e+01,
3.6297882689e+01,
3.6319055889e+01,
3.6335075105e+01,
3.6346865930e+01,
3.6355269378e+01,
3.6361033675e+01,
3.6364808662e+01,
3.6367143098e+01,
3.6368485081e+01,
3.6369185693e+01,
3.6369505803e+01,
3.6369625886e+01,
3.6369658552e+01,
3.6369663373e+01,
3.6369663802e+01,
3.6369672248e+01,
3.6369729472e+01,
3.6369939833e+01,
3.6370500567e+01,
3.6371727658e+01,
3.6374077460e+01,
3.6378163077e+01,
3.6384764621e+01,
3.6394832471e+01,
3.6409482793e+01,
3.6429984690e+01,
3.6457738604e+01,
3.6494245841e+01,
3.6541069548e+01,
3.6599787893e+01,
3.6671940818e+01,
3.6758972260e+01,
3.6862170294e+01,
3.6982608043e+01,
3.7121088426e+01,
3.7278095824e+01,
3.7453757539e+01,
3.7647817593e+01,
3.7859625080e+01,
3.8088139014e+01,
3.8331951248e+01,
3.8589328464e+01,
3.8858272676e+01,
3.9136597061e+01,
3.9422010209e+01,
3.9712198684e+01,
4.0004896885e+01,
4.0297936249e+01,
4.0589272114e+01,
4.0876993194e+01,
4.1159322521e+01,
4.1434618397e+01,
4.1701380423e+01,
4.1958261427e+01,
4.2204082847e+01,
4.2437849839e+01,
4.2658762618e+01,
4.2866221773e+01,
4.3059826710e+01,
4.3239367637e+01,
4.3404812297e+01,
4.3556289050e+01,
4.3694067908e+01,
4.3818540939e+01,
4.3930203110e+01,
4.4029634281e+01,
4.4117482744e+01,
4.4194450402e+01,
4.4261279517e+01,
4.4318740811e+01,
4.4367622647e+01,
4.4408721028e+01,
4.4442830153e+01,
4.4470733368e+01,
4.4493194401e+01,
4.4510948874e+01,
4.4524696166e+01,
4.4535091788e+01,
4.4542740472e+01,
4.4548190244e+01,
4.4551927747e+01,
4.4554375079e+01,
4.4555888369e+01,
4.4556758261e+01,
4.4557212393e+01,
4.4557419884e+01,
4.4557497720e+01,
4.4557518893e+01,
4.4557522018e+01,
4.4557522294e+01,
4.4557527712e+01,
4.4557564419e+01,
4.4557699355e+01,
4.4558059035e+01,
4.4558846130e+01,
4.4560353292e+01,
4.4562973580e+01,
4.4567206837e+01,
4.4573661423e+01,
4.4583050732e+01,
4.4596184000e+01,
4.4613951053e+01,
4.4637300839e+01,
4.4667213860e+01,
4.4704669010e+01,
4.4750605712e+01,
4.4805882764e+01,
4.4871235763e+01,
4.4947235439e+01,
4.5034249524e+01,
4.5132410995e+01,
4.5241595374e+01,
4.5361409472e+01,
4.5491193216e+01,
4.5630035275e+01,
4.5776802010e+01,
4.5930178001e+01,
4.6088715293e+01,
4.6250887577e+01,
4.6415145159e+01,
4.6579966674e+01,
4.6743904133e+01,
4.6905618989e+01,
4.7063908091e+01,
4.7217719646e+01,
4.7366160242e+01,
4.7508494578e+01,
4.7644139794e+01,
4.7772656123e+01,
4.7893735344e+01,
4.8007188079e+01,
4.8112930658e+01,
4.8210972007e+01,
4.8301400867e+01,
4.8384373577e+01,
4.8460102633e+01,
4.8528846187e+01,
4.8590898651e+01,
4.8646582482e+01,
4.8696241146e+01,
4.8740233240e+01,
4.8778927607e+01,
4.8812699313e+01,
4.8841926279e+01,
4.8866986387e+01,
4.8888254865e+01,
4.8906101829e+01,
4.8920889827e+01,
4.8932971343e+01,
4.8942686212e+01,
4.8950358950e+01,
4.8956296072e+01,
4.8960783451e+01,
4.8964083860e+01,
4.8966434806e+01,
4.8968046803e+01,
4.8969102212e+01,
4.8969754763e+01,
4.8970129854e+01,
4.8970325668e+01,
4.8970415132e+01,
4.8970448693e+01,
4.8970457822e+01,
4.8970459170e+01,
4.8970459291e+01,
4.8970461684e+01,
4.8970477896e+01,
4.8970537495e+01,
4.8970696357e+01,
4.8971043988e+01,
4.8971709610e+01,
4.8972866723e+01,
4.8974735822e+01,
4.8977584994e+01,
4.8981728090e+01,
4.8987520229e+01,
4.8995350447e+01,
4.9005631422e+01,
4.9018786347e+01,
4.9035233256e+01,
4.9055367327e+01,
4.9079541968e+01,
4.9108049741e+01,
4.9141104385e+01,
4.9178825297e+01,
4.9221225838e+01,
4.9268206604e+01,
4.9319554492e+01,
4.9374947868e+01,
4.9433967550e+01,
4.9496112745e+01,
4.9560820551e+01,
4.9627487310e+01,
4.9695490085e+01,
4.9764206692e+01,
4.9833033158e+01,
4.9901398001e+01,
4.9968773163e+01,
5.0034681837e+01,
5.0098703564e+01,
5.0160477036e+01,
5.0219700997e+01,
5.0276133530e+01,
5.0329589978e+01,
5.0379939712e+01,
5.0427101973e+01,
5.0471041021e+01,
5.0511760869e+01,
5.0549299842e+01,
5.0583725217e+01,
5.0615128134e+01,
5.0643618934e+01,
5.0669323016e+01,
5.0692377254e+01,
5.0712926969e+01,
5.0731123422e+01,
5.0747121760e+01,
5.0761079329e+01,
5.0773154287e+01,
5.0783504418e+01,
5.0792286073e+01,
5.0799653183e+01,
5.0805756280e+01,
5.0810741508e+01,
5.0814749588e+01,
5.0817914766e+01,
5.0820363730e+01,
5.0822214564e+01,
5.0823575754e+01,
5.0824545317e+01,
5.0825210108e+01,
5.0825645353e+01,
5.0825914458e+01,
5.0826069140e+01,
5.0826149891e+01,
5.0826186785e+01,
5.0826200624e+01,
5.0826204389e+01,
5.0826204945e+01,
5.0826204996e+01,
5.0826206024e+01,
5.0826212991e+01,
5.0826238600e+01,
5.0826306861e+01,
5.0826456232e+01,
5.0826742233e+01,
5.0827239399e+01,
5.0828042431e+01,
5.0829266430e+01,
5.0831046062e+01,
5.0833533559e+01,
5.0836895464e+01,
5.0841308074e+01,
5.0846951641e+01,
5.0854003430e+01,
5.0862629895e+01,
5.0872978328e+01,
5.0885168447e+01,
5.0899284505e+01,
5.0915368512e+01,
5.0933415208e+01,
5.0953369267e+01,
5.0975125141e+01,
5.0998529668e+01,
5.1023387365e+01,
5.1049468034e+01,
5.1076516100e+01,
5.1104260938e+01,
5.1132427358e+01,
5.1160745478e+01,
5.1188959306e+01,
5.1216833562e+01,
5.1244158515e+01,
5.1270752794e+01,
5.1296464381e+01,
5.1321170068e+01,
5.1344773793e+01,
5.1367204226e+01,
5.1388411967e+01,
5.1408366651e+01,
5.1427054157e+01,
5.1444474063e+01,
5.1460637402e+01,
5.1475564752e+01,
5.1489284620e+01,
5.1501832111e+01,
5.1513247820e+01,
5.1523576916e+01,
5.1532868374e+01,
5.1541174317e+01,
5.1548549453e+01,
5.1555050558e+01,
5.1560736012e+01,
5.1565665345e+01,
5.1569898795e+01,
5.1573496858e+01,
5.1576519823e+01,
5.1579027281e+01,
5.1581077625e+01,
5.1582727513e+01,
5.1584031338e+01,
5.1585040692e+01,
5.1585803846e+01,
5.1586365285e+01,
5.1586765285e+01,
5.1587039595e+01,
5.1587219207e+01,
5.1587330266e+01,
5.1587394106e+01,
5.1587427434e+01,
5.1587442662e+01,
5.1587448374e+01,
5.1587449928e+01,
5.1587450157e+01,
5.1587450179e+01,
5.1587450625e+01,
5.1587453650e+01,
5.1587464770e+01,
5.1587494412e+01,
5.1587559275e+01,
5.1587683473e+01,
5.1587899381e+01,
5.1588248154e+01,
5.1588779837e+01,
5.1589553044e+01,
5.1590634133e+01,
5.1592095869e+01,
5.1594015540e+01,
5.1596472568e+01,
5.1599545644e+01,
5.1603309505e+01,
5.1607831481e+01,
5.1613168009e+01,
5.1619361323e+01,
5.1626436546e+01,
5.1634399419e+01,
5.1643234830e+01,
5.1652906290e+01,
5.1663356405e+01,
5.1674508325e+01,
5.1686268069e+01,
5.1698527581e+01,
5.1711168321e+01,
5.1724065182e+01,
5.1737090499e+01,
5.1750117976e+01,
5.1763026324e+01,
5.1775702462e+01,
5.1788044163e+01,
5.1799962062e+01,
5.1811380980e+01,
5.1822240562e+01,
5.1832495289e+01,
5.1842113912e+01,
5.1851078445e+01,
5.1859382805e+01,
5.1867031242e+01,
5.1874036666e+01,
5.1880418973e+01,
5.1886203460e+01,
5.1891419367e+01,
5.1896098614e+01,
5.1900274725e+01,
5.1903981956e+01,
5.1907254610e+01,
5.1910126526e+01,
5.1912630716e+01,
5.1914799117e+01,
5.1916662445e+01,
5.1918250106e+01,
5.1919590166e+01,
5.1920709332e+01,
5.1921632949e+01,
5.1922384995e+01,
5.1922988057e+01,
5.1923463293e+01,
5.1923830384e+01,
5.1924107463e+01,
5.1924311045e+01,
5.1924455953e+01,
5.1924555262e+01,
5.1924620259e+01,
5.1924660437e+01,
5.1924683529e+01,
5.1924695583e+01,
5.1924701090e+01,
5.1924703156e+01,
5.1924703718e+01,
5.1924703800e+01,
5.1924703809e+01,
5.1924703980e+01,
5.1924705138e+01,
5.1924709394e+01,
5.1924720739e+01,
5.1924745563e+01,
5.1924793086e+01,
5.1924875668e+01,
5.1925008986e+01,
5.1925212022e+01,
5.1925506859e+01,
5.1925918239e+01,
5.1926472871e+01,
5.1927198464e+01,
5.1928122511e+01,
5.1929270841e+01,
5.1930665998e+01,
5.1932325555e+01,
5.1934260470e+01,
5.1936473628e+01,
5.1938958739e+01,
5.1941699714e+01,
5.1944670657e+01,
5.1947836516e+01,
5.1951154412e+01,
5.1954575553e+01,
5.1958047605e+01,
5.1961517297e+01,
5.1964933056e+01,
5.1968247415e+01,
5.1971419011e+01,
5.1974414022e+01,
5.1977206977e+01,
5.1979780935e+01,
5.1982127109e+01,
5.1984244044e+01,
5.1986136489e+01,
5.1987814119e+01,
5.1989290221e+01,
5.1990580453e+01,
5.1991701759e+01,
5.1992671467e+01,
5.1993506582e+01,
5.1994223282e+01,
5.1994836585e+01,
5.1995360153e+01,
5.1995806217e+01,
5.1996185585e+01,
5.1996507703e+01,
5.1996780762e+01,
5.1997011815e+01,
5.1997206909e+01,
5.1997371211e+01,
5.1997509134e+01,
5.1997624445e+01,
5.1997720368e+01,
5.1997799670e+01,
5.1997864739e+01,
5.1997917644e+01,
5.1997960193e+01,
5.1997993970e+01,
5.1998020373e+01,
5.1998040639e+01,
5.1998055861e+01,
5.1998067005e+01,
5.1998074916e+01,
5.1998080327e+01,
5.1998083864e+01,
5.1998086049e+01,
5.1998087304e+01,
5.1998087959e+01,
5.1998088258e+01,
5.1998088371e+01,
5.1998088401e+01,
5.1998088406e+01,
5.1998088406e+01,
5.1998088416e+01,
5.1998088483e+01,
5.1998088728e+01,
5.1998089383e+01,
5.1998090816e+01,
5.1998093556e+01,
5.1998098313e+01,
5.1998105978e+01,
5.1998117617e+01,
5.1998134447e+01,
5.1998157787e+01,
5.1998188990e+01,
5.1998229357e+01,
5.1998280019e+01,
5.1998341819e+01,
5.1998415185e+01,
5.1998500015e+01,
5.1998595600e+01,
5.1998700588e+01,
5.1998813011e+01,
5.1998930390e+01,
5.1999049884e+01,
5.1999168508e+01,
5.1999283355e+01,
5.1999391821e+01,
5.1999491786e+01,
5.1999581737e+01,
5.1999660815e+01,
5.1999728794e+01,
5.1999785993e+01,
5.1999833161e+01,
5.1999871332e+01,
5.1999901691e+01,
5.1999925463e+01,
5.1999943821e+01,
5.1999957830e+01,
5.1999968414e+01,
5.1999976348e+01,
5.1999982259e+01,
5.1999986643e+01,
5.1999989886e+01,
5.1999992289e+01,
5.1999994090e+01,
5.1999995468e+01,
5.1999996555e+01,
5.1999997439e+01,
5.1999998156e+01,
5.1999998636e+01,
5.1999998789e+01,
5.1999998813e+01,
5.1999998916e+01,
5.1999999124e+01,
5.1999999392e+01,
5.2000000000e+01,
5.2000000000e+01,
5.2000000000e+01,
5.2000000000e+01,
5.2000000000e+01,
5.2000000000e+01,
5.2000000000e+01,
5.2000000000e+01,
5.2000000000e+01,
5.2000000000e+01,
5.2000000000e+01,
5.2000000000e+01,
5.2000000000e+01,
5.2000000000e+01,
5.2000000000e+01,
5.2000000000e+01,
5.2000000000e+01,
5.2000000000e+01,
5.2000000000e+01,
5.2000000000e+01,
5.2000000000e+01,
