0.0000000000e+00,
4.3590040377e-07,
1.3914806601e-05,
1.0523664589e-04,
4.4094938440e-04,
1.3358669813e-03,
3.2945278840e-03,
7.0461932810e-03,
1.3572228924e-02,
2.4125001943e-02,
4.0237724333e-02,
6.3724940707e-02,
9.6673527304e-02,
1.4142407504e-01,
2.0054232118e-01,
2.7677987300e-01,
3.7302292631e-01,
4.9222723793e-01,
6.3733759962e-01,
8.1119087006e-01,
1.0164035558e+00,
1.2552480235e+00,
1.5295252697e+00,
1.8404458573e+00,
2.1885329112e+00,
2.5735607159e+00,
2.9945388004e+00,
3.4497447277e+00,
3.9368005212e+00,
4.4527799673e+00,
4.9943292222e+00,
5.5577827788e+00,
6.1392611343e+00,
6.7347441653e+00,
7.3401228928e+00,
7.9512392627e+00,
8.5639264597e+00,
9.1740600334e+00,
9.7776234086e+00,
1.0370782918e+01,
1.0949961264e+01,
1.1511897478e+01,
1.2053686261e+01,
1.2572796776e+01,
1.3067076524e+01,
1.3534747408e+01,
1.3974399326e+01,
1.4384983625e+01,
1.4765806356e+01,
1.5116520086e+01,
1.5437112947e+01,
1.5727893960e+01,
1.5989474236e+01,
1.6222744102e+01,
1.6428846465e+01,
1.6609146902e+01,
1.6765201023e+01,
1.6898719670e+01,
1.7011532587e+01,
1.7105551136e+01,
1.7182730776e+01,
1.7245033973e+01,
1.7294394325e+01,
1.7332682688e+01,
1.7361676110e+01,
1.7383030392e+01,
1.7398257008e+01,
1.7408705080e+01,
1.7415548956e+01,
1.7419781783e+01,
1.7422215294e+01,
1.7423485822e+01,
1.7424066340e+01,
1.7424284113e+01,
1.7424343353e+01,
1.7424352096e+01,
1.7424353293e+01,
1.7424381560e+01,
1.7424573068e+01,
1.7425277067e+01,
1.7427153635e+01,
1.7431260285e+01,
1.7439124339e+01,
1.7452797898e+01,
1.7474892373e+01,
1.7508589837e+01,
1.7557628726e+01,
1.7626261960e+01,
1.7719186212e+01,
1.7841442049e+01,
1.7998285930e+01,
1.8195036601e+01,
1.8436900177e+01,
1.8728780089e+01,
1.9075079887e+01,
1.9479508504e+01,
1.9944898870e+01,
2.0473051457e+01,
2.1064614136e+01,
2.1719008260e+01,
2.2434407542e+01,
2.3207771093e+01,
2.4034925548e+01,
2.4910685303e+01,
2.5828997128e+01,
2.6783097692e+01,
2.7765679367e+01,
2.8769067249e+01,
2.9785412124e+01,
3.0806896161e+01,
3.1825933768e+01,
3.2835340834e+01,
3.3828451905e+01,
3.4799184259e+01,
3.5742066194e+01,
3.6652251554e+01,
3.7525533992e+01,
3.8358362285e+01,
3.9147850502e+01,
3.9891776105e+01,
4.0588562502e+01,
4.1237246815e+01,
4.1837436536e+01,
4.2389259756e+01,
4.2893313199e+01,
4.3350611091e+01,
4.3762536508e+01,
4.4130795695e+01,
4.4457375124e+01,
4.4744500590e+01,
4.4994597582e+01,
4.5210252196e+01,
4.5394172047e+01,
4.5549146870e+01,
4.5678008721e+01,
4.5783591966e+01,
4.5868693451e+01,
4.5936033479e+01,
4.5988218403e+01,
4.6027705771e+01,
4.6056773074e+01,
4.6077491162e+01,
4.6091703344e+01,
4.6101011097e+01,
4.6106767096e+01,
4.6110076059e+01,
4.6111803588e+01,
4.6112592899e+01,
4.6112888995e+01,
4.6112969540e+01,
4.6112981429e+01,
4.6112982557e+01,
4.6113005565e+01,
4.6113161447e+01,
4.6113734482e+01,
4.6115261950e+01,
4.6118604609e+01,
4.6125005561e+01,
4.6136134873e+01,
4.6154117437e+01,
4.6181541750e+01,
4.6221447514e+01,
4.6277290365e+01,
4.6352882621e+01,
4.6452309772e+01,
4.6579823542e+01,
4.6739713739e+01,
4.6936162705e+01,
4.7173087816e+01,
4.7453979064e+01,
4.7781739903e+01,
4.8158540183e+01,
4.8585689702e+01,
4.9063539934e+01,
4.9591419670e+01,
5.0167608375e+01,
5.0789349356e+01,
5.1452903829e+01,
5.2153646365e+01,
5.2886200739e+01,
5.3644611236e+01,
5.4422537330e+01,
5.5213452042e+01,
5.6010821481e+01,
5.6808249724e+01,
5.7599587297e+01,
5.8379014933e+01,
5.9141118731e+01,
5.9880966965e+01,
6.0594188009e+01,
6.1277040347e+01,
6.1926462937e+01,
6.2540097112e+01,
6.3116276932e+01,
6.3653990733e+01,
6.4152820681e+01,
6.4612868972e+01,
6.5034679060e+01,
6.5419158755e+01,
6.5767509865e+01,
6.6081166896e+01,
6.6361745564e+01,
6.6611000553e+01,
6.6830791226e+01,
6.7023053617e+01,
6.7189777015e+01,
6.7332983601e+01,
6.7454709840e+01,
6.7556988668e+01,
6.7641831789e+01,
6.7711211725e+01,
6.7767043519e+01,
6.7811166251e+01,
6.7845324741e+01,
6.7871151966e+01,
6.7890152880e+01,
6.7903690366e+01,
6.7912974081e+01,
6.7919052913e+01,
6.7922811643e+01,
6.7924972268e+01,
6.7926100229e+01,
6.7926615586e+01,
6.7926808911e+01,
6.7926861500e+01,
6.7926869262e+01,
6.7926869953e+01,
6.7926883551e+01,
6.7926975677e+01,
6.7927314340e+01,
6.7928217059e+01,
6.7930192482e+01,
6.7933975059e+01,
6.7940551129e+01,
6.7951174809e+01,
6.7967372105e+01,
6.7990931789e+01,
6.8023881786e+01,
6.8068450211e+01,
6.8127010730e+01,
6.8202012789e+01,
6.8295898246e+01,
6.8411007215e+01,
6.8549477226e+01,
6.8713141059e+01,
6.8903429591e+01,
6.9121286437e+01,
6.9367100938e+01,
6.9640664933e+01,
6.9941156809e+01,
7.0267153784e+01,
7.0616670582e+01,
7.0987220356e+01,
7.1375892337e+01,
7.1779440771e+01,
7.2194381030e+01,
7.2617090622e+01,
7.3043913912e+01,
7.3471268443e+01,
7.3895747684e+01,
7.4314211286e+01,
7.4723852284e+01,
7.5122233550e+01,
7.5507292657e+01,
7.5877322079e+01,
7.6230936211e+01,
7.6567036380e+01,
7.6884780973e+01,
7.7183562937e+01,
7.7462993282e+01,
7.7722887763e+01,
7.7963254063e+01,
7.8184277826e+01,
7.8386306947e+01,
7.8569834385e+01,
7.8735480152e+01,
7.8883973229e+01,
7.9016134061e+01,
7.9132858021e+01,
7.9235100038e+01,
7.9323860379e+01,
7.9400171420e+01,
7.9465085195e+01,
7.9519661482e+01,
7.9564956221e+01,
7.9602010130e+01,
7.9631837466e+01,
7.9655414996e+01,
7.9673671323e+01,
7.9687476810e+01,
7.9697634434e+01,
7.9704871906e+01,
7.9709835458e+01,
7.9713085623e+01,
7.9715095344e+01,
7.9716250604e+01,
7.9716853715e+01,
7.9717129273e+01,
7.9717232643e+01,
7.9717260762e+01,
7.9717264912e+01,
7.9717265279e+01,
7.9717272475e+01,
7.9717321223e+01,
7.9717500426e+01,
7.9717978100e+01,
7.9719023403e+01,
7.9721024998e+01,
7.9724504894e+01,
7.9730126933e+01,
7.9738699104e+01,
7.9751168947e+01,
7.9768611401e+01,
7.9792208638e+01,
7.9823221708e+01,
7.9862954172e+01,
7.9912708436e+01,
7.9973736035e+01,
8.0047183765e+01,
8.0134038191e+01,
8.0235071586e+01,
8.0350792748e+01,
8.0481406253e+01,
8.0626783503e+01,
8.0786448363e+01,
8.0959579238e+01,
8.1145028168e+01,
8.1341356087e+01,
8.1546881893e+01,
8.1759741703e+01,
8.1977953845e+01,
8.2199484854e+01,
8.2422312202e+01,
8.2644480371e+01,
8.2864148176e+01,
8.3079626438e+01,
8.3289406100e+01,
8.3492177339e+01,
8.3686840409e+01,
8.3872508831e+01,
8.4048505491e+01,
8.4214352326e+01,
8.4369754591e+01,
8.4514581089e+01,
8.4648842057e+01,
8.4772666426e+01,
8.4886280004e+01,
8.4989985698e+01,
8.5084146417e+01,
8.5169170857e+01,
8.5245502028e+01,
8.5313608186e+01,
8.5373975712e+01,
8.5427103498e+01,
8.5473498405e+01,
8.5513671439e+01,
8.5548134324e+01,
8.5577396269e+01,
8.5601960715e+01,
8.5622321981e+01,
8.5638961728e+01,
8.5652345244e+01,
8.5662917595e+01,
8.5671099736e+01,
8.5677284711e+01,
8.5681834107e+01,
8.5685074952e+01,
8.5687297243e+01,
8.5688752271e+01,
8.5689651923e+01,
8.5690169056e+01,
8.5690439023e+01,
8.5690562368e+01,
8.5690608639e+01,
8.5690621225e+01,
8.5690623083e+01,
8.5690623250e+01,
8.5690626549e+01,
8.5690648901e+01,
8.5690731070e+01,
8.5690950094e+01,
8.5691429379e+01,
8.5692347096e+01,
8.5693942484e+01,
8.5696519629e+01,
8.5700448345e+01,
8.5706161748e+01,
8.5714150205e+01,
8.5724951424e+01,
8.5739136583e+01,
8.5757292628e+01,
8.5780001137e+01,
8.5807814475e+01,
8.5841230294e+01,
8.5880665775e+01,
8.5926433220e+01,
8.5978718746e+01,
8.6037565744e+01,
8.6102864516e+01,
8.6174349071e+01,
8.6251601484e+01,
8.6334063611e+01,
8.6421055357e+01,
8.6511798262e+01,
8.6605442793e+01,
8.6701097649e+01,
8.6797859304e+01,
8.6894840150e+01,
8.6991193771e+01,
8.7086136167e+01,
8.7178962089e+01,
8.7269056084e+01,
8.7355898287e+01,
8.7439065408e+01,
8.7518227710e+01,
8.7593142953e+01,
8.7663648341e+01,
8.7729651433e+01,
8.7791120808e+01,
8.7848077068e+01,
8.7900584522e+01,
8.7948743762e+01,
8.7992685143e+01,
8.8032563147e+01,
8.8068551536e+01,
8.8100839203e+01,
8.8129626616e+01,
8.8155122778e+01,
8.8177542616e+01,
8.8197104734e+01,
8.8214029449e+01,
8.8228537051e+01,
8.8240846206e+01,
8.8251172457e+01,
8.8259726755e+01,
8.8266713982e+01,
8.8272331464e+01,
8.8276767441e+01,
8.8280199552e+01,
8.8282793350e+01,
8.8284700913e+01,
8.8286059633e+01,
8.8286991244e+01,
8.8287601174e+01,
8.8287978283e+01,
8.8288195045e+01,
8.8288308204e+01,
8.8288359904e+01,
8.8288379299e+01,
8.8288384574e+01,
8.8288385353e+01,
8.8288385425e+01,
8.8288386866e+01,
8.8288396628e+01,
8.8288432515e+01,
8.8288528171e+01,
8.8288737489e+01,
8.8289138271e+01,
8.8289834959e+01,
8.8290960254e+01,
8.8292675427e+01,
8.8295169146e+01,
8.8298654650e+01,
8.8303365150e+01,
8.8309547399e+01,
8.8317453459e+01,
8.8327330843e+01,
8.8339411321e+01,
8.8353898875e+01,
8.8370957426e+01,
8.8390699064e+01,
8.8413173627e+01,
8.8438360441e+01,
8.8466163013e+01,
8.8496407286e+01,
8.8528843930e+01,
8.8563154867e+01,
8.8598963990e+01,
8.8635851745e+01,
8.8673372909e+01,
8.8711076505e+01,
8.8748526406e+01,
8.8785320837e+01,
8.8821108831e+01,
8.8855601913e+01,
8.8888579858e+01,
8.8919890310e+01,
8.8949443016e+01,
8.8977200254e+01,
8.9003165351e+01,
8.9027371115e+01,
8.9049869554e+01,
8.9070723637e+01,
8.9090001324e+01,
8.9107771695e+01,
8.9124102773e+01,
8.9139060592e+01,
8.9152709075e+01,
8.9165110389e+01,
8.9176325507e+01,
8.9186414817e+01,
8.9195438681e+01,
8.9203457861e+01,
8.9210533814e+01,
8.9216728832e+01,
8.9222106030e+01,
8.9226729205e+01,
8.9230662563e+01,
8.9233970339e+01,
8.9236716325e+01,
8.9238963325e+01,
8.9240772553e+01,
8.9242203008e+01,
8.9243310831e+01,
8.9244148696e+01,
8.9244765242e+01,
8.9245204580e+01,
8.9245505902e+01,
8.9245703218e+01,
8.9245825230e+01,
8.9245895368e+01,
8.9245931985e+01,
8.9245948715e+01,
8.9245954991e+01,
8.9245956698e+01,
8.9245956950e+01,
8.9245956974e+01,
8.9245957465e+01,
8.9245960788e+01,
8.9245973006e+01,
8.9246005573e+01,
8.9246076840e+01,
8.9246213303e+01,
8.9246450550e+01,
8.9246833832e+01,
8.9247418216e+01,
8.9248268270e+01,
8.9249457221e+01,
8.9251065576e+01,
8.9253179195e+01,
8.9255886838e+01,
8.9259277260e+01,
8.9263435957e+01,
8.9268441723e+01,
8.9274363216e+01,
8.9281255736e+01,
8.9289158449e+01,
8.9298092237e+01,
8.9308058323e+01,
8.9319037760e+01,
8.9330991767e+01,
8.9343862871e+01,
8.9357576713e+01,
8.9372044366e+01,
8.9387164993e+01,
8.9402828650e+01,
8.9418919103e+01,
8.9435316511e+01,
8.9451899900e+01,
8.9468549384e+01,
8.9485148110e+01,
8.9501583953e+01,
8.9517750988e+01,
8.9533550767e+01,
8.9548893414e+01,
8.9563698553e+01,
8.9577896033e+01,
8.9591426454e+01,
8.9604241460e+01,
8.9616303784e+01,
8.9627587059e+01,
8.9638075400e+01,
8.9647762798e+01,
8.9656652358e+01,
8.9664755438e+01,
8.9672090718e+01,
8.9678683265e+01,
8.9684563592e+01,
8.9689766770e+01,
8.9694331577e+01,
8.9698299708e+01,
8.9701715035e+01,
8.9704622915e+01,
8.9707069537e+01,
8.9709101301e+01,
8.9710764218e+01,
8.9712103335e+01,
8.9713162183e+01,
8.9713982251e+01,
8.9714602499e+01,
8.9715058916e+01,
8.9715384152e+01,
8.9715607217e+01,
8.9715753288e+01,
8.9715843613e+01,
8.9715895536e+01,
8.9715922643e+01,
8.9715935028e+01,
8.9715939674e+01,
8.9715940937e+01,
8.9715941124e+01,
8.9715941142e+01,
8.9715941527e+01,
8.9715944131e+01,
8.9715953704e+01,
8.9715979222e+01,
8.9716035062e+01,
8.9716141985e+01,
8.9716327870e+01,
8.9716628163e+01,
8.9717085986e+01,
8.9717751875e+01,
8.9718683099e+01,
8.9719942536e+01,
8.9721597089e+01,
8.9723715655e+01,
8.9726366673e+01,
8.9729615312e+01,
8.9733520402e+01,
8.9738131240e+01,
8.9743484439e+01,
8.9749600999e+01,
8.9756483826e+01,
8.9764115887e+01,
8.9772459212e+01,
8.9781454866e+01,
8.9791024021e+01,
8.9801070124e+01,
8.9811482108e+01,
8.9822138481e+01,
8.9832912036e+01,
8.9843674884e+01,
8.9854303419e+01,
8.9864682883e+01,
8.9874711199e+01,
8.9884301842e+01,
8.9893385621e+01,
8.9901911339e+01,
8.9909845448e+01,
8.9917170836e+01,
8.9923884981e+01,
8.9929997714e+01,
8.9935528788e+01,
8.9940505477e+01,
8.9944960323e+01,
8.9948929145e+01,
8.9952449362e+01,
8.9955558649e+01,
8.9958293905e+01,
8.9960690519e+01,
8.9962781886e+01,
8.9964599123e+01,
8.9966170954e+01,
8.9967523715e+01,
8.9968681440e+01,
8.9969666009e+01,
8.9970497322e+01,
8.9971193483e+01,
8.9971770990e+01,
8.9972244893e+01,
8.9972628950e+01,
8.9972935740e+01,
8.9973176757e+01,
8.9973362476e+01,
8.9973502395e+01,
8.9973605056e+01,
8.9973678054e+01,
8.9973728047e+01,
8.9973760750e+01,
8.9973780960e+01,
8.9973792573e+01,
8.9973798635e+01,
8.9973801404e+01,
8.9973802442e+01,
8.9973802725e+01,
8.9973802767e+01,
8.9973802771e+01,
8.9973802862e+01,
8.9973803481e+01,
8.9973805755e+01,
8.9973811817e+01,
8.9973825078e+01,
8.9973850459e+01,
8.9973894545e+01,
8.9973965660e+01,
8.9974073836e+01,
8.9974230646e+01,
8.9974448890e+01,
8.9974742113e+01,
8.9975123950e+01,
8.9975607300e+01,
8.9976203377e+01,
8.9976920677e+01,
8.9977763954e+01,
8.9978733318e+01,
8.9979823554e+01,
8.9981023795e+01,
8.9982317630e+01,
8.9983683695e+01,
8.9985096736e+01,
8.9986529059e+01,
8.9987952239e+01,
8.9989338889e+01,
8.9990664312e+01,
8.9991907844e+01,
8.9993053767e+01,
8.9994091727e+01,
8.9995016669e+01,
8.9995828347e+01,
8.9996530550e+01,
8.9997130145e+01,
8.9997636092e+01,
8.9998058534e+01,
8.9998408018e+01,
8.9998694895e+01,
8.9998928890e+01,
8.9999118823e+01,
8.9999272470e+01,
8.9999396520e+01,
8.9999496620e+01,
8.9999577470e+01,
8.9999642948e+01,
8.9999696223e+01,
8.9999739870e+01,
8.9999775951e+01,
8.9999806106e+01,
8.9999831618e+01,
8.9999853482e+01,
8.9999872461e+01,
8.9999889135e+01,
8.9999903934e+01,
8.9999917169e+01,
8.9999929058e+01,
8.9999939750e+01,
8.9999949346e+01,
8.9999957914e+01,
8.9999965506e+01,
8.9999972167e+01,
8.9999977941e+01,
8.9999982878e+01,
8.9999987028e+01,
8.9999990450e+01,
8.9999993209e+01,
8.9999995372e+01,
8.9999997010e+01,
8.9999998199e+01,
8.9999999013e+01,
8.9999999529e+01,
9.0000000000e+01,
9.0000000000e+01,
9.0000000000e+01,
