0.0000000000e+00,
5.6015700522e-08,
1.7881311010e-06,
1.3523492399e-05,
5.6664283800e-05,
1.7166457590e-04,
4.2335401420e-04,
9.0542346610e-04,
1.7439154348e-03,
3.0995952970e-03,
5.1691166683e-03,
8.1849333421e-03,
1.2413948742e-02,
1.8154928883e-02,
2.5734733737e-02,
3.5503442499e-02,
4.7828459590e-02,
6.3087691001e-02,
8.1661877757e-02,
1.0392616983e-01,
1.3024102670e-01,
1.6094254702e-01,
1.9633236574e-01,
2.3666731536e-01,
2.8214912579e-01,
3.3291452689e-01,
3.8902620402e-01,
4.5046512130e-01,
5.1712475213e-01,
5.8880772492e-01,
6.6522529863e-01,
7.4599992968e-01,
8.3067099356e-01,
9.1870350513e-01,
1.0094994677e+00,
1.1024113023e+00,
1.1967566830e+00,
1.2918340507e+00,
1.3869380881e+00,
1.4813745148e+00,
1.5744736775e+00,
1.6656025529e+00,
1.7541749273e+00,
1.8396596509e+00,
1.9215869734e+00,
1.9995530540e+00,
2.0732227840e+00,
2.1423310932e+00,
2.2066829098e+00,
2.2661519406e+00,
2.3206784176e+00,
2.3702659400e+00,
2.4149775233e+00,
2.4549309493e+00,
2.4902935084e+00,
2.5212762134e+00,
2.5481275734e+00,
2.5711270162e+00,
2.5905780584e+00,
2.6068013343e+00,
2.6201276037e+00,
2.6308908707e+00,
2.6394217537e+00,
2.6460412514e+00,
2.6510550507e+00,
2.6547485163e+00,
2.6573824916e+00,
2.6591900239e+00,
2.6603741012e+00,
2.6611064640e+00,
2.6615275200e+00,
2.6617473550e+00,
2.6618478007e+00,
2.6618854816e+00,
2.6618957318e+00,
2.6618972446e+00,
2.6618974517e+00,
2.6619023426e+00,
2.6619354790e+00,
2.6620572913e+00,
2.6623819955e+00,
2.6630925883e+00,
2.6644534030e+00,
2.6668196977e+00,
2.6706437933e+00,
2.6764773350e+00,
2.6849693173e+00,
2.6968596023e+00,
2.7129677743e+00,
2.7341773169e+00,
2.7614152849e+00,
2.7956278578e+00,
2.8377524117e+00,
2.8886870190e+00,
2.9492585558e+00,
3.0201908452e+00,
3.1020744447e+00,
3.1953397603e+00,
3.3002350919e+00,
3.4168109473e+00,
3.5449115204e+00,
3.6841736350e+00,
3.8340328097e+00,
3.9937355300e+00,
4.1623564395e+00,
4.3388190960e+00,
4.5219191782e+00,
4.7103494964e+00,
4.9027266549e+00,
5.0976195073e+00,
5.2935794426e+00,
5.4891719946e+00,
5.6830084468e+00,
5.8737753653e+00,
6.0602597294e+00,
6.2413677695e+00,
6.4161366627e+00,
6.5837394844e+00,
6.7434847983e+00,
6.8948126994e+00,
7.0372889892e+00,
7.1705986877e+00,
7.2945395162e+00,
7.4090155351e+00,
7.5140308469e+00,
7.6096831705e+00,
7.6961571005e+00,
7.7737169203e+00,
7.8426989081e+00,
7.9035031279e+00,
7.9565847396e+00,
8.0024448847e+00,
8.0416212231e+00,
8.0746782084e+00,
8.1021972091e+00,
8.1247666006e+00,
8.1429719772e+00,
8.1573866580e+00,
8.1685626834e+00,
8.1770225151e+00,
8.1832516635e+00,
8.1876924607e+00,
8.1907391856e+00,
8.1927347169e+00,
8.1939688465e+00,
8.1946783390e+00,
8.1950487553e+00,
8.1952180009e+00,
8.1952814907e+00,
8.1952987615e+00,
8.1953013106e+00,
8.1953015526e+00,
8.1953064860e+00,
8.1953399108e+00,
8.1954627832e+00,
8.1957903119e+00,
8.1965070785e+00,
8.1978796893e+00,
8.2002664109e+00,
8.2041232897e+00,
8.2100062983e+00,
8.2185691195e+00,
8.2305562627e+00,
8.2467913250e+00,
8.2681603656e+00,
8.2955905558e+00,
8.3300245068e+00,
8.3723909391e+00,
8.4235726364e+00,
8.4843728927e+00,
8.5554818823e+00,
8.6374445362e+00,
8.7306315675e+00,
8.8352152498e+00,
8.9511514081e+00,
9.0781688545e+00,
9.2157671963e+00,
9.3632235691e+00,
9.5196084017e+00,
9.6838097992e+00,
9.8545655385e+00,
1.0030501066e+01,
1.0210171319e+01,
1.0392103804e+01,
1.0574840211e+01,
1.0756974022e+01,
1.0937182062e+01,
1.1114248678e+01,
1.1287082077e+01,
1.1454723175e+01,
1.1616347976e+01,
1.1771264920e+01,
1.1918908772e+01,
1.2058832545e+01,
1.2190698690e+01,
1.2314270405e+01,
1.2429403593e+01,
1.2536039637e+01,
1.2634198954e+01,
1.2723975156e+01,
1.2805529560e+01,
1.2879085810e+01,
1.2944924422e+01,
1.3003377089e+01,
1.3054820687e+01,
1.3099670907e+01,
1.3138375548e+01,
1.3171407482e+01,
1.3199257346e+01,
1.3222426045e+01,
1.3241417152e+01,
1.3256729338e+01,
1.3268848958e+01,
1.3278242976e+01,
1.3285352393e+01,
1.3290586377e+01,
1.3294317290e+01,
1.3296876774e+01,
1.3298553084e+01,
1.3299589757e+01,
1.3300185721e+01,
1.3300496861e+01,
1.3300639023e+01,
1.3300692352e+01,
1.3300706859e+01,
1.3300709000e+01,
1.3300709191e+01,
1.3300712942e+01,
1.3300738355e+01,
1.3300831778e+01,
1.3301080804e+01,
1.3301625774e+01,
1.3302669384e+01,
1.3304484010e+01,
1.3307416331e+01,
1.3311888929e+01,
1.3318398538e+01,
1.3327510714e+01,
1.3339850773e+01,
1.3356090973e+01,
1.3376934070e+01,
1.3403093562e+01,
1.3435271159e+01,
1.3474132217e+01,
1.3520280098e+01,
1.3574230555e+01,
1.3636387356e+01,
1.3707020349e+01,
1.3786247109e+01,
1.3874019174e+01,
1.3970113710e+01,
1.4074131310e+01,
1.4185500552e+01,
1.4303489851e+01,
1.4427226997e+01,
1.4555726350e+01,
1.4687922877e+01,
1.4822710922e+01,
1.4958984270e+01,
1.5095673033e+01,
1.5231773031e+01,
1.5366364765e+01,
1.5498621547e+01,
1.5627808777e+01,
1.5753277949e+01,
1.5874459054e+01,
1.5990854155e+01,
1.6102033421e+01,
1.6207633662e+01,
1.6307358592e+01,
1.6400979778e+01,
1.6488337326e+01,
1.6569339665e+01,
1.6643962086e+01,
1.6712243996e+01,
1.6774285025e+01,
1.6830240214e+01,
1.6880314543e+01,
1.6924757043e+01,
1.6963854673e+01,
1.6997926105e+01,
1.7027315504e+01,
1.7052386343e+01,
1.7073515291e+01,
1.7091086189e+01,
1.7105484128e+01,
1.7117089689e+01,
1.7126273391e+01,
1.7133390431e+01,
1.7138775841e+01,
1.7142740166e+01,
1.7145565805e+01,
1.7147504141e+01,
1.7148773587e+01,
1.7149558625e+01,
1.7150009922e+01,
1.7150245533e+01,
1.7150353184e+01,
1.7150393568e+01,
1.7150404553e+01,
1.7150406174e+01,
1.7150406318e+01,
1.7150409128e+01,
1.7150428173e+01,
1.7150498183e+01,
1.7150684799e+01,
1.7151093189e+01,
1.7151875240e+01,
1.7153235035e+01,
1.7155432291e+01,
1.7158783506e+01,
1.7163660554e+01,
1.7170486552e+01,
1.7179728851e+01,
1.7191889116e+01,
1.7207490568e+01,
1.7227062594e+01,
1.7251123103e+01,
1.7280159164e+01,
1.7314606674e+01,
1.7354829910e+01,
1.7401101988e+01,
1.7453587329e+01,
1.7512327228e+01,
1.7577229572e+01,
1.7648063642e+01,
1.7724460649e+01,
1.7805920388e+01,
1.7891823971e+01,
1.7981452161e+01,
1.8074008372e+01,
1.8168644963e+01,
1.8264491190e+01,
1.8360680971e+01,
1.8456378731e+01,
1.8550801796e+01,
1.8643238250e+01,
1.8733059637e+01,
1.8819728456e+01,
1.8902800789e+01,
1.8981924822e+01,
1.9056836144e+01,
1.9127350814e+01,
1.9193357118e+01,
1.9254806774e+01,
1.9311706214e+01,
1.9364108338e+01,
1.9412105002e+01,
1.9455820368e+01,
1.9495405113e+01,
1.9531031473e+01,
1.9562889016e+01,
1.9591181054e+01,
1.9616121559e+01,
1.9637932491e+01,
1.9656841413e+01,
1.9673079316e+01,
1.9686878554e+01,
1.9698470835e+01,
1.9708085218e+01,
1.9715946079e+01,
1.9722271065e+01,
1.9727269015e+01,
1.9731137929e+01,
1.9734063007e+01,
1.9736214851e+01,
1.9737747904e+01,
1.9738799209e+01,
1.9739487574e+01,
1.9739913207e+01,
1.9740157870e+01,
1.9740285597e+01,
1.9740343955e+01,
1.9740365846e+01,
1.9740371801e+01,
1.9740372680e+01,
1.9740372759e+01,
1.9740374320e+01,
1.9740384895e+01,
1.9740423772e+01,
1.9740527398e+01,
1.9740754162e+01,
1.9741188369e+01,
1.9741943232e+01,
1.9743162679e+01,
1.9745021805e+01,
1.9747725786e+01,
1.9751507107e+01,
1.9756620993e+01,
1.9763339010e+01,
1.9771940873e+01,
1.9782704633e+01,
1.9795895560e+01,
1.9811754162e+01,
1.9830483956e+01,
1.9852239693e+01,
1.9877116822e+01,
1.9905142958e+01,
1.9936272041e+01,
1.9970381713e+01,
2.0007274199e+01,
2.0046680742e+01,
2.0088269363e+01,
2.0131655515e+01,
2.0176415000e+01,
2.0222098461e+01,
2.0268246655e+01,
2.0314405724e+01,
2.0360141680e+01,
2.0405053316e+01,
2.0448782845e+01,
2.0491023647e+01,
2.0531524766e+01,
2.0570092070e+01,
2.0606586308e+01,
2.0640918649e+01,
2.0673044456e+01,
2.0702956160e+01,
2.0730675995e+01,
2.0756249213e+01,
2.0779738182e+01,
2.0801217529e+01,
2.0820770367e+01,
2.0838485487e+01,
2.0854455350e+01,
2.0868774726e+01,
2.0881539772e+01,
2.0892847433e+01,
2.0902795022e+01,
2.0911479904e+01,
2.0918999209e+01,
2.0925449517e+01,
2.0930926505e+01,
2.0935524515e+01,
2.0939336044e+01,
2.0942451167e+01,
2.0944956881e+01,
2.0946936412e+01,
2.0948468498e+01,
2.0949626674e+01,
2.0950478609e+01,
2.0951085518e+01,
2.0951501691e+01,
2.0951774182e+01,
2.0951942665e+01,
2.0952039513e+01,
2.0952090072e+01,
2.0952113172e+01,
2.0952121837e+01,
2.0952124194e+01,
2.0952124542e+01,
2.0952124574e+01,
2.0952125218e+01,
2.0952129580e+01,
2.0952145614e+01,
2.0952188354e+01,
2.0952281880e+01,
2.0952460960e+01,
2.0952772275e+01,
2.0953275157e+01,
2.0954041755e+01,
2.0955156556e+01,
2.0956715194e+01,
2.0958822510e+01,
2.0961589836e+01,
2.0965131546e+01,
2.0969560959e+01,
2.0974985740e+01,
2.0981503039e+01,
2.0989194644e+01,
2.0998122467e+01,
2.1008324722e+01,
2.1019813079e+01,
2.1032571051e+01,
2.1046553733e+01,
2.1061688917e+01,
2.1077879465e+01,
2.1095006721e+01,
2.1112934690e+01,
2.1131514663e+01,
2.1150590004e+01,
2.1170000810e+01,
2.1189588254e+01,
2.1209198428e+01,
2.1228685575e+01,
2.1247914649e+01,
2.1266763172e+01,
2.1285122413e+01,
2.1302897938e+01,
2.1320009629e+01,
2.1336391280e+01,
2.1351989877e+01,
2.1366764690e+01,
2.1380686264e+01,
2.1393735400e+01,
2.1405902160e+01,
2.1417184958e+01,
2.1427589727e+01,
2.1437129171e+01,
2.1445822091e+01,
2.1453692782e+01,
2.1460770456e+01,
2.1467088710e+01,
2.1472684997e+01,
2.1477600099e+01,
2.1481877591e+01,
2.1485563291e+01,
2.1488704690e+01,
2.1491350349e+01,
2.1493549297e+01,
2.1495350395e+01,
2.1496801705e+01,
2.1497949864e+01,
2.1498839475e+01,
2.1499512541e+01,
2.1500007948e+01,
2.1500361031e+01,
2.1500603228e+01,
2.1500761840e+01,
2.1500859925e+01,
2.1500916311e+01,
2.1500945748e+01,
2.1500959198e+01,
2.1500964244e+01,
2.1500965616e+01,
2.1500965819e+01,
2.1500965838e+01,
2.1500966232e+01,
2.1500968904e+01,
2.1500978727e+01,
2.1501004910e+01,
2.1501062206e+01,
2.1501171923e+01,
2.1501362683e+01,
2.1501670896e+01,
2.1502140905e+01,
2.1502824758e+01,
2.1503781583e+01,
2.1505076549e+01,
2.1506779392e+01,
2.1508962545e+01,
2.1511698887e+01,
2.1515059208e+01,
2.1519109465e+01,
2.1523907983e+01,
2.1529502732e+01,
2.1535928853e+01,
2.1543206581e+01,
2.1551339709e+01,
2.1560314677e+01,
2.1570100352e+01,
2.1580648485e+01,
2.1591894807e+01,
2.1603760685e+01,
2.1616155220e+01,
2.1628977684e+01,
2.1642120184e+01,
2.1655470454e+01,
2.1668914682e+01,
2.1682340278e+01,
2.1695638511e+01,
2.1708706915e+01,
2.1721451388e+01,
2.1733787902e+01,
2.1745643771e+01,
2.1756958447e+01,
2.1767683833e+01,
2.1777784143e+01,
2.1787235381e+01,
2.1796024486e+01,
2.1804148263e+01,
2.1811612157e+01,
2.1818428985e+01,
2.1824617664e+01,
2.1830202020e+01,
2.1835209695e+01,
2.1839671186e+01,
2.1843619023e+01,
2.1847087078e+01,
2.1850110000e+01,
2.1852722754e+01,
2.1854960251e+01,
2.1856857037e+01,
2.1858447032e+01,
2.1859763295e+01,
2.1860837809e+01,
2.1861701263e+01,
2.1862382840e+01,
2.1862910011e+01,
2.1863308320e+01,
2.1863601195e+01,
2.1863809777e+01,
2.1863952778e+01,
2.1864046395e+01,
2.1864104275e+01,
2.1864137543e+01,
2.1864154910e+01,
2.1864162845e+01,
2.1864165822e+01,
2.1864166631e+01,
2.1864166751e+01,
2.1864166763e+01,
2.1864167009e+01,
2.1864168677e+01,
2.1864174810e+01,
2.1864191158e+01,
2.1864226929e+01,
2.1864295416e+01,
2.1864414456e+01,
2.1864606694e+01,
2.1864899618e+01,
2.1865325323e+01,
2.1865919972e+01,
2.1866722933e+01,
2.1867775571e+01,
2.1869119712e+01,
2.1870795791e+01,
2.1872840760e+01,
2.1875285852e+01,
2.1878154315e+01,
2.1881459293e+01,
2.1885202015e+01,
2.1889370485e+01,
2.1893938825e+01,
2.1898867407e+01,
2.1904103827e+01,
2.1909584728e+01,
2.1915238360e+01,
2.1920987714e+01,
2.1926753990e+01,
2.1932460117e+01,
2.1938034043e+01,
2.1943411541e+01,
2.1948538343e+01,
2.1953371484e+01,
2.1957879838e+01,
2.1962043911e+01,
2.1965854995e+01,
2.1969313869e+01,
2.1972429207e+01,
2.1975215872e+01,
2.1977693226e+01,
2.1979883581e+01,
2.1981810842e+01,
2.1983499397e+01,
2.1984973246e+01,
2.1986255375e+01,
2.1987367318e+01,
2.1988328911e+01,
2.1989158174e+01,
2.1989871294e+01,
2.1990482694e+01,
2.1991005140e+01,
2.1991449883e+01,
2.1991826817e+01,
2.1992144631e+01,
2.1992410970e+01,
2.1992632570e+01,
2.1992815388e+01,
2.1992964715e+01,
2.1993085267e+01,
2.1993181263e+01,
2.1993256489e+01,
2.1993314342e+01,
2.1993357861e+01,
2.1993389755e+01,
2.1993412416e+01,
2.1993427926e+01,
2.1993438068e+01,
2.1993444334e+01,
2.1993447934e+01,
2.1993449813e+01,
2.1993450671e+01,
2.1993450993e+01,
2.1993451081e+01,
2.1993451093e+01,
2.1993451095e+01,
2.1993451123e+01,
2.1993451315e+01,
2.1993452020e+01,
2.1993453898e+01,
2.1993458008e+01,
2.1993465872e+01,
2.1993479528e+01,
2.1993501543e+01,
2.1993535003e+01,
2.1993583445e+01,
2.1993650743e+01,
2.1993740938e+01,
2.1993858003e+01,
2.1994005554e+01,
2.1994186525e+01,
2.1994402821e+01,
2.1994654995e+01,
2.1994941983e+01,
2.1995260948e+01,
2.1995607257e+01,
2.1995974644e+01,
2.1996355528e+01,
2.1996741488e+01,
2.1997123836e+01,
2.1997494222e+01,
2.1997845203e+01,
2.1998170697e+01,
2.1998466291e+01,
2.1998729356e+01,
2.1998958993e+01,
2.1999155826e+01,
2.1999321690e+01,
2.1999459278e+01,
2.1999571782e+01,
2.1999662594e+01,
2.1999735070e+01,
2.1999792357e+01,
2.1999837288e+01,
2.1999872320e+01,
2.1999899513e+01,
2.1999920553e+01,
2.1999936799e+01,
2.1999949344e+01,
2.1999959060e+01,
2.1999966631e+01,
2.1999972573e+01,
2.1999977263e+01,
2.1999980974e+01,
2.1999983922e+01,
2.1999986288e+01,
2.1999988229e+01,
2.1999989864e+01,
2.1999991275e+01,
2.1999992509e+01,
2.1999993592e+01,
2.1999994542e+01,
2.1999995376e+01,
2.1999996109e+01,
2.1999996755e+01,
2.1999997324e+01,
2.1999997825e+01,
2.1999998264e+01,
2.1999998643e+01,
2.1999998966e+01,
2.1999999236e+01,
2.1999999455e+01,
2.2000000000e+01,
2.2000000000e+01,
2.2000000000e+01,
2.2000000000e+01,
2.2000000000e+01,
2.2000000000e+01,
2.2000000000e+01,
2.2000000000e+01,
