0.0000000000e+00,
3.7626280402e-07,
1.2011054096e-05,
9.0838699506e-05,
3.8062079589e-04,
1.1530990666e-03,
2.8437786655e-03,
6.0821290718e-03,
1.1715198158e-02,
2.0823881050e-02,
3.4731345347e-02,
5.5003351665e-02,
8.3440375413e-02,
1.2206147965e-01,
1.7307976836e-01,
2.3886895891e-01,
3.2192021067e-01,
4.2478798334e-01,
5.5002361078e-01,
7.0009575392e-01,
8.7729818816e-01,
1.0836475651e+00,
1.3207766486e+00,
1.5898314815e+00,
1.8913831243e+00,
2.2253650858e+00,
2.5910456793e+00,
2.9870402386e+00,
3.4113621464e+00,
3.8615053608e+00,
4.3345462553e+00,
4.8272504877e+00,
5.3361718986e+00,
5.8577346931e+00,
6.3882960954e+00,
6.9241925118e+00,
7.4617763276e+00,
7.9974516573e+00,
8.5277154648e+00,
9.0492062503e+00,
9.5587576389e+00,
1.0053450687e+01,
1.0530657993e+01,
1.0988074826e+01,
1.1423736154e+01,
1.1836021700e+01,
1.2223652771e+01,
1.2585684374e+01,
1.2921494926e+01,
1.3230774492e+01,
1.3513511517e+01,
1.3769977602e+01,
1.4000709833e+01,
1.4206490377e+01,
1.4388323248e+01,
1.4547408399e+01,
1.4685113419e+01,
1.4802943244e+01,
1.4902508362e+01,
1.4985492076e+01,
1.5053617418e+01,
1.5108614372e+01,
1.5152188116e+01,
1.5185989001e+01,
1.5211585006e+01,
1.5230437390e+01,
1.5243880228e+01,
1.5253104418e+01,
1.5259146648e+01,
1.5262883686e+01,
1.5265032167e+01,
1.5266153883e+01,
1.5266666408e+01,
1.5266858675e+01,
1.5266910976e+01,
1.5266918695e+01,
1.5266919752e+01,
1.5266944708e+01,
1.5267113785e+01,
1.5267735329e+01,
1.5269392108e+01,
1.5273017781e+01,
1.5279960821e+01,
1.5292033079e+01,
1.5311540370e+01,
1.5341292661e+01,
1.5384591749e+01,
1.5445194750e+01,
1.5527252377e+01,
1.5635221810e+01,
1.5773755124e+01,
1.5947565562e+01,
1.6161275449e+01,
1.6419251059e+01,
1.6725431143e+01,
1.7083156917e+01,
1.7495012161e+01,
1.7962682489e+01,
1.8486843047e+01,
1.9067083481e+01,
1.9701877747e+01,
2.0388603484e+01,
2.1123610974e+01,
2.1902335518e+01,
2.2719441014e+01,
2.3568978860e+01,
2.4444547256e+01,
2.5339441830e+01,
2.6246797128e+01,
2.7159725309e+01,
2.8071458725e+01,
2.8975495524e+01,
2.9865736464e+01,
3.0736594976e+01,
3.1583067011e+01,
3.2400759968e+01,
3.3185892051e+01,
3.3935277453e+01,
3.4646308688e+01,
3.5316940134e+01,
3.5945671513e+01,
3.6531528159e+01,
3.7074035779e+01,
3.7573189179e+01,
3.8029415941e+01,
3.8443536774e+01,
3.8816724318e+01,
3.9150461787e+01,
3.9446502281e+01,
3.9706829104e+01,
3.9933617050e+01,
4.0129194395e+01,
4.0296005320e+01,
4.0436572494e+01,
4.0553459740e+01,
4.0649234840e+01,
4.0726432789e+01,
4.0787519968e+01,
4.0834859920e+01,
4.0870681547e+01,
4.0897050629e+01,
4.0915845621e+01,
4.0928738644e+01,
4.0937182481e+01,
4.0942404234e+01,
4.0945406076e+01,
4.0946973266e+01,
4.0947689318e+01,
4.0947957932e+01,
4.0948031002e+01,
4.0948041786e+01,
4.0948042810e+01,
4.0948063683e+01,
4.0948205097e+01,
4.0948724946e+01,
4.0950110644e+01,
4.0953143060e+01,
4.0958949925e+01,
4.0969046316e+01,
4.0985359948e+01,
4.1010239160e+01,
4.1046441704e+01,
4.1097102800e+01,
4.1165681442e+01,
4.1255884683e+01,
4.1371570646e+01,
4.1516632225e+01,
4.1694864945e+01,
4.1909823979e+01,
4.2164676875e+01,
4.2462059807e+01,
4.2803945983e+01,
4.3191534833e+01,
4.3625169740e+01,
4.4104290050e+01,
4.4627420141e+01,
4.5192194802e+01,
4.5795416708e+01,
4.6433139431e+01,
4.7100769026e+01,
4.7793179143e+01,
4.8504838055e+01,
4.9229948892e+01,
4.9962603862e+01,
5.0696947798e+01,
5.1427337798e+01,
5.2148479708e+01,
5.2855524668e+01,
5.3544120548e+01,
5.4210427129e+01,
5.4851111991e+01,
5.5463342453e+01,
5.6044781131e+01,
5.6593584569e+01,
5.7108399932e+01,
5.7588354424e+01,
5.8033034323e+01,
5.8442453356e+01,
5.8817012401e+01,
5.9157453673e+01,
5.9464812733e+01,
5.9740371192e+01,
5.9985612133e+01,
6.0202179442e+01,
6.0391841415e+01,
6.0556458488e+01,
6.0697954513e+01,
6.0818290869e+01,
6.0919442652e+01,
6.1003376267e+01,
6.1072027952e+01,
6.1127282937e+01,
6.1170955196e+01,
6.1204767976e+01,
6.1230335465e+01,
6.1249146162e+01,
6.1262548557e+01,
6.1271739833e+01,
6.1277758225e+01,
6.1281479617e+01,
6.1283618791e+01,
6.1284735557e+01,
6.1285245800e+01,
6.1285437207e+01,
6.1285489274e+01,
6.1285496959e+01,
6.1285497642e+01,
6.1285511105e+01,
6.1285602318e+01,
6.1285937620e+01,
6.1286831383e+01,
6.1288787213e+01,
6.1292532291e+01,
6.1299043231e+01,
6.1309561854e+01,
6.1325599350e+01,
6.1348927370e+01,
6.1381554822e+01,
6.1425689441e+01,
6.1483683750e+01,
6.1557965745e+01,
6.1650955567e+01,
6.1764970567e+01,
6.1902122416e+01,
6.2064211176e+01,
6.2252622438e+01,
6.2468234456e+01,
6.2711342596e+01,
6.2981608128e+01,
6.3278037225e+01,
6.3598994011e+01,
6.3942248624e+01,
6.4305057809e+01,
6.4684271967e+01,
6.5076459505e+01,
6.5478037406e+01,
6.5885396641e+01,
6.6295012646e+01,
6.6703534238e+01,
6.7107848391e+01,
6.7505122242e+01,
6.7892826588e+01,
6.8268746430e+01,
6.8630983572e+01,
6.8977954573e+01,
6.9308385186e+01,
6.9621300758e+01,
6.9916011540e+01,
7.0192092363e+01,
7.0449357326e+01,
7.0687831240e+01,
7.0907720150e+01,
7.1109383092e+01,
7.1293306659e+01,
7.1460083076e+01,
7.1610391847e+01,
7.1744984520e+01,
7.1864671935e+01,
7.1970313272e+01,
7.2062806285e+01,
7.2143078239e+01,
7.2212077163e+01,
7.2270763142e+01,
7.2320099475e+01,
7.2361043594e+01,
7.2394537724e+01,
7.2421499355e+01,
7.2442811662e+01,
7.2459314081e+01,
7.2471793334e+01,
7.2480975212e+01,
7.2487517483e+01,
7.2492004273e+01,
7.2494942260e+01,
7.2496758951e+01,
7.2497803250e+01,
7.2498348435e+01,
7.2498597527e+01,
7.2498690968e+01,
7.2498716386e+01,
7.2498720138e+01,
7.2498720470e+01,
7.2498726974e+01,
7.2498771040e+01,
7.2498933031e+01,
7.2499364827e+01,
7.2500309733e+01,
7.2502119086e+01,
7.2505264765e+01,
7.2510346868e+01,
7.2518095820e+01,
7.2529368244e+01,
7.2545136022e+01,
7.2566468157e+01,
7.2594505297e+01,
7.2630427140e+01,
7.2675413391e+01,
7.2730599486e+01,
7.2797028824e+01,
7.2875603796e+01,
7.2967038281e+01,
7.3071814492e+01,
7.3190147006e+01,
7.3321956507e+01,
7.3466855155e+01,
7.3624144825e+01,
7.3792828583e+01,
7.3971635053e+01,
7.4159054580e+01,
7.4353385540e+01,
7.4552788572e+01,
7.4755346025e+01,
7.4959123474e+01,
7.5162229866e+01,
7.5362872862e+01,
7.5559406239e+01,
7.5750366947e+01,
7.5934500394e+01,
7.6110773652e+01,
7.6278377350e+01,
7.6436717886e+01,
7.6585402102e+01,
7.6724216812e+01,
7.6853105439e+01,
7.6972143743e+01,
7.7081516188e+01,
7.7181494049e+01,
7.7272415912e+01,
7.7354670914e+01,
7.7428684726e+01,
7.7494908155e+01,
7.7553808084e+01,
7.7605860403e+01,
7.7651544569e+01,
7.7691339440e+01,
7.7725720040e+01,
7.7755154944e+01,
7.7780104041e+01,
7.7801016439e+01,
7.7818328376e+01,
7.7832461011e+01,
7.7843818058e+01,
7.7852783255e+01,
7.7859717722e+01,
7.7864957315e+01,
7.7868810088e+01,
7.7871554038e+01,
7.7873435290e+01,
7.7874666889e+01,
7.7875428340e+01,
7.7875866013e+01,
7.7876094494e+01,
7.7876198883e+01,
7.7876238042e+01,
7.7876248694e+01,
7.7876250266e+01,
7.7876250407e+01,
7.7876253199e+01,
7.7876272117e+01,
7.7876341657e+01,
7.7876527017e+01,
7.7876932626e+01,
7.7877709240e+01,
7.7879059226e+01,
7.7881239681e+01,
7.7884563007e+01,
7.7889394588e+01,
7.7896147251e+01,
7.7905272269e+01,
7.7917246800e+01,
7.7932557878e+01,
7.7951683289e+01,
7.7975070028e+01,
7.8003111333e+01,
7.8036123623e+01,
7.8074324913e+01,
7.8117816402e+01,
7.8166568878e+01,
7.8220415344e+01,
7.8279050811e+01,
7.8342039636e+01,
7.8408830055e+01,
7.8478774933e+01,
7.8551157169e+01,
7.8625217814e+01,
7.8700184824e+01,
7.8775300482e+01,
7.8849845778e+01,
7.8923160518e+01,
7.8994658394e+01,
7.9063836759e+01,
7.9130281303e+01,
7.9193666156e+01,
7.9253750216e+01,
7.9310370613e+01,
7.9363434245e+01,
7.9412908299e+01,
7.9458810486e+01,
7.9501199608e+01,
7.9540166873e+01,
7.9575828226e+01,
7.9608317796e+01,
7.9637782498e+01,
7.9664377692e+01,
7.9688263819e+01,
7.9709603836e+01,
7.9728561348e+01,
7.9745299246e+01,
7.9759978762e+01,
7.9772758794e+01,
7.9783795401e+01,
7.9793241405e+01,
7.9801245997e+01,
7.9807954325e+01,
7.9813507003e+01,
7.9818039541e+01,
7.9821681678e+01,
7.9824556634e+01,
7.9826780306e+01,
7.9828460447e+01,
7.9829695868e+01,
7.9830575727e+01,
7.9831178954e+01,
7.9831573867e+01,
7.9831818026e+01,
7.9831958366e+01,
7.9832031628e+01,
7.9832065100e+01,
7.9832077656e+01,
7.9832081072e+01,
7.9832081576e+01,
7.9832081622e+01,
7.9832082555e+01,
7.9832088875e+01,
7.9832112109e+01,
7.9832174039e+01,
7.9832309553e+01,
7.9832569017e+01,
7.9833020032e+01,
7.9833748465e+01,
7.9834858628e+01,
7.9836472470e+01,
7.9838727683e+01,
7.9841774640e+01,
7.9845772126e+01,
7.9850881917e+01,
7.9857262332e+01,
7.9865061001e+01,
7.9874407235e+01,
7.9885404446e+01,
7.9898123188e+01,
7.9912595385e+01,
7.9928810297e+01,
7.9946712640e+01,
7.9966203130e+01,
7.9987141473e+01,
8.0009351590e+01,
8.0032628662e+01,
8.0056747400e+01,
8.0081470874e+01,
8.0106559231e+01,
8.0131777701e+01,
8.0156903461e+01,
8.0181731046e+01,
8.0206076216e+01,
8.0229778299e+01,
8.0252701176e+01,
8.0274733119e+01,
8.0295785754e+01,
8.0315792406e+01,
8.0334706054e+01,
8.0352497112e+01,
8.0369151174e+01,
8.0384666850e+01,
8.0399053760e+01,
8.0412330728e+01,
8.0424524194e+01,
8.0435666855e+01,
8.0445796501e+01,
8.0454955046e+01,
8.0463187723e+01,
8.0470542408e+01,
8.0477069062e+01,
8.0482819247e+01,
8.0487845708e+01,
8.0492201979e+01,
8.0495942018e+01,
8.0499119831e+01,
8.0501789092e+01,
8.0504002740e+01,
8.0505812553e+01,
8.0507268707e+01,
8.0508419322e+01,
8.0509309999e+01,
8.0509983386e+01,
8.0510478763e+01,
8.0510831686e+01,
8.0511073706e+01,
8.0511232174e+01,
8.0511330158e+01,
8.0511386482e+01,
8.0511415886e+01,
8.0511429320e+01,
8.0511434359e+01,
8.0511435730e+01,
8.0511435933e+01,
8.0511435952e+01,
8.0511436346e+01,
8.0511439015e+01,
8.0511448826e+01,
8.0511474977e+01,
8.0511532203e+01,
8.0511641776e+01,
8.0511832259e+01,
8.0512139954e+01,
8.0512609004e+01,
8.0513291097e+01,
8.0514244738e+01,
8.0515534049e+01,
8.0517227106e+01,
8.0519393804e+01,
8.0522103327e+01,
8.0525421292e+01,
8.0529406714e+01,
8.0534108956e+01,
8.0539564870e+01,
8.0545796339e+01,
8.0552808423e+01,
8.0560588276e+01,
8.0569104948e+01,
8.0578310101e+01,
8.0588139591e+01,
8.0598515802e+01,
8.0609350528e+01,
8.0620548189e+01,
8.0632009136e+01,
8.0643632830e+01,
8.0655320709e+01,
8.0666978602e+01,
8.0678518648e+01,
8.0689860673e+01,
8.0700933077e+01,
8.0711673288e+01,
8.0722027868e+01,
8.0731952345e+01,
8.0741410866e+01,
8.0750375714e+01,
8.0758826753e+01,
8.0766750830e+01,
8.0774141153e+01,
8.0780996671e+01,
8.0787321460e+01,
8.0793124118e+01,
8.0798417198e+01,
8.0803216655e+01,
8.0807541341e+01,
8.0811412532e+01,
8.0814853493e+01,
8.0817889089e+01,
8.0820545421e+01,
8.0822849499e+01,
8.0824828941e+01,
8.0826511675e+01,
8.0827925672e+01,
8.0829098667e+01,
8.0830057891e+01,
8.0830829804e+01,
8.0831439827e+01,
8.0831912085e+01,
8.0832269154e+01,
8.0832531846e+01,
8.0832719003e+01,
8.0832847350e+01,
8.0832931390e+01,
8.0832983354e+01,
8.0833013225e+01,
8.0833028819e+01,
8.0833035943e+01,
8.0833038616e+01,
8.0833039343e+01,
8.0833039450e+01,
8.0833039461e+01,
8.0833039682e+01,
8.0833041180e+01,
8.0833046687e+01,
8.0833061367e+01,
8.0833093489e+01,
8.0833154994e+01,
8.0833261914e+01,
8.0833434621e+01,
8.0833697885e+01,
8.0834080701e+01,
8.0834615869e+01,
8.0835339316e+01,
8.0836289132e+01,
8.0837504352e+01,
8.0839023482e+01,
8.0840882841e+01,
8.0843114764e+01,
8.0845745778e+01,
8.0848794848e+01,
8.0852271820e+01,
8.0856176184e+01,
8.0860496256e+01,
8.0865208885e+01,
8.0870279722e+01,
8.0875664070e+01,
8.0881308281e+01,
8.0887151630e+01,
8.0893128551e+01,
8.0899171086e+01,
8.0905211405e+01,
8.0911184221e+01,
8.0917028961e+01,
8.0922691556e+01,
8.0928125781e+01,
8.0933294079e+01,
8.0938167890e+01,
8.0942727510e+01,
8.0946961557e+01,
8.0950866147e+01,
8.0954443857e+01,
8.0957702601e+01,
8.0960654485e+01,
8.0963314709e+01,
8.0965700584e+01,
8.0967830668e+01,
8.0969724062e+01,
8.0971399841e+01,
8.0972876637e+01,
8.0974172332e+01,
8.0975303866e+01,
8.0976287129e+01,
8.0977136919e+01,
8.0977866948e+01,
8.0978489882e+01,
8.0979017411e+01,
8.0979460313e+01,
8.0979828536e+01,
8.0980131263e+01,
8.0980376977e+01,
8.0980573504e+01,
8.0980728055e+01,
8.0980847242e+01,
8.0980937091e+01,
8.0981003046e+01,
8.0981049959e+01,
8.0981082095e+01,
8.0981103121e+01,
8.0981116115e+01,
8.0981123583e+01,
8.0981127481e+01,
8.0981129261e+01,
8.0981129929e+01,
8.0981130111e+01,
8.0981130138e+01,
8.0981130141e+01,
8.0981130199e+01,
8.0981130597e+01,
8.0981132060e+01,
8.0981135958e+01,
8.0981144486e+01,
8.0981160810e+01,
8.0981189167e+01,
8.0981234921e+01,
8.0981304543e+01,
8.0981405519e+01,
8.0981546157e+01,
8.0981735304e+01,
8.0981981946e+01,
8.0982294713e+01,
8.0982681293e+01,
8.0983147803e+01,
8.0983698149e+01,
8.0984333439e+01,
8.0985051527e+01,
8.0985846738e+01,
8.0986709855e+01,
8.0987628371e+01,
8.0988587043e+01,
8.0989568682e+01,
8.0990555141e+01,
8.0991528372e+01,
8.0992471473e+01,
8.0993369596e+01,
8.0994210643e+01,
8.0994985679e+01,
8.0995689067e+01,
8.0996318323e+01,
8.0996873767e+01,
8.0997358032e+01,
8.0997775510e+01,
8.0998131795e+01,
8.0998433181e+01,
8.0998686215e+01,
8.0998897351e+01,
8.0999072681e+01,
8.0999217772e+01,
8.0999337587e+01,
8.0999436462e+01,
8.0999518139e+01,
8.0999585800e+01,
8.0999642122e+01,
8.0999689326e+01,
8.0999729231e+01,
8.0999763307e+01,
8.0999792732e+01,
8.0999818432e+01,
8.0999841124e+01,
8.0999861353e+01,
8.0999879519e+01,
8.0999895911e+01,
8.0999910728e+01,
8.0999924109e+01,
8.0999936150e+01,
8.0999946919e+01,
8.0999956474e+01,
8.0999964865e+01,
8.0999972146e+01,
8.0999978373e+01,
8.0999983612e+01,
8.0999987934e+01,
8.0999991418e+01,
8.0999994151e+01,
8.0999996221e+01,
8.0999997723e+01,
8.0999998753e+01,
8.0999999404e+01,
8.1000000000e+01,
8.1000000000e+01,
8.1000000000e+01,
