0.0000000000e+00,
2.9867000251e-07,
9.5341378028e-06,
7.2105960101e-05,
3.0212912201e-04,
9.1530580340e-04,
2.2573262889e-03,
4.8278324088e-03,
9.2991395039e-03,
1.6529105749e-02,
2.7567744354e-02,
4.3657369844e-02,
6.6226221802e-02,
9.6875582119e-02,
1.3736036480e-01,
1.8956300090e-01,
2.5546019431e-01,
3.3708186987e-01,
4.3646151490e-01,
5.5557730984e-01,
6.9628412588e-01,
8.6023772995e-01,
1.0488143126e+00,
1.2630304605e+00,
1.5034704515e+00,
1.7702286708e+00,
2.0628745184e+00,
2.3804451738e+00,
2.7214681910e+00,
3.0840117584e+00,
3.4657565249e+00,
3.8640801178e+00,
4.2761445620e+00,
4.6989779142e+00,
5.1295441771e+00,
5.5647991432e+00,
6.0017332557e+00,
6.4374050343e+00,
6.8689695855e+00,
7.2937061687e+00,
7.7090471048e+00,
8.1126081657e+00,
8.5022187236e+00,
8.8759489424e+00,
9.2321313844e+00,
9.5693753417e+00,
9.8865735061e+00,
1.0182901711e+01,
1.0457813100e+01,
1.0711028151e+01,
1.0942521727e+01,
1.1152507881e+01,
1.1341422803e+01,
1.1509906050e+01,
1.1658780095e+01,
1.1789028239e+01,
1.1901770989e+01,
1.1998241072e+01,
1.2079757390e+01,
1.2147698259e+01,
1.2203474390e+01,
1.2248502121e+01,
1.2284177457e+01,
1.2311851517e+01,
1.2332807999e+01,
1.2348243246e+01,
1.2359249491e+01,
1.2366801753e+01,
1.2371748805e+01,
1.2374808493e+01,
1.2376567555e+01,
1.2377485957e+01,
1.2377905585e+01,
1.2378063003e+01,
1.2378105824e+01,
1.2378112145e+01,
1.2378113010e+01,
1.2378133442e+01,
1.2378271874e+01,
1.2378780761e+01,
1.2380137245e+01,
1.2383105757e+01,
1.2388790359e+01,
1.2398674514e+01,
1.2414646136e+01,
1.2439005959e+01,
1.2474457498e+01,
1.2524077252e+01,
1.2591264346e+01,
1.2679669522e+01,
1.2793104377e+01,
1.2935432888e+01,
1.3110448565e+01,
1.3321741834e+01,
1.3572563325e+01,
1.3865689350e+01,
1.4203296013e+01,
1.4586847903e+01,
1.5017006743e+01,
1.5493564742e+01,
1.6015407290e+01,
1.6580509562e+01,
1.7185970984e+01,
1.7828089342e+01,
1.8502472124e+01,
1.9204177204e+01,
1.9927869859e+01,
2.0667980510e+01,
2.1418849003e+01,
2.2174846505e+01,
2.2930473534e+01,
2.3680439229e+01,
2.4419730174e+01,
2.5143675479e+01,
2.5848009582e+01,
2.6528928350e+01,
2.7183130992e+01,
2.7807841736e+01,
2.8400810014e+01,
2.8960293023e+01,
2.9485027267e+01,
2.9974195460e+01,
3.0427392989e+01,
3.0844595742e+01,
3.1226129380e+01,
3.1572639436e+01,
3.1885061563e+01,
3.2164591478e+01,
3.2412654442e+01,
3.2630874262e+01,
3.2821041891e+01,
3.2985083697e+01,
3.3125029459e+01,
3.3242980180e+01,
3.3341075832e+01,
3.3421463235e+01,
3.3486264401e+01,
3.3537545766e+01,
3.3577288912e+01,
3.3607363417e+01,
3.3629502622e+01,
3.3645283061e+01,
3.3656108328e+01,
3.3663198036e+01,
3.3667582412e+01,
3.3670102880e+01,
3.3671418758e+01,
3.3672019986e+01,
3.3672245527e+01,
3.3672306879e+01,
3.3672315934e+01,
3.3672316794e+01,
3.3672334319e+01,
3.3672453057e+01,
3.3672889545e+01,
3.3674053039e+01,
3.3676599197e+01,
3.3681474933e+01,
3.3689952437e+01,
3.3703650468e+01,
3.3724541159e+01,
3.3754940771e+01,
3.3797483110e+01,
3.3855074765e+01,
3.3930831894e+01,
3.4027999128e+01,
3.4149852098e+01,
3.4299586273e+01,
3.4480196008e+01,
3.4694348927e+01,
3.4944261845e+01,
3.5231585236e+01,
3.5557303649e+01,
3.5921659336e+01,
3.6324105632e+01,
3.6763295098e+01,
3.7237105203e+01,
3.7742701248e+01,
3.8276632555e+01,
3.8834954164e+01,
3.9413362996e+01,
4.0007335685e+01,
4.0612255777e+01,
4.1223520999e+01,
4.1836626473e+01,
4.2447225683e+01,
4.3051176047e+01,
4.3644578239e+01,
4.4223817036e+01,
4.4785606732e+01,
4.5327037982e+01,
4.5845618165e+01,
4.6339296414e+01,
4.6806467860e+01,
4.7245957425e+01,
4.7656988570e+01,
4.8039144646e+01,
4.8392329548e+01,
4.8716731735e+01,
4.9012792925e+01,
4.9281180936e+01,
4.9522765366e+01,
4.9738594815e+01,
4.9929874684e+01,
5.0097944999e+01,
5.0244258014e+01,
5.0370355522e+01,
5.0477845911e+01,
5.0568381038e+01,
5.0643633013e+01,
5.0705271074e+01,
5.0754938742e+01,
5.0794231600e+01,
5.0824676057e+01,
5.0847709624e+01,
5.0864663235e+01,
5.0876746207e+01,
5.0885034427e+01,
5.0890462296e+01,
5.0893818861e+01,
5.0895748429e+01,
5.0896755801e+01,
5.0897216069e+01,
5.0897388730e+01,
5.0897435698e+01,
5.0897442631e+01,
5.0897443248e+01,
5.0897455392e+01,
5.0897537672e+01,
5.0897840138e+01,
5.0898646386e+01,
5.0900410754e+01,
5.0903789400e+01,
5.0909663866e+01,
5.0919155802e+01,
5.0933631640e+01,
5.0954696097e+01,
5.0984173617e+01,
5.1024077132e+01,
5.1076563935e+01,
5.1143878978e+01,
5.1228286598e+01,
5.1331992386e+01,
5.1457057757e+01,
5.1605310508e+01,
5.1778255349e+01,
5.1976988834e+01,
5.2202123384e+01,
5.2453725054e+01,
5.2731269475e+01,
5.3033619861e+01,
5.3359030310e+01,
5.3705176529e+01,
5.4069214701e+01,
5.4447867247e+01,
5.4837531909e+01,
5.5234408013e+01,
5.5634631553e+01,
5.6034409318e+01,
5.6430142109e+01,
5.6818528367e+01,
5.7196642075e+01,
5.7561982022e+01,
5.7912492929e+01,
5.8246561759e+01,
5.8562994429e+01,
5.8860978955e+01,
5.9140040899e+01,
5.9399996067e+01,
5.9640904234e+01,
5.9863026331e+01,
6.0066786423e+01,
6.0252738957e+01,
6.0421541159e+01,
6.0573930141e+01,
6.0710704115e+01,
6.0832707076e+01,
6.0940816316e+01,
6.1035932178e+01,
6.1118969516e+01,
6.1190850380e+01,
6.1252497479e+01,
6.1304828082e+01,
6.1348748044e+01,
6.1385145751e+01,
6.1414885843e+01,
6.1438802697e+01,
6.1457693690e+01,
6.1472312423e+01,
6.1483362090e+01,
6.1491489293e+01,
6.1497278624e+01,
6.1501248332e+01,
6.1503847419e+01,
6.1505454430e+01,
6.1506378155e+01,
6.1506860380e+01,
6.1507080703e+01,
6.1507163353e+01,
6.1507185835e+01,
6.1507189153e+01,
6.1507189447e+01,
6.1507195200e+01,
6.1507234176e+01,
6.1507377457e+01,
6.1507759374e+01,
6.1508595113e+01,
6.1510195356e+01,
6.1512977260e+01,
6.1517471059e+01,
6.1524321574e+01,
6.1534283972e+01,
6.1548213193e+01,
6.1567046603e+01,
6.1591779727e+01,
6.1623435236e+01,
6.1663025869e+01,
6.1711512516e+01,
6.1769759274e+01,
6.1838487896e+01,
6.1918234460e+01,
6.2009311370e+01,
6.2111777740e+01,
6.2225420859e+01,
6.2349750722e+01,
6.2484008653e+01,
6.2627189847e+01,
6.2778078472e+01,
6.2935292831e+01,
6.3097337188e+01,
6.3262656342e+01,
6.3429688983e+01,
6.3596916250e+01,
6.3762902820e+01,
6.3926328928e+01,
6.4086012946e+01,
6.4240925073e+01,
6.4390193359e+01,
6.4533103526e+01,
6.4669094033e+01,
6.4797747610e+01,
6.4918780285e+01,
6.5032028725e+01,
6.5137436577e+01,
6.5235040431e+01,
6.5324955941e+01,
6.5407364574e+01,
6.5482501356e+01,
6.5550643867e+01,
6.5612102642e+01,
6.5667212995e+01,
6.5716328217e+01,
6.5759814001e+01,
6.5798043930e+01,
6.5831395806e+01,
6.5860248623e+01,
6.5884979966e+01,
6.5905963677e+01,
6.5923567618e+01,
6.5938151436e+01,
6.5950064251e+01,
6.5959642231e+01,
6.5967206078e+01,
6.5973058467e+01,
6.5977481531e+01,
6.5980734487e+01,
6.5983051553e+01,
6.5984640282e+01,
6.5985680440e+01,
6.5986323556e+01,
6.5986693221e+01,
6.5986886201e+01,
6.5986974371e+01,
6.5987007446e+01,
6.5987016443e+01,
6.5987017771e+01,
6.5987017890e+01,
6.5987020248e+01,
6.5987036227e+01,
6.5987094963e+01,
6.5987251525e+01,
6.5987594123e+01,
6.5988250106e+01,
6.5989390448e+01,
6.5991232424e+01,
6.5994040172e+01,
6.5998122862e+01,
6.6003830214e+01,
6.6011545184e+01,
6.6021673741e+01,
6.6034631818e+01,
6.6050829725e+01,
6.6070654565e+01,
6.6094451446e+01,
6.6122504551e+01,
6.6155019303e+01,
6.6192106993e+01,
6.6233773185e+01,
6.6279911054e+01,
6.6330300438e+01,
6.6384612935e+01,
6.6442422818e+01,
6.6503222946e+01,
6.6566444419e+01,
6.6631478333e+01,
6.6697697923e+01,
6.6764479457e+01,
6.6831220559e+01,
6.6897355099e+01,
6.6962364293e+01,
6.7025784117e+01,
6.7087209497e+01,
6.7146295932e+01,
6.7202759250e+01,
6.7256374073e+01,
6.7306971430e+01,
6.7354435734e+01,
6.7398701214e+01,
6.7439747799e+01,
6.7477596470e+01,
6.7512304124e+01,
6.7543958089e+01,
6.7572670517e+01,
6.7598572884e+01,
6.7621810847e+01,
6.7642539660e+01,
6.7660920270e+01,
6.7677116143e+01,
6.7691290791e+01,
6.7703605939e+01,
6.7714220202e+01,
6.7723288155e+01,
6.7730959678e+01,
6.7737379454e+01,
6.7742686540e+01,
6.7747013936e+01,
6.7750488116e+01,
6.7753228495e+01,
6.7755346852e+01,
6.7756946703e+01,
6.7758122688e+01,
6.7758960012e+01,
6.7759533977e+01,
6.7759909690e+01,
6.7760141960e+01,
6.7760275460e+01,
6.7760345150e+01,
6.7760376990e+01,
6.7760388933e+01,
6.7760392182e+01,
6.7760392662e+01,
6.7760392706e+01,
6.7760393593e+01,
6.7760399606e+01,
6.7760421706e+01,
6.7760480614e+01,
6.7760609513e+01,
6.7760856300e+01,
6.7761285243e+01,
6.7761977931e+01,
6.7763033386e+01,
6.7764567200e+01,
6.7766709581e+01,
6.7769602225e+01,
6.7773393958e+01,
6.7778235200e+01,
6.7784271366e+01,
6.7791635480e+01,
6.7800440380e+01,
6.7810771058e+01,
6.7822677737e+01,
6.7836170416e+01,
6.7851215517e+01,
6.7867735219e+01,
6.7885609792e+01,
6.7904682958e+01,
6.7924769882e+01,
6.7945667021e+01,
6.7967162764e+01,
6.7989047630e+01,
6.8011122915e+01,
6.8033206983e+01,
6.8055138857e+01,
6.8076779285e+01,
6.8098009797e+01,
6.8118730515e+01,
6.8138857445e+01,
6.8158319828e+01,
6.8177057927e+01,
6.8195021388e+01,
6.8212168147e+01,
6.8228463787e+01,
6.8243881187e+01,
6.8258400332e+01,
6.8272008184e+01,
6.8284698542e+01,
6.8296471866e+01,
6.8307335042e+01,
6.8317301097e+01,
6.8326388869e+01,
6.8334622631e+01,
6.8342031684e+01,
6.8348649922e+01,
6.8354515359e+01,
6.8359669630e+01,
6.8364157455e+01,
6.8368026071e+01,
6.8371324629e+01,
6.8374103564e+01,
6.8376413933e+01,
6.8378306737e+01,
6.8379832238e+01,
6.8381039279e+01,
6.8381974628e+01,
6.8382682365e+01,
6.8383203329e+01,
6.8383574646e+01,
6.8383829359e+01,
6.8383996173e+01,
6.8384099331e+01,
6.8384158634e+01,
6.8384189594e+01,
6.8384203740e+01,
6.8384209047e+01,
6.8384210490e+01,
6.8384210703e+01,
6.8384210724e+01,
6.8384211139e+01,
6.8384213949e+01,
6.8384224280e+01,
6.8384251817e+01,
6.8384312079e+01,
6.8384427475e+01,
6.8384628113e+01,
6.8384952296e+01,
6.8385446682e+01,
6.8386166054e+01,
6.8387172680e+01,
6.8388535237e+01,
6.8390327301e+01,
6.8392625410e+01,
6.8395506754e+01,
6.8399046560e+01,
6.8403315279e+01,
6.8408375705e+01,
6.8414280183e+01,
6.8421068076e+01,
6.8428763643e+01,
6.8437374477e+01,
6.8446890593e+01,
6.8457284224e+01,
6.8468510313e+01,
6.8480507653e+01,
6.8493200555e+01,
6.8506500927e+01,
6.8520310615e+01,
6.8534523884e+01,
6.8549029926e+01,
6.8563715320e+01,
6.8578466395e+01,
6.8593171464e+01,
6.8607722901e+01,
6.8622019045e+01,
6.8635965885e+01,
6.8649478496e+01,
6.8662482176e+01,
6.8674913257e+01,
6.8686719554e+01,
6.8697860470e+01,
6.8708306762e+01,
6.8718040021e+01,
6.8727051912e+01,
6.8735343250e+01,
6.8742922970e+01,
6.8749807056e+01,
6.8756017476e+01,
6.8761581170e+01,
6.8766529109e+01,
6.8770895447e+01,
6.8774716760e+01,
6.8778031376e+01,
6.8780878788e+01,
6.8783299115e+01,
6.8785332631e+01,
6.8787019310e+01,
6.8788398411e+01,
6.8789508070e+01,
6.8790384909e+01,
6.8791063663e+01,
6.8791576826e+01,
6.8791954331e+01,
6.8792223277e+01,
6.8792407708e+01,
6.8792528468e+01,
6.8792603136e+01,
6.8792646057e+01,
6.8792668463e+01,
6.8792678701e+01,
6.8792682541e+01,
6.8792683586e+01,
6.8792683740e+01,
6.8792683755e+01,
6.8792684073e+01,
6.8792686226e+01,
6.8792694139e+01,
6.8792715231e+01,
6.8792761387e+01,
6.8792849762e+01,
6.8793003389e+01,
6.8793251536e+01,
6.8793629778e+01,
6.8794179748e+01,
6.8794948518e+01,
6.8795987605e+01,
6.8797351558e+01,
6.8799096158e+01,
6.8801276246e+01,
6.8803943242e+01,
6.8807142460e+01,
6.8810910329e+01,
6.8815271712e+01,
6.8820237487e+01,
6.8825802593e+01,
6.8831944747e+01,
6.8838623975e+01,
6.8845783103e+01,
6.8853349237e+01,
6.8861236210e+01,
6.8869347867e+01,
6.8877581992e+01,
6.8885834579e+01,
6.8894004136e+01,
6.8901995700e+01,
6.8909724260e+01,
6.8917117382e+01,
6.8924116885e+01,
6.8930679561e+01,
6.8936776984e+01,
6.8942394562e+01,
6.8947530016e+01,
6.8952191483e+01,
6.8956395455e+01,
6.8960164714e+01,
6.8963526395e+01,
6.8966510279e+01,
6.8969147350e+01,
6.8971468643e+01,
6.8973504373e+01,
6.8975283318e+01,
6.8976832417e+01,
6.8978176546e+01,
6.8979338439e+01,
6.8980338707e+01,
6.8981195933e+01,
6.8981926813e+01,
6.8982546319e+01,
6.8983067883e+01,
6.8983503565e+01,
6.8983864222e+01,
6.8984159649e+01,
6.8984398712e+01,
6.8984589448e+01,
6.8984739147e+01,
6.8984854412e+01,
6.8984941201e+01,
6.8985004852e+01,
6.8985050098e+01,
6.8985081077e+01,
6.8985101339e+01,
6.8985113860e+01,
6.8985121054e+01,
6.8985124809e+01,
6.8985126524e+01,
6.8985127167e+01,
6.8985127342e+01,
6.8985127368e+01,
6.8985127371e+01,
6.8985127428e+01,
6.8985127811e+01,
6.8985129220e+01,
6.8985132974e+01,
6.8985141189e+01,
6.8985156909e+01,
6.8985184211e+01,
6.8985228243e+01,
6.8985295200e+01,
6.8985392212e+01,
6.8985527137e+01,
6.8985708243e+01,
6.8985943781e+01,
6.8986241445e+01,
6.8986607759e+01,
6.8987047418e+01,
6.8987562645e+01,
6.8988152638e+01,
6.8988813188e+01,
6.8989536536e+01,
6.8990311532e+01,
6.8991124104e+01,
6.8991958040e+01,
6.8992795980e+01,
6.8993620556e+01,
6.8994415514e+01,
6.8995166712e+01,
6.8995862869e+01,
6.8996496008e+01,
6.8997061568e+01,
6.8997558207e+01,
6.8997987383e+01,
6.8998352780e+01,
6.8998659667e+01,
6.8998914281e+01,
6.8999123266e+01,
6.8999293220e+01,
6.8999430365e+01,
6.8999540339e+01,
6.8999628093e+01,
6.8999697877e+01,
6.8999753268e+01,
6.8999797227e+01,
6.8999832165e+01,
6.8999860018e+01,
6.8999882327e+01,
6.8999900309e+01,
6.8999914929e+01,
6.8999926948e+01,
6.8999936960e+01,
6.8999945427e+01,
6.8999952694e+01,
6.8999959019e+01,
6.8999964585e+01,
6.8999969526e+01,
6.8999973935e+01,
6.8999977879e+01,
6.8999981405e+01,
6.8999984545e+01,
6.8999987326e+01,
6.8999989766e+01,
6.8999991884e+01,
6.8999993696e+01,
6.8999995221e+01,
6.8999996480e+01,
6.8999997496e+01,
6.8999998293e+01,
6.8999998897e+01,
6.8999999336e+01,
6.9000000000e+01,
6.9000000000e+01,
6.9000000000e+01,
6.9000000000e+01,
6.9000000000e+01,
