0.0000000000e+00,
6.3099800229e-07,
2.0142704997e-05,
1.5233781200e-04,
6.3830733100e-04,
1.9337721650e-03,
4.7691112250e-03,
1.0200065132e-02,
1.9647470408e-02,
3.4924803500e-02,
5.8252740021e-02,
9.2260271833e-02,
1.3997205413e-01,
2.0478145310e-01,
2.9040815680e-01,
4.0083825173e-01,
5.4024362764e-01,
7.1287699642e-01,
9.2293945785e-01,
1.1744201794e+00,
1.4709127613e+00,
1.8154197901e+00,
2.2101643849e+00,
2.6564326871e+00,
3.1544714516e+00,
3.7034583509e+00,
4.3015496303e+00,
4.9459933660e+00,
5.6332818942e+00,
6.3593094407e+00,
7.1195041955e+00,
7.9089180822e+00,
8.7222781695e+00,
9.5540235513e+00,
1.0398361321e+01,
1.1249367451e+01,
1.2101132861e+01,
1.2947924599e+01,
1.3784318587e+01,
1.4605275886e+01,
1.5406166582e+01,
1.6182768015e+01,
1.6931264272e+01,
1.7648259380e+01,
1.8330802353e+01,
1.8976415536e+01,
1.9583117920e+01,
2.0149438303e+01,
2.0674416646e+01,
2.1157594209e+01,
2.1598994154e+01,
2.1999094556e+01,
2.2358795500e+01,
2.2679381594e+01,
2.2962480862e+01,
2.3210020716e+01,
2.3424181550e+01,
2.3607348451e+01,
2.3762061539e+01,
2.3890965535e+01,
2.3996759238e+01,
2.4082145751e+01,
2.4149784351e+01,
2.4202245042e+01,
2.4241966848e+01,
2.4271220914e+01,
2.4292079464e+01,
2.4306391537e+01,
2.4315766269e+01,
2.4321564306e+01,
2.4324897649e+01,
2.4326637968e+01,
2.4327433137e+01,
2.4327731433e+01,
2.4327812577e+01,
2.4327824553e+01,
2.4327826193e+01,
2.4327864911e+01,
2.4328127230e+01,
2.4329091535e+01,
2.4331661962e+01,
2.4337286996e+01,
2.4348058525e+01,
2.4366786909e+01,
2.4397047849e+01,
2.4443197103e+01,
2.4510349543e+01,
2.4604319679e+01,
2.4731521790e+01,
2.4898829189e+01,
2.5113394087e+01,
2.5382431865e+01,
2.5712976349e+01,
2.6111615589e+01,
2.6584220440e+01,
2.7135680314e+01,
2.7769661464e+01,
2.8488402452e+01,
2.9292559047e+01,
3.0181107160e+01,
3.1151308966e+01,
3.2198745493e+01,
3.3317418972e+01,
3.4499927121e+01,
3.5737703901e+01,
3.7021305025e+01,
3.8340699946e+01,
3.9685531897e+01,
4.1045331247e+01,
4.2409698858e+01,
4.3768489202e+01,
4.5112008506e+01,
4.6431216659e+01,
4.7717904314e+01,
4.8964817899e+01,
5.0165720086e+01,
5.1315391005e+01,
5.2409587610e+01,
5.3444981919e+01,
5.4419094804e+01,
5.5330234517e+01,
5.6177441959e+01,
5.6960440273e+01,
5.7679585108e+01,
5.8335812897e+01,
5.8930586330e+01,
5.9465837703e+01,
5.9943911513e+01,
6.0367507573e+01,
6.0739625471e+01,
6.1063510596e+01,
6.1342601565e+01,
6.1580478663e+01,
6.1780812898e+01,
6.1947315423e+01,
6.2083687321e+01,
6.2193570006e+01,
6.2280496833e+01,
6.2347846768e+01,
6.2398801201e+01,
6.2436305159e+01,
6.2463034272e+01,
6.2481368778e+01,
6.2493375805e+01,
6.2500800865e+01,
6.2505069256e+01,
6.2507297659e+01,
6.2508315817e+01,
6.2508697760e+01,
6.2508801657e+01,
6.2508816992e+01,
6.2508818448e+01,
6.2508848126e+01,
6.2509049203e+01,
6.2509788375e+01,
6.2511758688e+01,
6.2516070417e+01,
6.2524326929e+01,
6.2538682054e+01,
6.2561875649e+01,
6.2597244218e+01,
6.2648703728e+01,
6.2720702258e+01,
6.2818140850e+01,
6.2946262020e+01,
6.3110506883e+01,
6.3316343688e+01,
6.3569072738e+01,
6.3873614992e+01,
6.4234293853e+01,
6.4654621456e+01,
6.5137101783e+01,
6.5683062874e+01,
6.6292529185e+01,
6.6964142825e+01,
6.7695139696e+01,
6.8481383997e+01,
6.9317462744e+01,
7.0196840508e+01,
7.1112072325e+01,
7.2055068149e+01,
7.3017394730e+01,
7.3990591825e+01,
7.4966472398e+01,
7.5937374797e+01,
7.6896340977e+01,
7.7837208266e+01,
7.8754619269e+01,
7.9643970241e+01,
8.0501327930e+01,
8.1323345717e+01,
8.2107202165e+01,
8.2850571775e+01,
8.3551623558e+01,
8.4209032881e+01,
8.4821989306e+01,
8.5390187660e+01,
8.5913798260e+01,
8.6393420323e+01,
8.6830026867e+01,
8.7224909294e+01,
8.7579626998e+01,
8.7895963965e+01,
8.8175891848e+01,
8.8421537812e+01,
8.8635155207e+01,
8.8819095482e+01,
8.8975780248e+01,
8.9107672871e+01,
8.9217249378e+01,
8.9306968753e+01,
8.9379242940e+01,
8.9436407062e+01,
8.9480690551e+01,
8.9514189970e+01,
8.9538844450e+01,
8.9556414656e+01,
8.9568466212e+01,
8.9576358392e+01,
8.9581238771e+01,
8.9584044289e+01,
8.9585508960e+01,
8.9586178166e+01,
8.9586429206e+01,
8.9586497495e+01,
8.9586507574e+01,
8.9586508471e+01,
8.9586526128e+01,
8.9586645758e+01,
8.9587085527e+01,
8.9588257761e+01,
8.9590823027e+01,
8.9595735280e+01,
8.9604276048e+01,
8.9618075684e+01,
8.9639119874e+01,
8.9669739719e+01,
8.9712584061e+01,
8.9770573126e+01,
8.9846833225e+01,
8.9944613131e+01,
9.0067183788e+01,
9.0217724278e+01,
9.0399198169e+01,
9.0614225533e+01,
9.0864956709e+01,
9.1152954273e+01,
9.1479089493e+01,
9.1843458962e+01,
9.2245326297e+01,
9.2683093053e+01,
9.3154302494e+01,
9.3655679447e+01,
9.4183208590e+01,
9.4732251619e+01,
9.5297700276e+01,
9.5874157573e+01,
9.6456134598e+01,
9.7038246697e+01,
9.7615391798e+01,
9.8182896000e+01,
9.8736616709e+01,
9.9273000421e+01,
9.9789098788e+01,
1.0028255145e+02,
1.0075154639e+02,
1.0119476817e+02,
1.0161134250e+02,
1.0200078220e+02,
1.0236293738e+02,
1.0269795019e+02,
1.0300621386e+02,
1.0328833530e+02,
1.0354510094e+02,
1.0377744565e+02,
1.0398642500e+02,
1.0417319072e+02,
1.0433896955e+02,
1.0448504501e+02,
1.0461274183e+02,
1.0472341228e+02,
1.0481842395e+02,
1.0489914837e+02,
1.0496694992e+02,
1.0502317477e+02,
1.0506913969e+02,
1.0510612046e+02,
1.0513534028e+02,
1.0515795811e+02,
1.0517505755e+02,
1.0518763643e+02,
1.0519659790e+02,
1.0520274321e+02,
1.0520676695e+02,
1.0520925491e+02,
1.0521068504e+02,
1.0521143164e+02,
1.0521177276e+02,
1.0521190072e+02,
1.0521193553e+02,
1.0521194067e+02,
1.0521194112e+02,
1.0521195003e+02,
1.0521201037e+02,
1.0521223221e+02,
1.0521282352e+02,
1.0521411748e+02,
1.0521659515e+02,
1.0522090256e+02,
1.0522786103e+02,
1.0523846978e+02,
1.0525389977e+02,
1.0527547797e+02,
1.0530466140e+02,
1.0534300083e+02,
1.0539209431e+02,
1.0545353165e+02,
1.0552883156e+02,
1.0561937434e+02,
1.0572633342e+02,
1.0585061008e+02,
1.0599277595e+02,
1.0615302752e+02,
1.0633115678e+02,
1.0652654022e+02,
1.0673814770e+02,
1.0696456993e+02,
1.0720406268e+02,
1.0745460364e+02,
1.0771395824e+02,
1.0797975011e+02,
1.0824953307e+02,
1.0852086148e+02,
1.0879135687e+02,
1.0905876825e+02,
1.0932102397e+02,
1.0957627291e+02,
1.0982291339e+02,
1.1005960905e+02,
1.1028529205e+02,
1.1049915514e+02,
1.1070063482e+02,
1.1088938830e+02,
1.1106526704e+02,
1.1122828912e+02,
1.1137861243e+02,
1.1151650982e+02,
1.1164234693e+02,
1.1175656305e+02,
1.1185965488e+02,
1.1195216299e+02,
1.1203466070e+02,
1.1210774495e+02,
1.1217202878e+02,
1.1222813511e+02,
1.1227669147e+02,
1.1231832535e+02,
1.1235365994e+02,
1.1238331001e+02,
1.1240787789e+02,
1.1242794920e+02,
1.1244408860e+02,
1.1245683527e+02,
1.1246669850e+02,
1.1247415325e+02,
1.1247963609e+02,
1.1248354161e+02,
1.1248621954e+02,
1.1248797283e+02,
1.1248905688e+02,
1.1248967999e+02,
1.1249000529e+02,
1.1249015391e+02,
1.1249020966e+02,
1.1249022483e+02,
1.1249022707e+02,
1.1249022727e+02,
1.1249023124e+02,
1.1249025817e+02,
1.1249035718e+02,
1.1249062109e+02,
1.1249119859e+02,
1.1249230435e+02,
1.1249422658e+02,
1.1249733159e+02,
1.1250206471e+02,
1.1250894728e+02,
1.1251856918e+02,
1.1253157656e+02,
1.1254865474e+02,
1.1257050633e+02,
1.1259782506e+02,
1.1263126617e+02,
1.1267141470e+02,
1.1271875326e+02,
1.1277363143e+02,
1.1283623887e+02,
1.1290658450e+02,
1.1298448337e+02,
1.1306955309e+02,
1.1316122019e+02,
1.1325873683e+02,
1.1336120674e+02,
1.1346761906e+02,
1.1357688771e+02,
1.1368789359e+02,
1.1379952649e+02,
1.1391072372e+02,
1.1402050253e+02,
1.1412798449e+02,
1.1423241080e+02,
1.1433314869e+02,
1.1442969026e+02,
1.1452164553e+02,
1.1460873201e+02,
1.1469076242e+02,
1.1476763222e+02,
1.1483930762e+02,
1.1490581465e+02,
1.1496722940e+02,
1.1502366930e+02,
1.1507528546e+02,
1.1512225592e+02,
1.1516477982e+02,
1.1520307226e+02,
1.1523736006e+02,
1.1526787808e+02,
1.1529486626e+02,
1.1531856717e+02,
1.1533922402e+02,
1.1535707903e+02,
1.1537237196e+02,
1.1538533895e+02,
1.1539621121e+02,
1.1540521388e+02,
1.1541256477e+02,
1.1541847297e+02,
1.1542313750e+02,
1.1542674584e+02,
1.1542947247e+02,
1.1543147754e+02,
1.1543290561e+02,
1.1543388473e+02,
1.1543452574e+02,
1.1543492205e+02,
1.1543514986e+02,
1.1543526878e+02,
1.1543532311e+02,
1.1543534349e+02,
1.1543534903e+02,
1.1543534985e+02,
1.1543534993e+02,
1.1543535144e+02,
1.1543536170e+02,
1.1543539942e+02,
1.1543549994e+02,
1.1543571991e+02,
1.1543614109e+02,
1.1543687322e+02,
1.1543805571e+02,
1.1543985795e+02,
1.1544247805e+02,
1.1544613975e+02,
1.1545108759e+02,
1.1545757997e+02,
1.1546588048e+02,
1.1547624740e+02,
1.1548892196e+02,
1.1550411577e+02,
1.1552199829e+02,
1.1554268493e+02,
1.1556622710e+02,
1.1559260478e+02,
1.1562172253e+02,
1.1565340958e+02,
1.1568742403e+02,
1.1572346119e+02,
1.1576116549e+02,
1.1580014499e+02,
1.1583998752e+02,
1.1588027703e+02,
1.1592060912e+02,
1.1596060443e+02,
1.1599991933e+02,
1.1603825332e+02,
1.1607535310e+02,
1.1611101363e+02,
1.1614507655e+02,
1.1617742674e+02,
1.1620798757e+02,
1.1623671561e+02,
1.1626359521e+02,
1.1628863338e+02,
1.1631185522e+02,
1.1633330004e+02,
1.1635301807e+02,
1.1637106796e+02,
1.1638751467e+02,
1.1640242799e+02,
1.1641588129e+02,
1.1642795066e+02,
1.1643871421e+02,
1.1644825149e+02,
1.1645664306e+02,
1.1646397005e+02,
1.1647031385e+02,
1.1647575565e+02,
1.1648037607e+02,
1.1648425471e+02,
1.1648746968e+02,
1.1649009704e+02,
1.1649221027e+02,
1.1649387963e+02,
1.1649517159e+02,
1.1649614821e+02,
1.1649686657e+02,
1.1649737830e+02,
1.1649772921e+02,
1.1649795896e+02,
1.1649810102e+02,
1.1649818268e+02,
1.1649822531e+02,
1.1649824478e+02,
1.1649825209e+02,
1.1649825408e+02,
1.1649825437e+02,
1.1649825440e+02,
1.1649825497e+02,
1.1649825884e+02,
1.1649827306e+02,
1.1649831098e+02,
1.1649839394e+02,
1.1649855279e+02,
1.1649882893e+02,
1.1649927496e+02,
1.1649995484e+02,
1.1650094340e+02,
1.1650232527e+02,
1.1650419312e+02,
1.1650664511e+02,
1.1650978179e+02,
1.1651370229e+02,
1.1651850010e+02,
1.1652425856e+02,
1.1653104637e+02,
1.1653891332e+02,
1.1654788674e+02,
1.1655796868e+02,
1.1656913440e+02,
1.1658133195e+02,
1.1659448318e+02,
1.1660848597e+02,
1.1662321750e+02,
1.1663853840e+02,
1.1665429746e+02,
1.1667033665e+02,
1.1668649613e+02,
1.1670261910e+02,
1.1671855615e+02,
1.1673416912e+02,
1.1674933419e+02,
1.1676394415e+02,
1.1677790988e+02,
1.1679116097e+02,
1.1680364554e+02,
1.1681532941e+02,
1.1682619472e+02,
1.1683623815e+02,
1.1684546880e+02,
1.1685390617e+02,
1.1686157794e+02,
1.1686851802e+02,
1.1687476474e+02,
1.1688035928e+02,
1.1688534439e+02,
1.1688976329e+02,
1.1689365892e+02,
1.1689707332e+02,
1.1690004723e+02,
1.1690261979e+02,
1.1690482847e+02,
1.1690670894e+02,
1.1690829509e+02,
1.1690961902e+02,
1.1691071109e+02,
1.1691159995e+02,
1.1691231249e+02,
1.1691287385e+02,
1.1691330738e+02,
1.1691363455e+02,
1.1691387491e+02,
1.1691404598e+02,
1.1691416322e+02,
1.1691423994e+02,
1.1691428737e+02,
1.1691431462e+02,
1.1691432885e+02,
1.1691433535e+02,
1.1691433779e+02,
1.1691433845e+02,
1.1691433855e+02,
1.1691433856e+02,
1.1691433876e+02,
1.1691434013e+02,
1.1691434515e+02,
1.1691435855e+02,
1.1691438785e+02,
1.1691444394e+02,
1.1691454141e+02,
1.1691469875e+02,
1.1691493836e+02,
1.1691528626e+02,
1.1691577160e+02,
1.1691642578e+02,
1.1691728132e+02,
1.1691837040e+02,
1.1691972309e+02,
1.1692136542e+02,
1.1692331738e+02,
1.1692559094e+02,
1.1692818836e+02,
1.1693110091e+02,
1.1693430815e+02,
1.1693777808e+02,
1.1694146795e+02,
1.1694532597e+02,
1.1694929371e+02,
1.1695330899e+02,
1.1695730904e+02,
1.1696123366e+02,
1.1696502803e+02,
1.1696864501e+02,
1.1697204677e+02,
1.1697520556e+02,
1.1697810383e+02,
1.1698073357e+02,
1.1698309529e+02,
1.1698519653e+02,
1.1698705031e+02,
1.1698867353e+02,
1.1699008554e+02,
1.1699130684e+02,
1.1699235808e+02,
1.1699325927e+02,
1.1699402925e+02,
1.1699468534e+02,
1.1699524315e+02,
1.1699571654e+02,
1.1699611769e+02,
1.1699645714e+02,
1.1699674399e+02,
1.1699698600e+02,
1.1699718981e+02,
1.1699736105e+02,
1.1699750449e+02,
1.1699762418e+02,
1.1699772359e+02,
1.1699780566e+02,
1.1699787291e+02,
1.1699792754e+02,
1.1699797143e+02,
1.1699800625e+02,
1.1699803346e+02,
1.1699805433e+02,
1.1699807000e+02,
1.1699808147e+02,
1.1699808961e+02,
1.1699809518e+02,
1.1699809882e+02,
1.1699810107e+02,
1.1699810236e+02,
1.1699810303e+02,
1.1699810334e+02,
1.1699810346e+02,
1.1699810349e+02,
1.1699810349e+02,
1.1699810349e+02,
1.1699810350e+02,
1.1699810357e+02,
1.1699810383e+02,
1.1699810450e+02,
1.1699810597e+02,
1.1699810879e+02,
1.1699811369e+02,
1.1699812157e+02,
1.1699813354e+02,
1.1699815084e+02,
1.1699817482e+02,
1.1699820687e+02,
1.1699824830e+02,
1.1699830024e+02,
1.1699836353e+02,
1.1699843855e+02,
1.1699852513e+02,
1.1699862247e+02,
1.1699872910e+02,
1.1699884292e+02,
1.1699896134e+02,
1.1699908140e+02,
1.1699920003e+02,
1.1699931430e+02,
1.1699942159e+02,
1.1699951985e+02,
1.1699960766e+02,
1.1699968428e+02,
1.1699974962e+02,
1.1699980414e+02,
1.1699984870e+02,
1.1699988443e+02,
1.1699991257e+02,
1.1699993438e+02,
1.1699995104e+02,
1.1699996361e+02,
1.1699997302e+02,
1.1699998000e+02,
1.1699998513e+02,
1.1699998883e+02,
1.1699999142e+02,
1.1699999317e+02,
1.1699999436e+02,
1.1699999525e+02,
1.1699999604e+02,
1.1699999684e+02,
1.1699999766e+02,
1.1699999846e+02,
1.1699999915e+02,
1.1699999940e+02,
1.1699999934e+02,
1.1699999939e+02,
1.1699999954e+02,
1.1700000000e+02,
1.1700000000e+02,
1.1700000000e+02,
1.1700000000e+02,
1.1700000000e+02,
1.1700000000e+02,
1.1700000000e+02,
1.1700000000e+02,
1.1700000000e+02,
1.1700000000e+02,
1.1700000000e+02,
1.1700000000e+02,
1.1700000000e+02,
1.1700000000e+02,
1.1700000000e+02,
1.1700000000e+02,
1.1700000000e+02,
1.1700000000e+02,
1.1700000000e+02,
1.1700000000e+02,
1.1700000000e+02,
