0.0000000000e+00,
4.4984709291e-07,
1.4360011093e-05,
1.0860369680e-04,
4.5505760799e-04,
1.3786084279e-03,
3.3999385225e-03,
7.2716461659e-03,
1.4006508653e-02,
2.4896993963e-02,
4.1525436195e-02,
6.5764562174e-02,
9.9768225885e-02,
1.4595220297e-01,
2.0696466710e-01,
2.8564551688e-01,
3.8497314825e-01,
5.0799680756e-01,
6.5775267359e-01,
8.3716271592e-01,
1.0489174780e+00,
1.2953472530e+00,
1.5782901962e+00,
1.8989697623e+00,
2.2578961152e+00,
2.6548055567e+00,
3.0886478826e+00,
3.5576243042e+00,
4.0592697593e+00,
4.5905654778e+00,
5.1480630009e+00,
5.7280010385e+00,
6.3264016781e+00,
6.9391409815e+00,
7.5619982818e+00,
8.1906955012e+00,
8.8209401025e+00,
9.4484818324e+00,
1.0069185313e+01,
1.0679111197e+01,
1.1274592655e+01,
1.1852294629e+01,
1.2409249853e+01,
1.2942873828e+01,
1.3450966105e+01,
1.3931705627e+01,
1.4383645094e+01,
1.4805705878e+01,
1.5197172684e+01,
1.5557686327e+01,
1.5887233144e+01,
1.6186130145e+01,
1.6455005660e+01,
1.6694775631e+01,
1.6906616004e+01,
1.7091931758e+01,
1.7252323183e+01,
1.7389549994e+01,
1.7505493907e+01,
1.7602120300e+01,
1.7681439640e+01,
1.7745469384e+01,
1.7796197146e+01,
1.7835545907e+01,
1.7865342136e+01,
1.7887287609e+01,
1.7902935722e+01,
1.7913672990e+01,
1.7920706291e+01,
1.7925056269e+01,
1.7927557130e+01,
1.7928862821e+01,
1.7929459406e+01,
1.7929683206e+01,
1.7929744085e+01,
1.7929753071e+01,
1.7929754301e+01,
1.7929783350e+01,
1.7929980158e+01,
1.7930703640e+01,
1.7932632144e+01,
1.7936852444e+01,
1.7944934127e+01,
1.7958986059e+01,
1.7981691859e+01,
1.8016321519e+01,
1.8066716639e+01,
1.8137247274e+01,
1.8232739078e+01,
1.8358370445e+01,
1.8519540653e+01,
1.8721711619e+01,
1.8970227707e+01,
1.9270119994e+01,
1.9625903303e+01,
2.0041376066e+01,
2.0519434377e+01,
2.1061912270e+01,
2.1669459943e+01,
2.2341469754e+01,
2.3076056126e+01,
2.3870089871e+01,
2.4719280978e+01,
2.5618298631e+01,
2.6560915589e+01,
2.7540167684e+01,
2.8548526494e+01,
2.9578089197e+01,
3.0620787788e+01,
3.1668608045e+01,
3.2713794066e+01,
3.3749010278e+01,
3.4767446339e+01,
3.5762872901e+01,
3.6729670744e+01,
3.7662853859e+01,
3.8558094576e+01,
3.9411746924e+01,
4.0220859718e+01,
4.0983172865e+01,
4.1697095215e+01,
4.2361666746e+01,
4.2976510184e+01,
4.3541777492e+01,
4.4058095573e+01,
4.4526513961e+01,
4.4948455738e+01,
4.5325671810e+01,
4.5660197962e+01,
4.5954313858e+01,
4.6210503109e+01,
4.6431413670e+01,
4.6619818056e+01,
4.6778573093e+01,
4.6910579189e+01,
4.7018739327e+01,
4.7105918231e+01,
4.7174902352e+01,
4.7228361507e+01,
4.7268813144e+01,
4.7298590307e+01,
4.7319814378e+01,
4.7334373665e+01,
4.7343908746e+01,
4.7349805329e+01,
4.7353195110e+01,
4.7354964832e+01,
4.7355773422e+01,
4.7356076750e+01,
4.7356159262e+01,
4.7356171441e+01,
4.7356172597e+01,
4.7356196167e+01,
4.7356355856e+01,
4.7356942887e+01,
4.7358507662e+01,
4.7361931963e+01,
4.7368489257e+01,
4.7379890401e+01,
4.7398312199e+01,
4.7426406391e+01,
4.7467286963e+01,
4.7524494029e+01,
4.7601933142e+01,
4.7703789754e+01,
4.7834419656e+01,
4.7998217645e+01,
4.8199468279e+01,
4.8442184245e+01,
4.8729939441e+01,
4.9065705069e+01,
4.9451697650e+01,
4.9889247743e+01,
5.0378697220e+01,
5.0919331520e+01,
5.1509351639e+01,
5.2145889169e+01,
5.2825066485e+01,
5.3542102428e+01,
5.4291460343e+01,
5.5067029063e+01,
5.5862319876e+01,
5.6670657754e+01,
5.7485348166e+01,
5.8299812160e+01,
5.9107696153e+01,
5.9902970493e+01,
6.0680028220e+01,
6.1433785808e+01,
6.2159777782e+01,
6.2854232391e+01,
6.3514116881e+01,
6.4137146573e+01,
6.4721758674e+01,
6.5267057233e+01,
6.5772738709e+01,
6.6239008164e+01,
6.6666494757e+01,
6.7056172903e+01,
6.7409292862e+01,
6.7727322259e+01,
6.8011898317e+01,
6.8264789521e+01,
6.8487864876e+01,
6.8683068813e+01,
6.8852399923e+01,
6.8997891993e+01,
6.9121596130e+01,
6.9225563133e+01,
6.9311825564e+01,
6.9382379277e+01,
6.9439164434e+01,
6.9484046245e+01,
6.9518795867e+01,
6.9545072085e+01,
6.9564404448e+01,
6.9578178667e+01,
6.9587625012e+01,
6.9593810457e+01,
6.9597635159e+01,
6.9599833723e+01,
6.9600981497e+01,
6.9601505907e+01,
6.9601702628e+01,
6.9601756141e+01,
6.9601764039e+01,
6.9601764742e+01,
6.9601778579e+01,
6.9601872323e+01,
6.9602216936e+01,
6.9603135516e+01,
6.9605145655e+01,
6.9608994736e+01,
6.9615686517e+01,
6.9626497376e+01,
6.9642980643e+01,
6.9666957563e+01,
6.9700493658e+01,
6.9745859639e+01,
6.9805476594e+01,
6.9881846000e+01,
6.9977466148e+01,
7.0094737781e+01,
7.0235863041e+01,
7.0402743011e+01,
7.0596880031e+01,
7.0819291351e+01,
7.1070440341e+01,
7.1350190333e+01,
7.1657784339e+01,
7.1991851522e+01,
7.2350439064e+01,
7.2731066348e+01,
7.3130797740e+01,
7.3546330710e+01,
7.3974097017e+01,
7.4410375029e+01,
7.4851409712e+01,
7.5293533133e+01,
7.5733274064e+01,
7.6167443535e+01,
7.6593186719e+01,
7.7007999853e+01,
7.7409720056e+01,
7.7796501193e+01,
7.8166788195e+01,
7.8519297273e+01,
7.8853003571e+01,
7.9167133822e+01,
7.9461160126e+01,
7.9734791607e+01,
7.9987962145e+01,
8.0220813946e+01,
8.0433677716e+01,
8.0627050766e+01,
8.0801574398e+01,
8.0958011725e+01,
8.1097226714e+01,
8.1220164881e+01,
8.1327835747e+01,
8.1421296948e+01,
8.1501639731e+01,
8.1569975520e+01,
8.1627423214e+01,
8.1675096965e+01,
8.1714094230e+01,
8.1745484024e+01,
8.1770295415e+01,
8.1789506388e+01,
8.1804033346e+01,
8.1814721563e+01,
8.1822336966e+01,
8.1827559646e+01,
8.1830979464e+01,
8.1833094078e+01,
8.1834309630e+01,
8.1834944217e+01,
8.1835234155e+01,
8.1835342920e+01,
8.1835372506e+01,
8.1835376873e+01,
8.1835377259e+01,
8.1835384830e+01,
8.1835436123e+01,
8.1835624677e+01,
8.1836127279e+01,
8.1837227130e+01,
8.1839333170e+01,
8.1842994631e+01,
8.1848909950e+01,
8.1857929174e+01,
8.1871049073e+01,
8.1889400271e+01,
8.1914225913e+01,
8.1946851663e+01,
8.1988647234e+01,
8.2040980182e+01,
8.2105163296e+01,
8.2182397599e+01,
8.2273713646e+01,
8.2379914378e+01,
8.2501523213e+01,
8.2638741161e+01,
8.2791416553e+01,
8.2959030316e+01,
8.3140698727e+01,
8.3335194199e+01,
8.3540983084e+01,
8.3756277977e+01,
8.3979100667e+01,
8.4207351113e+01,
8.4438877621e+01,
8.4671543828e+01,
8.4903289039e+01,
8.5132179585e+01,
8.5356449993e+01,
8.5574533583e+01,
8.5785082631e+01,
8.5986978555e+01,
8.6179332794e+01,
8.6361479354e+01,
8.6532960386e+01,
8.6693506516e+01,
8.6843013917e+01,
8.6981520111e+01,
8.7109180211e+01,
8.7226244900e+01,
8.7333040926e+01,
8.7429954449e+01,
8.7517417203e+01,
8.7595895229e+01,
8.7665879812e+01,
8.7727880217e+01,
8.7782417830e+01,
8.7830021352e+01,
8.7871222710e+01,
8.7906553450e+01,
8.7936541351e+01,
8.7961707114e+01,
8.7982560991e+01,
8.7999599277e+01,
8.8013300641e+01,
8.8024122340e+01,
8.8032496387e+01,
8.8038825798e+01,
8.8043481088e+01,
8.8046797188e+01,
8.8049070994e+01,
8.8050559713e+01,
8.8051480180e+01,
8.8052009273e+01,
8.8052285482e+01,
8.8052411679e+01,
8.8052459019e+01,
8.8052471896e+01,
8.8052473797e+01,
8.8052473968e+01,
8.8052477343e+01,
8.8052500212e+01,
8.8052584281e+01,
8.8052808367e+01,
8.8053298727e+01,
8.8054237643e+01,
8.8055869852e+01,
8.8058506400e+01,
8.8062525484e+01,
8.8068369900e+01,
8.8076540724e+01,
8.8087586994e+01,
8.8102091263e+01,
8.8120651157e+01,
8.8143857328e+01,
8.8172268547e+01,
8.8206385024e+01,
8.8246621398e+01,
8.8293281093e+01,
8.8346533864e+01,
8.8406398339e+01,
8.8472731092e+01,
8.8545223378e+01,
8.8623406085e+01,
8.8706662791e+01,
8.8794250188e+01,
8.8885324555e+01,
8.8978972537e+01,
8.9074244228e+01,
8.9170186447e+01,
8.9265874202e+01,
8.9360438523e+01,
8.9453089278e+01,
8.9543132007e+01,
8.9629978401e+01,
8.9713150586e+01,
8.9792279851e+01,
8.9867100836e+01,
8.9937442380e+01,
9.0003216295e+01,
9.0064405200e+01,
9.0121050380e+01,
9.0173240376e+01,
9.0221100748e+01,
9.0264785250e+01,
9.0304468467e+01,
9.0340339839e+01,
9.0372598930e+01,
9.0401451746e+01,
9.0427107924e+01,
9.0449778604e+01,
9.0469674816e+01,
9.0487006233e+01,
9.0501980188e+01,
9.0514800821e+01,
9.0525668298e+01,
9.0534778021e+01,
9.0542319783e+01,
9.0548476846e+01,
9.0553424918e+01,
9.0557331051e+01,
9.0560352490e+01,
9.0562635506e+01,
9.0564314283e+01,
9.0565509926e+01,
9.0566329667e+01,
9.0566866330e+01,
9.0567198130e+01,
9.0567388845e+01,
9.0567488405e+01,
9.0567533892e+01,
9.0567550956e+01,
9.0567555597e+01,
9.0567556283e+01,
9.0567556346e+01,
9.0567557613e+01,
9.0567566203e+01,
9.0567597776e+01,
9.0567681936e+01,
9.0567866096e+01,
9.0568218701e+01,
9.0568831621e+01,
9.0569821562e+01,
9.0571330303e+01,
9.0573523619e+01,
9.0576588720e+01,
9.0580730104e+01,
9.0586163781e+01,
9.0593109902e+01,
9.0601783980e+01,
9.0612386996e+01,
9.0625094874e+01,
9.0640047927e+01,
9.0657340968e+01,
9.0677014868e+01,
9.0699050238e+01,
9.0723363847e+01,
9.0749808145e+01,
9.0778174016e+01,
9.0808196643e+01,
9.0839564102e+01,
9.0871928165e+01,
9.0904916693e+01,
9.0938146988e+01,
9.0971239472e+01,
9.1003831102e+01,
9.1035587882e+01,
9.1066215807e+01,
9.1095469520e+01,
9.1123158027e+01,
9.1149146976e+01,
9.1173357353e+01,
9.1195760862e+01,
9.1216372696e+01,
9.1235242713e+01,
9.1252446095e+01,
9.1268074503e+01,
9.1282228435e+01,
9.1295011178e+01,
9.1306524451e+01,
9.1316865591e+01,
9.1326126031e+01,
9.1334390738e+01,
9.1341738315e+01,
9.1348241515e+01,
9.1353967948e+01,
9.1358980854e+01,
9.1363339827e+01,
9.1367101441e+01,
9.1370319749e+01,
9.1373046633e+01,
9.1375332019e+01,
9.1377223956e+01,
9.1378768586e+01,
9.1380010021e+01,
9.1380990143e+01,
9.1381748355e+01,
9.1382321317e+01,
9.1382742667e+01,
9.1383042774e+01,
9.1383248539e+01,
9.1383383252e+01,
9.1383466541e+01,
9.1383514416e+01,
9.1383539408e+01,
9.1383550827e+01,
9.1383555111e+01,
9.1383556276e+01,
9.1383556448e+01,
9.1383556464e+01,
9.1383556799e+01,
9.1383559067e+01,
9.1383567406e+01,
9.1383589633e+01,
9.1383638271e+01,
9.1383731395e+01,
9.1383893268e+01,
9.1384154712e+01,
9.1384553167e+01,
9.1385132413e+01,
9.1385941894e+01,
9.1387035638e+01,
9.1388470771e+01,
9.1390305635e+01,
9.1392597608e+01,
9.1395400716e+01,
9.1398763202e+01,
9.1402725241e+01,
9.1407317001e+01,
9.1412557225e+01,
9.1418452477e+01,
9.1424997083e+01,
9.1432173752e+01,
9.1439954719e+01,
9.1448303238e+01,
9.1457175191e+01,
9.1466520621e+01,
9.1476285052e+01,
9.1486410533e+01,
9.1496836413e+01,
9.1507499919e+01,
9.1518336625e+01,
9.1529280908e+01,
9.1540266465e+01,
9.1551226927e+01,
9.1562096597e+01,
9.1572811289e+01,
9.1583309235e+01,
9.1593532023e+01,
9.1603425507e+01,
9.1612940640e+01,
9.1622034189e+01,
9.1630669296e+01,
9.1638815869e+01,
9.1646450781e+01,
9.1653557900e+01,
9.1660127954e+01,
9.1666158253e+01,
9.1671652294e+01,
9.1676619288e+01,
9.1681073615e+01,
9.1685034239e+01,
9.1688524106e+01,
9.1691569524e+01,
9.1694199543e+01,
9.1696445343e+01,
9.1698339626e+01,
9.1699916016e+01,
9.1701208481e+01,
9.1702250763e+01,
9.1703075844e+01,
9.1703715436e+01,
9.1704199517e+01,
9.1704555919e+01,
9.1704809981e+01,
9.1704984277e+01,
9.1705098432e+01,
9.1705169030e+01,
9.1705209615e+01,
9.1705230804e+01,
9.1705240485e+01,
9.1705244117e+01,
9.1705245105e+01,
9.1705245251e+01,
9.1705245265e+01,
9.1705245566e+01,
9.1705247601e+01,
9.1705255085e+01,
9.1705275032e+01,
9.1705318686e+01,
9.1705402280e+01,
9.1705547628e+01,
9.1705782489e+01,
9.1706140688e+01,
9.1706661960e+01,
9.1707391506e+01,
9.1708379236e+01,
9.1709678689e+01,
9.1711345655e+01,
9.1713436497e+01,
9.1716006227e+01,
9.1719106374e+01,
9.1722782733e+01,
9.1727073081e+01,
9.1732004959e+01,
9.1737593648e+01,
9.1743840460e+01,
9.1750731464e+01,
9.1758236773e+01,
9.1766310476e+01,
9.1774891296e+01,
9.1783903996e+01,
9.1793261513e+01,
9.1802867733e+01,
9.1812620776e+01,
9.1822416586e+01,
9.1832152603e+01,
9.1841731264e+01,
9.1851063107e+01,
9.1860069284e+01,
9.1868683359e+01,
9.1876852328e+01,
9.1884536881e+01,
9.1891710991e+01,
9.1898360948e+01,
9.1904483989e+01,
9.1910086684e+01,
9.1915183213e+01,
9.1919793668e+01,
9.1923942455e+01,
9.1927656879e+01,
9.1930965930e+01,
9.1933899295e+01,
9.1936486585e+01,
9.1938756764e+01,
9.1940737749e+01,
9.1942456157e+01,
9.1943937167e+01,
9.1945204469e+01,
9.1946280275e+01,
9.1947185367e+01,
9.1947939161e+01,
9.1948559780e+01,
9.1949064119e+01,
9.1949467895e+01,
9.1949785674e+01,
9.1950030888e+01,
9.1950215829e+01,
9.1950351633e+01,
9.1950448256e+01,
9.1950514455e+01,
9.1950557772e+01,
9.1950584545e+01,
9.1950599932e+01,
9.1950607963e+01,
9.1950611632e+01,
9.1950613008e+01,
9.1950613383e+01,
9.1950613438e+01,
9.1950613444e+01,
9.1950613565e+01,
9.1950614385e+01,
9.1950617398e+01,
9.1950625431e+01,
9.1950643005e+01,
9.1950676644e+01,
9.1950735087e+01,
9.1950829400e+01,
9.1950972951e+01,
9.1951181226e+01,
9.1951471470e+01,
9.1951862119e+01,
9.1952372021e+01,
9.1953019460e+01,
9.1953821001e+01,
9.1954790223e+01,
9.1955936421e+01,
9.1957263396e+01,
9.1958768462e+01,
9.1960441808e+01,
9.1962266343e+01,
9.1964218105e+01,
9.1966267268e+01,
9.1968379715e+01,
9.1970519038e+01,
9.1972648802e+01,
9.1974734808e+01,
9.1976747115e+01,
9.1978661574e+01,
9.1980460712e+01,
9.1982133889e+01,
9.1983676793e+01,
9.1985090421e+01,
9.1986379784e+01,
9.1987552570e+01,
9.1988617967e+01,
9.1989585738e+01,
9.1990465600e+01,
9.1991266840e+01,
9.1991998125e+01,
9.1992667419e+01,
9.1993281970e+01,
9.1993848307e+01,
9.1994372247e+01,
9.1994858895e+01,
9.1995312637e+01,
9.1995737150e+01,
9.1996135416e+01,
9.1996509766e+01,
9.1996861938e+01,
9.1997193152e+01,
9.1997504197e+01,
9.1997795521e+01,
9.1998067324e+01,
9.1998319648e+01,
9.1998552459e+01,
9.1998765726e+01,
9.1998959486e+01,
9.1999133887e+01,
9.1999289230e+01,
9.1999425986e+01,
9.1999544806e+01,
9.1999646518e+01,
9.1999732120e+01,
9.1999802758e+01,
9.1999859716e+01,
9.1999904381e+01,
9.1999938227e+01,
9.1999962785e+01,
9.1999979612e+01,
9.1999990262e+01,
9.1999996253e+01,
9.1999999028e+01,
9.2000000000e+01,
