0.0000000000e+00,
5.9853601186e-08,
1.9106459987e-06,
1.4450062601e-05,
6.0546674600e-05,
1.8342631430e-04,
4.5236060490e-04,
9.6746019720e-04,
1.8634049450e-03,
3.3119788717e-03,
5.5233176603e-03,
8.7458182393e-03,
1.3264701047e-02,
1.9399252677e-02,
2.7498806863e-02,
3.7937542826e-02,
5.1108190891e-02,
6.7414736873e-02,
8.7264212494e-02,
1.1105765484e-01,
1.3918032133e-01,
1.7199126617e-01,
2.0981242636e-01,
2.5291743311e-01,
3.0152045423e-01,
3.5576547554e-01,
4.1571652587e-01,
4.8134942177e-01,
5.5254563120e-01,
6.2908881545e-01,
7.1066449686e-01,
7.9686312240e-01,
8.8718656750e-01,
9.8105787775e-01,
1.0778338110e+00,
1.1768195498e+00,
1.2772848268e+00,
1.3784806576e+00,
1.4796559023e+00,
1.5800729735e+00,
1.6790221444e+00,
1.7758340752e+00,
1.8698903363e+00,
1.9606318514e+00,
2.0475652997e+00,
2.1302675962e+00,
2.2083886189e+00,
2.2816523731e+00,
2.3498567780e+00,
2.4128722525e+00,
2.4706392489e+00,
2.5231648679e+00,
2.5705186613e+00,
2.6128277207e+00,
2.6502711349e+00,
2.6830739020e+00,
2.7115003787e+00,
2.7358473617e+00,
2.7564369013e+00,
2.7736089639e+00,
2.7877140688e+00,
2.7991060387e+00,
2.8081350124e+00,
2.8151408719e+00,
2.8204472379e+00,
2.8243561847e+00,
2.8271438082e+00,
2.8290567694e+00,
2.8303099065e+00,
2.8310849818e+00,
2.8315305937e+00,
2.8317632493e+00,
2.8318695529e+00,
2.8319094312e+00,
2.8319202791e+00,
2.8319218803e+00,
2.8319220994e+00,
2.8319272755e+00,
2.8319623443e+00,
2.8320912606e+00,
2.8324349008e+00,
2.8331869327e+00,
2.8346271015e+00,
2.8371313725e+00,
2.8411784178e+00,
2.8473519920e+00,
2.8563388143e+00,
2.8689216656e+00,
2.8859675334e+00,
2.9084107917e+00,
2.9372315999e+00,
2.9734299433e+00,
3.0179960017e+00,
3.0718778315e+00,
3.1359476306e+00,
3.2109681162e+00,
3.2975607239e+00,
3.3961773949e+00,
3.5070776051e+00,
3.6303119845e+00,
3.7657133802e+00,
3.9128955908e+00,
4.0712593529e+00,
4.2400046238e+00,
4.4181479199e+00,
4.6045435162e+00,
4.7979076552e+00,
4.9968454192e+00,
5.1998803241e+00,
5.4054867480e+00,
5.6121248376e+00,
5.8182766316e+00,
6.0224811412e+00,
6.2233655399e+00,
6.4196698597e+00,
6.6102636738e+00,
6.7941547923e+00,
6.9704913629e+00,
7.1385594898e+00,
7.2977784564e+00,
7.4476950822e+00,
7.5879780330e+00,
7.7184123044e+00,
7.8388937423e+00,
7.9494233345e+00,
8.0501010270e+00,
8.1411189103e+00,
8.2227537144e+00,
8.2953586304e+00,
8.3593545218e+00,
8.4152206100e+00,
8.4634847260e+00,
8.5047132240e+00,
8.5395006562e+00,
8.5684593168e+00,
8.5922087844e+00,
8.6113656120e+00,
8.6265333402e+00,
8.6382930358e+00,
8.6471945745e+00,
8.6537488994e+00,
8.6584214846e+00,
8.6616272182e+00,
8.6637268893e+00,
8.6650254212e+00,
8.6657719372e+00,
8.6661616826e+00,
8.6663397597e+00,
8.6664065625e+00,
8.6664247345e+00,
8.6664274166e+00,
8.6664276712e+00,
8.6664328621e+00,
8.6664680310e+00,
8.6665973152e+00,
8.6669419346e+00,
8.6676961024e+00,
8.6691403346e+00,
8.6716515867e+00,
8.6757096863e+00,
8.6818995823e+00,
8.6909089948e+00,
8.7035211445e+00,
8.7206023580e+00,
8.7430845114e+00,
8.7719424787e+00,
8.8081669988e+00,
8.8527336575e+00,
8.9065689728e+00,
8.9705148579e+00,
9.0452929838e+00,
9.1314707377e+00,
9.2294305630e+00,
9.3393444435e+00,
9.4611551651e+00,
9.5945657438e+00,
9.7390380629e+00,
9.8938013079e+00,
1.0057870226e+01,
1.0230072589e+01,
1.0409084528e+01,
1.0593471717e+01,
1.0781733821e+01,
1.0972349295e+01,
1.1163817605e+01,
1.1354696331e+01,
1.1543631272e+01,
1.1729378570e+01,
1.1910818814e+01,
1.2086963886e+01,
1.2256957927e+01,
1.2420074053e+01,
1.2575708488e+01,
1.2723373489e+01,
1.2862690119e+01,
1.2993381453e+01,
1.3115266462e+01,
1.3228254527e+01,
1.3332340356e+01,
1.3427599036e+01,
1.3514180943e+01,
1.3592306334e+01,
1.3662259473e+01,
1.3724382282e+01,
1.3779067501e+01,
1.3826751422e+01,
1.3867906251e+01,
1.3903032189e+01,
1.3932649282e+01,
1.3957289157e+01,
1.3977486721e+01,
1.3993771946e+01,
1.4006661880e+01,
1.4016653050e+01,
1.4024214430e+01,
1.4029781168e+01,
1.4033749283e+01,
1.4036471497e+01,
1.4038254387e+01,
1.4039356972e+01,
1.4039990827e+01,
1.4040321750e+01,
1.4040472950e+01,
1.4040529670e+01,
1.4040545100e+01,
1.4040547377e+01,
1.4040547580e+01,
1.4040551569e+01,
1.4040578598e+01,
1.4040677961e+01,
1.4040942820e+01,
1.4041522439e+01,
1.4042632404e+01,
1.4044562406e+01,
1.4047681171e+01,
1.4052438150e+01,
1.4059361665e+01,
1.4069053231e+01,
1.4082177914e+01,
1.4099450668e+01,
1.4121618794e+01,
1.4149440827e+01,
1.4183662405e+01,
1.4224989866e+01,
1.4274062594e+01,
1.4331425255e+01,
1.4397501275e+01,
1.4472568913e+01,
1.4556741355e+01,
1.4649952154e+01,
1.4751947302e+01,
1.4862285050e+01,
1.4980344359e+01,
1.5105342442e+01,
1.5236361064e+01,
1.5372380181e+01,
1.5512316092e+01,
1.5655060149e+01,
1.5799513592e+01,
1.5944614866e+01,
1.6089357603e+01,
1.6232799849e+01,
1.6374066978e+01,
1.6512351562e+01,
1.6646913026e+01,
1.6777078808e+01,
1.6902247399e+01,
1.7021892690e+01,
1.7135568592e+01,
1.7242912842e+01,
1.7343649205e+01,
1.7437587649e+01,
1.7524622416e+01,
1.7604728212e+01,
1.7677954867e+01,
1.7744420907e+01,
1.7804306453e+01,
1.7857845788e+01,
1.7905319871e+01,
1.7947048967e+01,
1.7983385492e+01,
1.8014707105e+01,
1.8041410048e+01,
1.8063902701e+01,
1.8082599331e+01,
1.8097914015e+01,
1.8110254752e+01,
1.8120017806e+01,
1.8127582355e+01,
1.8133305536e+01,
1.8137518029e+01,
1.8140520308e+01,
1.8142579699e+01,
1.8143928372e+01,
1.8144762385e+01,
1.8145241828e+01,
1.8145492132e+01,
1.8145606496e+01,
1.8145649398e+01,
1.8145661068e+01,
1.8145662790e+01,
1.8145662943e+01,
1.8145665929e+01,
1.8145686161e+01,
1.8145760536e+01,
1.8145958788e+01,
1.8146392636e+01,
1.8147223429e+01,
1.8148667936e+01,
1.8151001977e+01,
1.8154561572e+01,
1.8159741360e+01,
1.8166990044e+01,
1.8176802724e+01,
1.8189710052e+01,
1.8206264287e+01,
1.8227022467e+01,
1.8252527124e+01,
1.8283285152e+01,
1.8319745657e+01,
1.8362277797e+01,
1.8411149783e+01,
1.8466510307e+01,
1.8528373668e+01,
1.8596609801e+01,
1.8670940190e+01,
1.8750940359e+01,
1.8836049213e+01,
1.8925584973e+01,
1.9018766955e+01,
1.9114741902e+01,
1.9212613166e+01,
1.9311470796e+01,
1.9410420538e+01,
1.9508609927e+01,
1.9605250052e+01,
1.9699632073e+01,
1.9791138139e+01,
1.9879246900e+01,
1.9963534223e+01,
2.0043670008e+01,
2.0119412133e+01,
2.0190598525e+01,
2.0257138256e+01,
2.0319002386e+01,
2.0376215079e+01,
2.0428845329e+01,
2.0476999499e+01,
2.0520814738e+01,
2.0560453278e+01,
2.0596097540e+01,
2.0627945976e+01,
2.0656209526e+01,
2.0681108604e+01,
2.0702870479e+01,
2.0721726975e+01,
2.0737912379e+01,
2.0751661476e+01,
2.0763207653e+01,
2.0772781003e+01,
2.0780606413e+01,
2.0786901619e+01,
2.0791875241e+01,
2.0795724838e+01,
2.0798635028e+01,
2.0800775764e+01,
2.0802300822e+01,
2.0803346606e+01,
2.0804031339e+01,
2.0804454718e+01,
2.0804698085e+01,
2.0804825134e+01,
2.0804883181e+01,
2.0804904956e+01,
2.0804910880e+01,
2.0804911754e+01,
2.0804911832e+01,
2.0804913385e+01,
2.0804923904e+01,
2.0804962574e+01,
2.0805065649e+01,
2.0805291207e+01,
2.0805723101e+01,
2.0806473928e+01,
2.0807686820e+01,
2.0809535871e+01,
2.0812225020e+01,
2.0815985243e+01,
2.0821069935e+01,
2.0827748435e+01,
2.0836297752e+01,
2.0846992652e+01,
2.0860094416e+01,
2.0875838757e+01,
2.0894423477e+01,
2.0915996636e+01,
2.0940645997e+01,
2.0968390571e+01,
2.0999174959e+01,
2.1032867052e+01,
2.1069259398e+01,
2.1108074301e+01,
2.1148972417e+01,
2.1191564372e+01,
2.1235424724e+01,
2.1280107405e+01,
2.1325161730e+01,
2.1370147983e+01,
2.1414651616e+01,
2.1458295225e+01,
2.1500747597e+01,
2.1541729432e+01,
2.1581015654e+01,
2.1618434568e+01,
2.1653864439e+01,
2.1687228218e+01,
2.1718487259e+01,
2.1747634725e+01,
2.1774689307e+01,
2.1799689608e+01,
2.1822689404e+01,
2.1843753820e+01,
2.1862956361e+01,
2.1880376670e+01,
2.1896098882e+01,
2.1910210421e+01,
2.1922801127e+01,
2.1933962606e+01,
2.1943787715e+01,
2.1952370125e+01,
2.1959803905e+01,
2.1966183100e+01,
2.1971601264e+01,
2.1976150949e+01,
2.1979923125e+01,
2.1983006542e+01,
2.1985487043e+01,
2.1987446835e+01,
2.1988963749e+01,
2.1990110516e+01,
2.1990954092e+01,
2.1991555062e+01,
2.1991967172e+01,
2.1992237004e+01,
2.1992403846e+01,
2.1992499750e+01,
2.1992549817e+01,
2.1992572692e+01,
2.1992581273e+01,
2.1992583607e+01,
2.1992583952e+01,
2.1992583984e+01,
2.1992584621e+01,
2.1992588941e+01,
2.1992604819e+01,
2.1992647143e+01,
2.1992739759e+01,
2.1992917097e+01,
2.1993225388e+01,
2.1993723391e+01,
2.1994482570e+01,
2.1995586620e+01,
2.1997130302e+01,
2.1999217532e+01,
2.2001958712e+01,
2.2005467328e+01,
2.2009855905e+01,
2.2015231457e+01,
2.2021690658e+01,
2.2029314993e+01,
2.2038166222e+01,
2.2048282482e+01,
2.2059675331e+01,
2.2072327999e+01,
2.2086194994e+01,
2.2101203110e+01,
2.2117253747e+01,
2.2134226376e+01,
2.2151982853e+01,
2.2170372283e+01,
2.2189236088e+01,
2.2208412984e+01,
2.2227743579e+01,
2.2247074398e+01,
2.2266261181e+01,
2.2285171390e+01,
2.2303685903e+01,
2.2321699963e+01,
2.2339123455e+01,
2.2355880662e+01,
2.2371909619e+01,
2.2387161219e+01,
2.2401598175e+01,
2.2415193948e+01,
2.2427931706e+01,
2.2439803357e+01,
2.2450808670e+01,
2.2460954504e+01,
2.2470254114e+01,
2.2478726534e+01,
2.2486396015e+01,
2.2493291496e+01,
2.2499446103e+01,
2.2504896645e+01,
2.2509683117e+01,
2.2513848183e+01,
2.2517436644e+01,
2.2520494890e+01,
2.2523070322e+01,
2.2525210759e+01,
2.2526963836e+01,
2.2528376388e+01,
2.2529493843e+01,
2.2530359640e+01,
2.2531014674e+01,
2.2531496801e+01,
2.2531840415e+01,
2.2532076113e+01,
2.2532230469e+01,
2.2532325922e+01,
2.2532380795e+01,
2.2532409442e+01,
2.2532422531e+01,
2.2532427441e+01,
2.2532428777e+01,
2.2532428974e+01,
2.2532428993e+01,
2.2532429377e+01,
2.2532431977e+01,
2.2532441536e+01,
2.2532467015e+01,
2.2532522774e+01,
2.2532629546e+01,
2.2532815184e+01,
2.2533115120e+01,
2.2533572501e+01,
2.2534237969e+01,
2.2535169049e+01,
2.2536429128e+01,
2.2538086024e+01,
2.2540210143e+01,
2.2542872292e+01,
2.2546141186e+01,
2.2550080769e+01,
2.2554747471e+01,
2.2560187531e+01,
2.2566434574e+01,
2.2573507565e+01,
2.2581409281e+01,
2.2590125413e+01,
2.2599624323e+01,
2.2609857485e+01,
2.2620760566e+01,
2.2632255058e+01,
2.2644250391e+01,
2.2656646396e+01,
2.2669336023e+01,
2.2682208209e+01,
2.2695150777e+01,
2.2708053288e+01,
2.2720809723e+01,
2.2733320900e+01,
2.2745496545e+01,
2.2757256919e+01,
2.2768533972e+01,
2.2779271982e+01,
2.2789427706e+01,
2.2798970078e+01,
2.2807879530e+01,
2.2816147015e+01,
2.2823772836e+01,
2.2830765359e+01,
2.2837139708e+01,
2.2842916491e+01,
2.2848120621e+01,
2.2852780267e+01,
2.2856925930e+01,
2.2860589683e+01,
2.2863804536e+01,
2.2866603930e+01,
2.2869021335e+01,
2.2871089935e+01,
2.2872842369e+01,
2.2874310523e+01,
2.2875525340e+01,
2.2876516645e+01,
2.2877312976e+01,
2.2877941408e+01,
2.2878427372e+01,
2.2878794491e+01,
2.2879064400e+01,
2.2879256609e+01,
2.2879388378e+01,
2.2879474638e+01,
2.2879527968e+01,
2.2879558620e+01,
2.2879574622e+01,
2.2879581933e+01,
2.2879584675e+01,
2.2879585421e+01,
2.2879585531e+01,
2.2879585542e+01,
2.2879585769e+01,
2.2879587306e+01,
2.2879592957e+01,
2.2879608019e+01,
2.2879640977e+01,
2.2879704076e+01,
2.2879813748e+01,
2.2879990848e+01,
2.2880260683e+01,
2.2880652785e+01,
2.2881200399e+01,
2.2881939670e+01,
2.2882908505e+01,
2.2884145120e+01,
2.2885686303e+01,
2.2887565451e+01,
2.2889810472e+01,
2.2892441680e+01,
2.2895469841e+01,
2.2898894525e+01,
2.2902702949e+01,
2.2906869462e+01,
2.2911355778e+01,
2.2916112010e+01,
2.2921078497e+01,
2.2926188298e+01,
2.2931370195e+01,
2.2936551962e+01,
2.2941663628e+01,
2.2946640470e+01,
2.2951425514e+01,
2.2955971371e+01,
2.2960241310e+01,
2.2964209598e+01,
2.2967861133e+01,
2.2971190543e+01,
2.2974200876e+01,
2.2976902069e+01,
2.2979309337e+01,
2.2981441625e+01,
2.2983320195e+01,
2.2984967425e+01,
2.2986405838e+01,
2.2987657355e+01,
2.2988742773e+01,
2.2989681421e+01,
2.2990490971e+01,
2.2991187365e+01,
2.2991784841e+01,
2.2992296006e+01,
2.2992731958e+01,
2.2993102427e+01,
2.2993415924e+01,
2.2993679890e+01,
2.2993900837e+01,
2.2994084481e+01,
2.2994235852e+01,
2.2994359401e+01,
2.2994459081e+01,
2.2994538417e+01,
2.2994600562e+01,
2.2994648340e+01,
2.2994684272e+01,
2.2994710601e+01,
2.2994729304e+01,
2.2994742105e+01,
2.2994750475e+01,
2.2994755646e+01,
2.2994758616e+01,
2.2994760167e+01,
2.2994760875e+01,
2.2994761141e+01,
2.2994761213e+01,
2.2994761224e+01,
2.2994761225e+01,
2.2994761248e+01,
2.2994761407e+01,
2.2994761988e+01,
2.2994763538e+01,
2.2994766930e+01,
2.2994773419e+01,
2.2994784686e+01,
2.2994802850e+01,
2.2994830452e+01,
2.2994870404e+01,
2.2994925893e+01,
2.2995000231e+01,
2.2995096662e+01,
2.2995218123e+01,
2.2995366963e+01,
2.2995544661e+01,
2.2995751558e+01,
2.2995986640e+01,
2.2996247416e+01,
2.2996529917e+01,
2.2996828840e+01,
2.2997137832e+01,
2.2997449899e+01,
2.2997757892e+01,
2.2998055015e+01,
2.2998335292e+01,
2.2998593934e+01,
2.2998827568e+01,
2.2999034313e+01,
2.2999213707e+01,
2.2999366508e+01,
2.2999494420e+01,
2.2999599799e+01,
2.2999685353e+01,
2.2999753908e+01,
2.2999808215e+01,
2.2999850825e+01,
2.2999883998e+01,
2.2999909670e+01,
2.2999929443e+01,
2.2999944618e+01,
2.2999956240e+01,
2.2999965143e+01,
2.2999971989e+01,
2.2999977282e+01,
2.2999981403e+01,
2.2999984625e+01,
2.2999987156e+01,
2.2999989156e+01,
2.2999990762e+01,
2.2999992081e+01,
2.2999993195e+01,
2.2999994157e+01,
2.2999994996e+01,
2.2999995729e+01,
2.2999996367e+01,
2.2999996923e+01,
2.2999997407e+01,
2.2999997831e+01,
2.2999998206e+01,
2.2999998537e+01,
2.2999998828e+01,
2.2999999082e+01,
2.2999999299e+01,
2.2999999481e+01,
2.3000000000e+01,
2.3000000000e+01,
2.3000000000e+01,
2.3000000000e+01,
2.3000000000e+01,
2.3000000000e+01,
2.3000000000e+01,
2.3000000000e+01,
2.3000000000e+01,
