0.0000000000e+00,
3.3059009752e-07,
1.0553092196e-05,
7.9812238098e-05,
3.3441903460e-04,
1.0131291619e-03,
2.4985806730e-03,
5.3438228642e-03,
1.0293049490e-02,
1.8295864111e-02,
3.0514634052e-02,
4.8324702887e-02,
7.3307391046e-02,
1.0723577766e-01,
1.5205318931e-01,
2.0984411429e-01,
2.8279695415e-01,
3.7315772478e-01,
4.8317370492e-01,
6.1502632323e-01,
7.7075347930e-01,
9.5216310248e-01,
1.1607419455e+00,
1.3975660017e+00,
1.6632208977e+00,
1.9577414267e+00,
2.2805784646e+00,
2.6305986721e+00,
3.0061179945e+00,
3.4049649552e+00,
3.8245653108e+00,
4.2620369654e+00,
4.7142838085e+00,
5.1780793650e+00,
5.6501351094e+00,
6.1271528545e+00,
6.6058645176e+00,
7.0830648154e+00,
7.5556425975e+00,
8.0206147851e+00,
8.4751639851e+00,
8.9166778972e+00,
9.3427866858e+00,
9.7513941786e+00,
1.0140699974e+01,
1.0509211560e+01,
1.0855747419e+01,
1.1179433158e+01,
1.1479692854e+01,
1.1756237264e+01,
1.2009049889e+01,
1.2238371234e+01,
1.2444681270e+01,
1.2628679977e+01,
1.2791265849e+01,
1.2933512385e+01,
1.3056642679e+01,
1.3162002368e+01,
1.3251031295e+01,
1.3325234322e+01,
1.3386151826e+01,
1.3435330440e+01,
1.3474294684e+01,
1.3504520118e+01,
1.3527408714e+01,
1.3544267068e+01,
1.3556288089e+01,
1.3564536677e+01,
1.3569939856e+01,
1.3573281654e+01,
1.3575202905e+01,
1.3576205986e+01,
1.3576664306e+01,
1.3576836238e+01,
1.3576883007e+01,
1.3576889910e+01,
1.3576890855e+01,
1.3576913172e+01,
1.3577064367e+01,
1.3577620175e+01,
1.3579101730e+01,
1.3582343948e+01,
1.3588552691e+01,
1.3599348207e+01,
1.3616792503e+01,
1.3643398488e+01,
1.3682119033e+01,
1.3736314444e+01,
1.3809697479e+01,
1.3906255786e+01,
1.4030152694e+01,
1.4185608522e+01,
1.4376765907e+01,
1.4607544025e+01,
1.4881487693e+01,
1.5201618131e+01,
1.5570292505e+01,
1.5989079354e+01,
1.6458656811e+01,
1.6978740335e+01,
1.7548046371e+01,
1.8164297422e+01,
1.8824271690e+01,
1.9523896241e+01,
2.0258376885e+01,
2.1022352268e+01,
2.1810056147e+01,
2.2615472448e+01,
2.3432472878e+01,
2.4254934794e+01,
2.5076844553e+01,
2.5892394789e+01,
2.6696081256e+01,
2.7482797454e+01,
2.8247917850e+01,
2.8987358214e+01,
2.9697606134e+01,
3.0375723193e+01,
3.1019327000e+01,
3.1626563243e+01,
3.2196075312e+01,
3.2726974987e+01,
3.3218814398e+01,
3.3671558045e+01,
3.4085553636e+01,
3.4461501149e+01,
3.4800420146e+01,
3.5103615783e+01,
3.5372644043e+01,
3.5609276649e+01,
3.5815465913e+01,
3.5993309647e+01,
3.6145016150e+01,
3.6272869247e+01,
3.6379193438e+01,
3.6466319283e+01,
3.6536549327e+01,
3.6592124996e+01,
3.6635195073e+01,
3.6667786469e+01,
3.6691778104e+01,
3.6708878734e+01,
3.6720609551e+01,
3.6728292284e+01,
3.6733043379e+01,
3.6735774659e+01,
3.6737200596e+01,
3.6737852110e+01,
3.6738096514e+01,
3.6738162997e+01,
3.6738172810e+01,
3.6738173742e+01,
3.6738192733e+01,
3.6738321401e+01,
3.6738794396e+01,
3.6740055202e+01,
3.6742814310e+01,
3.6748097822e+01,
3.6757284296e+01,
3.6772127790e+01,
3.6794765188e+01,
3.6827706078e+01,
3.6873803817e+01,
3.6936206823e+01,
3.7018289841e+01,
3.7123565783e+01,
3.7255579854e+01,
3.7417788946e+01,
3.7613430687e+01,
3.7845387892e+01,
3.8116055428e+01,
3.8427217353e+01,
3.8779942583e+01,
3.9174506963e+01,
3.9610348410e+01,
4.0086059547e+01,
4.0599419122e+01,
4.1147459598e+01,
4.1726564321e+01,
4.2332584315e+01,
4.2960963060e+01,
4.3606858466e+01,
4.4265254673e+01,
4.4931061726e+01,
4.5599206677e+01,
4.6264722793e+01,
4.6922842407e+01,
4.7569093182e+01,
4.8199389869e+01,
4.8810108466e+01,
4.9398130969e+01,
4.9960856557e+01,
5.0496184627e+01,
5.1002481273e+01,
5.1478540962e+01,
5.1923551054e+01,
5.2337061630e+01,
5.2718959517e+01,
5.3069444041e+01,
5.3389002345e+01,
5.3678383128e+01,
5.3938568661e+01,
5.4170745579e+01,
5.4376275201e+01,
5.4556664102e+01,
5.4713535430e+01,
5.4848601255e+01,
5.4963635977e+01,
5.5060450742e+01,
5.5140868692e+01,
5.5206700979e+01,
5.5259723503e+01,
5.5301654491e+01,
5.5334133192e+01,
5.5358700082e+01,
5.5376779098e+01,
5.5389662500e+01,
5.5398498970e+01,
5.5404285530e+01,
5.5407863766e+01,
5.5409920717e+01,
5.5410994578e+01,
5.5411485222e+01,
5.5411669277e+01,
5.5411719344e+01,
5.5411726734e+01,
5.5411727392e+01,
5.5411740338e+01,
5.5411828047e+01,
5.5412150473e+01,
5.5413009919e+01,
5.5414890684e+01,
5.5418492140e+01,
5.5424753747e+01,
5.5434870528e+01,
5.5450297632e+01,
5.5472742716e+01,
5.5504145068e+01,
5.5546640703e+01,
5.5602513106e+01,
5.5674129888e+01,
5.5763866380e+01,
5.5874018079e+01,
5.6006704850e+01,
5.6163770765e+01,
5.6346684418e+01,
5.6556445283e+01,
5.6793502212e+01,
5.7057690255e+01,
5.7348191667e+01,
5.7663526065e+01,
5.8001573122e+01,
5.8359629031e+01,
5.8734495141e+01,
5.9122594062e+01,
5.9520105464e+01,
5.9923111374e+01,
6.0327739507e+01,
6.0730293480e+01,
6.1127360654e+01,
6.1515891578e+01,
6.1893248842e+01,
6.2257226869e+01,
6.2606047145e+01,
6.2938335021e+01,
6.3253084709e+01,
6.3549618367e+01,
6.3827543897e+01,
6.4086714508e+01,
6.4327191743e+01,
6.4549212580e+01,
6.4753160613e+01,
6.4939540976e+01,
6.5108958625e+01,
6.5262099583e+01,
6.5399714832e+01,
6.5522606543e+01,
6.5631616328e+01,
6.5727615202e+01,
6.5811494905e+01,
6.5884160210e+01,
6.5946521895e+01,
6.5999490046e+01,
6.6043967437e+01,
6.6080842805e+01,
6.6110983900e+01,
6.6135230305e+01,
6.6154386094e+01,
6.6169212482e+01,
6.6180420703e+01,
6.6188665408e+01,
6.6194538897e+01,
6.6198566533e+01,
6.6201203644e+01,
6.6202834203e+01,
6.6203771478e+01,
6.6204260780e+01,
6.6204484338e+01,
6.6204568201e+01,
6.6204591013e+01,
6.6204594380e+01,
6.6204594678e+01,
6.6204600515e+01,
6.6204640064e+01,
6.6204785448e+01,
6.6205172975e+01,
6.6206020994e+01,
6.6207644773e+01,
6.6210467664e+01,
6.6215027858e+01,
6.6221980033e+01,
6.6232091237e+01,
6.6246230438e+01,
6.6265351345e+01,
6.6290468344e+01,
6.6322625741e+01,
6.6362861011e+01,
6.6412163238e+01,
6.6471428570e+01,
6.6541415040e+01,
6.6622699548e+01,
6.6715640067e+01,
6.6820346045e+01,
6.6936659634e+01,
6.7064149601e+01,
6.7202118783e+01,
6.7349624692e+01,
6.7505511683e+01,
6.7668452005e+01,
6.7836992424e+01,
6.8009602882e+01,
6.8184724005e+01,
6.8360810981e+01,
6.8536372186e+01,
6.8710001746e+01,
6.8880405800e+01,
6.9046422550e+01,
6.9207036281e+01,
6.9361385625e+01,
6.9508766360e+01,
6.9648629213e+01,
6.9780573296e+01,
6.9904335996e+01,
7.0019780253e+01,
7.0126880236e+01,
7.0225706321e+01,
7.0316410212e+01,
7.0399210819e+01,
7.0474381348e+01,
7.0542237857e+01,
7.0603129380e+01,
7.0657429580e+01,
7.0705529820e+01,
7.0747833463e+01,
7.0784751177e+01,
7.0816697034e+01,
7.0844085161e+01,
7.0867326766e+01,
7.0886827343e+01,
7.0902983956e+01,
7.0916182476e+01,
7.0926794760e+01,
7.0935175760e+01,
7.0941660610e+01,
7.0946561782e+01,
7.0950166423e+01,
7.0952734024e+01,
7.0954494549e+01,
7.0955647190e+01,
7.0956359855e+01,
7.0956769498e+01,
7.0956983349e+01,
7.0957081054e+01,
7.0957117706e+01,
7.0957127677e+01,
7.0957129148e+01,
7.0957129280e+01,
7.0957131894e+01,
7.0957149600e+01,
7.0957214688e+01,
7.0957388183e+01,
7.0957767833e+01,
7.0958494762e+01,
7.0959758440e+01,
7.0961799651e+01,
7.0964911123e+01,
7.0969435510e+01,
7.0975760441e+01,
7.0984310427e+01,
7.0995535552e+01,
7.1009897004e+01,
7.1027849787e+01,
7.1049823155e+01,
7.1076199638e+01,
7.1107293808e+01,
7.1143332116e+01,
7.1184435307e+01,
7.1230604862e+01,
7.1281714775e+01,
7.1337509603e+01,
7.1397609243e+01,
7.1461520346e+01,
7.1528653632e+01,
7.1598345891e+01,
7.1669885056e+01,
7.1742536523e+01,
7.1815568946e+01,
7.1888277900e+01,
7.1960006172e+01,
7.2030159845e+01,
7.2098219771e+01,
7.2163748411e+01,
7.2226392354e+01,
7.2285881047e+01,
7.2342022439e+01,
7.2394696300e+01,
7.2443846009e+01,
7.2489469534e+01,
7.2531610248e+01,
7.2570348090e+01,
7.2605791445e+01,
7.2638069988e+01,
7.2667328597e+01,
7.2693722354e+01,
7.2717412575e+01,
7.2738563755e+01,
7.2757341291e+01,
7.2773909842e+01,
7.2788432181e+01,
7.2801068392e+01,
7.2811975321e+01,
7.2821306145e+01,
7.2829210015e+01,
7.2835831670e+01,
7.2841311015e+01,
7.2845782608e+01,
7.2849375055e+01,
7.2852210333e+01,
7.2854403038e+01,
7.2856059620e+01,
7.2857277627e+01,
7.2858145039e+01,
7.2858739710e+01,
7.2859129012e+01,
7.2859369697e+01,
7.2859508039e+01,
7.2859580258e+01,
7.2859613254e+01,
7.2859625631e+01,
7.2859628998e+01,
7.2859629495e+01,
7.2859629541e+01,
7.2859630460e+01,
7.2859636691e+01,
7.2859659593e+01,
7.2859720641e+01,
7.2859854224e+01,
7.2860109988e+01,
7.2860554561e+01,
7.2861272571e+01,
7.2862366797e+01,
7.2863957361e+01,
7.2866179824e+01,
7.2869182121e+01,
7.2873120295e+01,
7.2878153067e+01,
7.2884435390e+01,
7.2892111226e+01,
7.2901305925e+01,
7.2912118677e+01,
7.2924615613e+01,
7.2938824137e+01,
7.2954729041e+01,
7.2972270845e+01,
7.2991346621e+01,
7.3011813310e+01,
7.3033493308e+01,
7.3056181864e+01,
7.3079655647e+01,
7.3103681776e+01,
7.3128026593e+01,
7.3152463587e+01,
7.3176779986e+01,
7.3200781781e+01,
7.3224297082e+01,
7.3247177897e+01,
7.3269300524e+01,
7.3290564842e+01,
7.3310892779e+01,
7.3330226256e+01,
7.3348524876e+01,
7.3365763540e+01,
7.3381930176e+01,
7.3397023669e+01,
7.3411052040e+01,
7.3424030922e+01,
7.3435982295e+01,
7.3446933467e+01,
7.3456916263e+01,
7.3465966376e+01,
7.3474122842e+01,
7.3481427605e+01,
7.3487925133e+01,
7.3493662061e+01,
7.3498686847e+01,
7.3503049413e+01,
7.3506800767e+01,
7.3509992591e+01,
7.3512676809e+01,
7.3514905105e+01,
7.3516728428e+01,
7.3518196465e+01,
7.3519357113e+01,
7.3520255952e+01,
7.3520935738e+01,
7.3521435949e+01,
7.3521792382e+01,
7.3522036840e+01,
7.3522196918e+01,
7.3522295904e+01,
7.3522352805e+01,
7.3522382511e+01,
7.3522396083e+01,
7.3522401175e+01,
7.3522402560e+01,
7.3522402764e+01,
7.3522402784e+01,
7.3522403182e+01,
7.3522405878e+01,
7.3522415790e+01,
7.3522442210e+01,
7.3522500026e+01,
7.3522610734e+01,
7.3522803202e+01,
7.3523114137e+01,
7.3523588208e+01,
7.3524277776e+01,
7.3525242215e+01,
7.3526546774e+01,
7.3528260994e+01,
7.3530456685e+01,
7.3533205517e+01,
7.3536576308e+01,
7.3540632134e+01,
7.3545427405e+01,
7.3551005099e+01,
7.3557394331e+01,
7.3564608434e+01,
7.3572643689e+01,
7.3581478803e+01,
7.3591075142e+01,
7.3601377707e+01,
7.3612316733e+01,
7.3623809796e+01,
7.3635764273e+01,
7.3648079999e+01,
7.3660652007e+01,
7.3673373224e+01,
7.3686137061e+01,
7.3698839825e+01,
7.3711382891e+01,
7.3723674614e+01,
7.3735631913e+01,
7.3747181502e+01,
7.3758260743e+01,
7.3768818109e+01,
7.3778813269e+01,
7.3788216812e+01,
7.3797009688e+01,
7.3805182391e+01,
7.3812733985e+01,
7.3819671026e+01,
7.3826006449e+01,
7.3831758475e+01,
7.3836949583e+01,
7.3841605577e+01,
7.3845754759e+01,
7.3849427223e+01,
7.3852654259e+01,
7.3855467866e+01,
7.3857900343e+01,
7.3859983964e+01,
7.3861750698e+01,
7.3863231970e+01,
7.3864458439e+01,
7.3865459798e+01,
7.3866264564e+01,
7.3866899880e+01,
7.3867391308e+01,
7.3867762634e+01,
7.3868035682e+01,
7.3868230149e+01,
7.3868363477e+01,
7.3868450763e+01,
7.3868504728e+01,
7.3868535747e+01,
7.3868551940e+01,
7.3868559338e+01,
7.3868562114e+01,
7.3868562869e+01,
7.3868562980e+01,
7.3868562991e+01,
7.3868563221e+01,
7.3868564776e+01,
7.3868570495e+01,
7.3868585737e+01,
7.3868619090e+01,
7.3868682948e+01,
7.3868793942e+01,
7.3868973192e+01,
7.3869246334e+01,
7.3869643310e+01,
7.3870197868e+01,
7.3870946770e+01,
7.3871928674e+01,
7.3873182718e+01,
7.3874746818e+01,
7.3876655736e+01,
7.3878939025e+01,
7.3881618941e+01,
7.3884708491e+01,
7.3888209763e+01,
7.3892112709e+01,
7.3896394519e+01,
7.3901019707e+01,
7.3905940954e+01,
7.3911100723e+01,
7.3916433525e+01,
7.3921868728e+01,
7.3927333658e+01,
7.3932756781e+01,
7.3938070693e+01,
7.3943214711e+01,
7.3948136875e+01,
7.3952795279e+01,
7.3957158671e+01,
7.3961206396e+01,
7.3964927753e+01,
7.3968320926e+01,
7.3971391619e+01,
7.3974151562e+01,
7.3976616999e+01,
7.3978807282e+01,
7.3980743606e+01,
7.3982447963e+01,
7.3983942297e+01,
7.3985247872e+01,
7.3986384829e+01,
7.3987371900e+01,
7.3988226259e+01,
7.3988963471e+01,
7.3989597518e+01,
7.3990140875e+01,
7.3990604624e+01,
7.3990998582e+01,
7.3991331436e+01,
7.3991610883e+01,
7.3991843752e+01,
7.3992036125e+01,
7.3992193432e+01,
7.3992320545e+01,
7.3992421844e+01,
7.3992501275e+01,
7.3992562390e+01,
7.3992608381e+01,
7.3992642096e+01,
7.3992666055e+01,
7.3992682456e+01,
7.3992693182e+01,
7.3992699809e+01,
7.3992703616e+01,
7.3992705603e+01,
7.3992706511e+01,
7.3992706852e+01,
7.3992706944e+01,
7.3992706958e+01,
7.3992706960e+01,
7.3992706989e+01,
7.3992707192e+01,
7.3992707938e+01,
7.3992709925e+01,
7.3992714272e+01,
7.3992722590e+01,
7.3992737035e+01,
7.3992760328e+01,
7.3992795736e+01,
7.3992847014e+01,
7.3992918284e+01,
7.3993013862e+01,
7.3993138014e+01,
7.3993294665e+01,
7.3993487057e+01,
7.3993717393e+01,
7.3993986494e+01,
7.3994293510e+01,
7.3994635747e+01,
7.3995008619e+01,
7.3995405784e+01,
7.3995819447e+01,
7.3996240831e+01,
7.3996660743e+01,
7.3997070204e+01,
7.3997461042e+01,
7.3997826394e+01,
7.3998161054e+01,
7.3998461653e+01,
7.3998726649e+01,
7.3998956162e+01,
7.3999151685e+01,
7.3999315732e+01,
7.3999451471e+01,
7.3999562387e+01,
7.3999652021e+01,
7.3999723775e+01,
7.3999780773e+01,
7.3999825787e+01,
7.3999861189e+01,
7.3999888958e+01,
7.3999910714e+01,
7.3999927784e+01,
7.3999941251e+01,
7.3999951980e+01,
7.3999960614e+01,
7.3999967583e+01,
7.3999973148e+01,
7.3999977511e+01,
7.3999980904e+01,
7.3999983601e+01,
7.3999985841e+01,
7.3999987768e+01,
7.3999989455e+01,
7.3999990942e+01,
7.3999992261e+01,
7.3999993438e+01,
7.3999994490e+01,
7.3999995426e+01,
7.3999996250e+01,
7.3999996969e+01,
7.3999997591e+01,
7.3999998124e+01,
7.3999998574e+01,
7.3999998947e+01,
7.3999999249e+01,
7.3999999488e+01,
7.4000000000e+01,
7.4000000000e+01,
7.4000000000e+01,
7.4000000000e+01,
7.4000000000e+01,
7.4000000000e+01,
7.4000000000e+01,
