0.0000000000e+00,
2.0941909895e-07,
6.6850734015e-06,
5.0558694603e-05,
2.1184442210e-04,
6.4178566650e-04,
1.5827660407e-03,
3.3851029170e-03,
6.5201534024e-03,
1.1589295123e-02,
1.9328488646e-02,
3.0608270566e-02,
4.6429148125e-02,
6.7912447309e-02,
9.6286688701e-02,
1.3286951972e-01,
1.7904512655e-01,
2.3623691789e-01,
3.0587517798e-01,
3.8935941438e-01,
4.8801536877e-01,
6.0304718415e-01,
7.3548603772e-01,
8.8613757192e-01,
1.0555315031e+00,
1.2438775965e+00,
1.4510324904e+00,
1.6764814158e+00,
1.9193376392e+00,
2.1783605805e+00,
2.4519913651e+00,
2.7384024928e+00,
3.0355567805e+00,
3.3412700781e+00,
3.6532725404e+00,
3.9692643480e+00,
4.2869633661e+00,
4.6041439253e+00,
4.9186673475e+00,
5.2285057545e+00,
5.5317610408e+00,
5.8266806980e+00,
6.1116716580e+00,
6.3853126670e+00,
6.6463651257e+00,
6.8937819533e+00,
7.1267139019e+00,
7.3445128318e+00,
7.5467316674e+00,
7.7331210081e+00,
7.9036225774e+00,
8.0583598346e+00,
8.1976261259e+00,
8.3218707522e+00,
8.4316832898e+00,
8.5277764624e+00,
8.6109678267e+00,
8.6821605257e+00,
8.7423233707e+00,
8.7924705359e+00,
8.8336411875e+00,
8.8668794038e+00,
8.8932147800e+00,
8.9136441358e+00,
8.9291147584e+00,
8.9405096071e+00,
8.9486348823e+00,
8.9542103161e+00,
8.9578624773e+00,
8.9601212975e+00,
8.9614199304e+00,
8.9620979441e+00,
8.9624077366e+00,
8.9625239508e+00,
8.9625555639e+00,
8.9625602300e+00,
8.9625608687e+00,
8.9625759529e+00,
8.9626781509e+00,
8.9630538392e+00,
8.9640552696e+00,
8.9662467914e+00,
8.9704434950e+00,
8.9777405882e+00,
8.9895319218e+00,
9.0075162178e+00,
9.0336897360e+00,
9.0703243786e+00,
9.1199306100e+00,
9.1852050902e+00,
9.2689636008e+00,
9.3740606951e+00,
9.5032984944e+00,
9.6593281252e+00,
9.8445483515e+00,
1.0061006823e+01,
1.0310309825e+01,
1.0593546176e+01,
1.0911229760e+01,
1.1263263068e+01,
1.1648921554e+01,
1.2066856492e+01,
1.2515113451e+01,
1.2991164887e+01,
1.3491957815e+01,
1.4013979235e+01,
1.4553341439e+01,
1.5105886176e+01,
1.5667302138e+01,
1.6233246479e+01,
1.6799459506e+01,
1.7361863017e+01,
1.7916636328e+01,
1.8460268493e+01,
1.8989589284e+01,
1.9501784010e+01,
1.9994397897e+01,
2.0465334861e+01,
2.0912853648e+01,
2.1335562416e+01,
2.1732411448e+01,
2.2102683081e+01,
2.2445978108e+01,
2.2762198434e+01,
2.3051526399e+01,
2.3314401591e+01,
2.3551496095e+01,
2.3763689015e+01,
2.3952040848e+01,
2.4117768017e+01,
2.4262217665e+01,
2.4386842658e+01,
2.4493176702e+01,
2.4582809519e+01,
2.4657362055e+01,
2.4718461846e+01,
2.4767718732e+01,
2.4806701266e+01,
2.4836914254e+01,
2.4859777937e+01,
2.4876609404e+01,
2.4888606828e+01,
2.4896837094e+01,
2.4902227330e+01,
2.4905560750e+01,
2.4907477057e+01,
2.4908477519e+01,
2.4908934633e+01,
2.4909106111e+01,
2.4909152757e+01,
2.4909159642e+01,
2.4909160296e+01,
2.4909173620e+01,
2.4909263897e+01,
2.4909595759e+01,
2.4910480366e+01,
2.4912416219e+01,
2.4916123273e+01,
2.4922568823e+01,
2.4932983731e+01,
2.4948867680e+01,
2.4971982269e+01,
2.5004331013e+01,
2.5048125607e+01,
2.5105738305e+01,
2.5179640846e+01,
2.5272331119e+01,
2.5386249645e+01,
2.5523688849e+01,
2.5686699026e+01,
2.5876995632e+01,
2.6095872994e+01,
2.6344129568e+01,
2.6622009379e+01,
2.6929163298e+01,
2.7264632403e+01,
2.7626854179e+01,
2.8013691014e+01,
2.8422479619e+01,
2.8850099683e+01,
2.9293059891e+01,
2.9747598968e+01,
3.0209798310e+01,
3.0675700995e+01,
3.1141430164e+01,
3.1603298552e+01,
3.2057901176e+01,
3.2502184839e+01,
3.2933491095e+01,
3.3349572847e+01,
3.3748587944e+01,
3.4129075446e+01,
3.4489921165e+01,
3.4830318824e+01,
3.5149731884e+01,
3.5447859390e+01,
3.5724607390e+01,
3.5980066014e+01,
3.6214491343e+01,
3.6428290708e+01,
3.6622010018e+01,
3.6796321918e+01,
3.6952013946e+01,
3.7089976178e+01,
3.7211188122e+01,
3.7316704836e+01,
3.7407642315e+01,
3.7485162254e+01,
3.7550456323e+01,
3.7604730091e+01,
3.7649186775e+01,
3.7685011026e+01,
3.7713353031e+01,
3.7735313255e+01,
3.7751928209e+01,
3.7764157676e+01,
3.7772873823e+01,
3.7778852651e+01,
3.7782768147e+01,
3.7785189478e+01,
3.7786581417e+01,
3.7787308110e+01,
3.7787640136e+01,
3.7787764690e+01,
3.7787798571e+01,
3.7787803572e+01,
3.7787804017e+01,
3.7787812778e+01,
3.7787872132e+01,
3.7788090324e+01,
3.7788671932e+01,
3.7789944706e+01,
3.7792381988e+01,
3.7796619720e+01,
3.7803467078e+01,
3.7813909878e+01,
3.7829105941e+01,
3.7850371800e+01,
3.7879160312e+01,
3.7917029050e+01,
3.7965599760e+01,
3.8026509625e+01,
3.8101355680e+01,
3.8191634277e+01,
3.8298678099e+01,
3.8423593713e+01,
3.8567203018e+01,
3.8729992186e+01,
3.8912071733e+01,
3.9113151280e+01,
3.9332532202e+01,
3.9569120613e+01,
3.9821461618e+01,
4.0087793305e+01,
4.0366115552e+01,
4.0654265412e+01,
4.0949989020e+01,
4.1251001276e+01,
4.1555029027e+01,
4.1859839377e+01,
4.2163259338e+01,
4.2463194200e+01,
4.2757649936e+01,
4.3044761080e+01,
4.3322822019e+01,
4.3590317603e+01,
4.3845948738e+01,
4.4088649686e+01,
4.4317595466e+01,
4.4532199389e+01,
4.4732102047e+01,
4.4917153829e+01,
4.5087393252e+01,
4.5243023271e+01,
4.5384387362e+01,
4.5511946653e+01,
4.5626258925e+01,
4.5727959861e+01,
4.5817746611e+01,
4.5896363474e+01,
4.5964589414e+01,
4.6023227003e+01,
4.6073092430e+01,
4.6115006228e+01,
4.6149784441e+01,
4.6178230052e+01,
4.6201124567e+01,
4.6219219773e+01,
4.6233229765e+01,
4.6243823396e+01,
4.6251617419e+01,
4.6257170569e+01,
4.6260978885e+01,
4.6263472548e+01,
4.6265014472e+01,
4.6265900819e+01,
4.6266363540e+01,
4.6266574955e+01,
4.6266654262e+01,
4.6266675836e+01,
4.6266679020e+01,
4.6266679302e+01,
4.6266684822e+01,
4.6266722223e+01,
4.6266859711e+01,
4.6267226192e+01,
4.6268028167e+01,
4.6269563815e+01,
4.6272233600e+01,
4.6276546753e+01,
4.6283122995e+01,
4.6292688922e+01,
4.6306068547e+01,
4.6324167633e+01,
4.6347951672e+01,
4.6378417663e+01,
4.6416560229e+01,
4.6463333075e+01,
4.6519607300e+01,
4.6586128580e+01,
4.6663475678e+01,
4.6752023039e+01,
4.6851910315e+01,
4.6963021470e+01,
4.7084975589e+01,
4.7217130704e+01,
4.7358600824e+01,
4.7508285172e+01,
4.7664907427e+01,
4.7827061823e+01,
4.7993262464e+01,
4.8161992148e+01,
4.8331747569e+01,
4.8501078610e+01,
4.8668620539e+01,
4.8833118938e+01,
4.8993447870e+01,
4.9148622171e+01,
4.9297804684e+01,
4.9440309045e+01,
4.9575598344e+01,
4.9703279857e+01,
4.9823096149e+01,
4.9934913077e+01,
5.0038705549e+01,
5.0134542078e+01,
5.0222569247e+01,
5.0302997031e+01,
5.0376085645e+01,
5.0442134293e+01,
5.0501471890e+01,
5.0554449598e+01,
5.0601434931e+01,
5.0642807070e+01,
5.0678953085e+01,
5.0710264750e+01,
5.0737135707e+01,
5.0759958782e+01,
5.0779123303e+01,
5.0795012344e+01,
5.0807999820e+01,
5.0818447459e+01,
5.0826701676e+01,
5.0833090424e+01,
5.0837920133e+01,
5.0841472866e+01,
5.0844003829e+01,
5.0845739397e+01,
5.0846875770e+01,
5.0847578406e+01,
5.0847982293e+01,
5.0848193142e+01,
5.0848289477e+01,
5.0848325615e+01,
5.0848335446e+01,
5.0848336897e+01,
5.0848337027e+01,
5.0848339604e+01,
5.0848357061e+01,
5.0848421237e+01,
5.0848592300e+01,
5.0848966633e+01,
5.0849683399e+01,
5.0850929463e+01,
5.0852942369e+01,
5.0856011045e+01,
5.0860473962e+01,
5.0866714478e+01,
5.0875153203e+01,
5.0886237304e+01,
5.0900426870e+01,
5.0918178615e+01,
5.0939927518e+01,
5.0966067174e+01,
5.0996929956e+01,
5.1032768203e+01,
5.1073737768e+01,
5.1119885186e+01,
5.1171139507e+01,
5.1227309471e+01,
5.1288086288e+01,
5.1353051755e+01,
5.1421691078e+01,
5.1493409415e+01,
5.1567551076e+01,
5.1643420229e+01,
5.1720302137e+01,
5.1797483985e+01,
5.1874274499e+01,
5.1950021642e+01,
5.2024127706e+01,
5.2096061280e+01,
5.2165365695e+01,
5.2231663786e+01,
5.2294659076e+01,
5.2354133708e+01,
5.2409943668e+01,
5.2462011995e+01,
5.2510320670e+01,
5.2554901891e+01,
5.2595829325e+01,
5.2633209802e+01,
5.2667175774e+01,
5.2697878745e+01,
5.2725483729e+01,
5.2750164733e+01,
5.2772101178e+01,
5.2791475142e+01,
5.2808469275e+01,
5.2823265247e+01,
5.2836042589e+01,
5.2846977781e+01,
5.2856243511e+01,
5.2864007981e+01,
5.2870434218e+01,
5.2875679331e+01,
5.2879893705e+01,
5.2883220121e+01,
5.2885792829e+01,
5.2887736597e+01,
5.2889165813e+01,
5.2890183665e+01,
5.2890881486e+01,
5.2891338320e+01,
5.2891620759e+01,
5.2891783102e+01,
5.2891867850e+01,
5.2891906569e+01,
5.2891921094e+01,
5.2891925045e+01,
5.2891925629e+01,
5.2891925682e+01,
5.2891926761e+01,
5.2891934073e+01,
5.2891960949e+01,
5.2892032587e+01,
5.2892189347e+01,
5.2892489486e+01,
5.2893011198e+01,
5.2893853802e+01,
5.2895137934e+01,
5.2897004603e+01,
5.2899612978e+01,
5.2903136805e+01,
5.2907759423e+01,
5.2913667415e+01,
5.2921043042e+01,
5.2930055751e+01,
5.2940853176e+01,
5.2953552181e+01,
5.2968230605e+01,
5.2984920413e+01,
5.3003602918e+01,
5.3024206630e+01,
5.3046608087e+01,
5.3070635736e+01,
5.3096076627e+01,
5.3122685410e+01,
5.3150194837e+01,
5.3178326884e+01,
5.3206803554e+01,
5.3235356549e+01,
5.3263735204e+01,
5.3291712323e+01,
5.3319087862e+01,
5.3345690600e+01,
5.3371378142e+01,
5.3396035669e+01,
5.3419573852e+01,
5.3441926336e+01,
5.3463047069e+01,
5.3482907711e+01,
5.3501495227e+01,
5.3518809741e+01,
5.3534862640e+01,
5.3549674923e+01,
5.3563275764e+01,
5.3575701248e+01,
5.3586993261e+01,
5.3597198517e+01,
5.3606367685e+01,
5.3614554626e+01,
5.3621815708e+01,
5.3628209203e+01,
5.3633794735e+01,
5.3638632785e+01,
5.3642784218e+01,
5.3646309831e+01,
5.3649269908e+01,
5.3651723765e+01,
5.3653729285e+01,
5.3655342443e+01,
5.3656616819e+01,
5.3657603114e+01,
5.3658348683e+01,
5.3658897099e+01,
5.3659287778e+01,
5.3659555674e+01,
5.3659731078e+01,
5.3659839531e+01,
5.3659901872e+01,
5.3659934416e+01,
5.3659949286e+01,
5.3659954864e+01,
5.3659956381e+01,
5.3659956605e+01,
5.3659956626e+01,
5.3659957062e+01,
5.3659960016e+01,
5.3659970875e+01,
5.3659999819e+01,
5.3660063157e+01,
5.3660184430e+01,
5.3660395247e+01,
5.3660735771e+01,
5.3661254825e+01,
5.3662009549e+01,
5.3663064561e+01,
5.3664490596e+01,
5.3666362603e+01,
5.3668757310e+01,
5.3671750316e+01,
5.3675412804e+01,
5.3679808018e+01,
5.3684987696e+01,
5.3690988679e+01,
5.3697829941e+01,
5.3705510273e+01,
5.3714006832e+01,
5.3723274702e+01,
5.3733247552e+01,
5.3743839384e+01,
5.3754947288e+01,
5.3766455041e+01,
5.3778237316e+01,
5.3790164253e+01,
5.3802106091e+01,
5.3813937600e+01,
5.3825542036e+01,
5.3836814446e+01,
5.3847664145e+01,
5.3858016320e+01,
5.3867812730e+01,
5.3877011597e+01,
5.3885586783e+01,
5.3893526404e+01,
5.3900831073e+01,
5.3907511915e+01,
5.3913588511e+01,
5.3919086912e+01,
5.3924037791e+01,
5.3928474826e+01,
5.3932433315e+01,
5.3935949064e+01,
5.3939057519e+01,
5.3941793124e+01,
5.3944188884e+01,
5.3946276093e+01,
5.3948084192e+01,
5.3949640729e+01,
5.3950971392e+01,
5.3952100091e+01,
5.3953049059e+01,
5.3953838969e+01,
5.3954489039e+01,
5.3955017123e+01,
5.3955439789e+01,
5.3955772361e+01,
5.3956028945e+01,
5.3956222437e+01,
5.3956364506e+01,
5.3956465579e+01,
5.3956534823e+01,
5.3956580131e+01,
5.3956608135e+01,
5.3956624228e+01,
5.3956632628e+01,
5.3956636466e+01,
5.3956637905e+01,
5.3956638297e+01,
5.3956638355e+01,
5.3956638360e+01,
5.3956638479e+01,
5.3956639286e+01,
5.3956642252e+01,
5.3956650158e+01,
5.3956667456e+01,
5.3956700566e+01,
5.3956758092e+01,
5.3956850932e+01,
5.3956992252e+01,
5.3957197322e+01,
5.3957483158e+01,
5.3957867983e+01,
5.3958370479e+01,
5.3959008842e+01,
5.3959799672e+01,
5.3960756755e+01,
5.3961889808e+01,
5.3963203303e+01,
5.3964695492e+01,
5.3966357752e+01,
5.3968174369e+01,
5.3970122830e+01,
5.3972174651e+01,
5.3974296708e+01,
5.3976452962e+01,
5.3978606431e+01,
5.3980721209e+01,
5.3982764350e+01,
5.3984707429e+01,
5.3986527655e+01,
5.3988208477e+01,
5.3989739680e+01,
5.3991117018e+01,
5.3992341515e+01,
5.3993418520e+01,
5.3994356668e+01,
5.3995166847e+01,
5.3995861249e+01,
5.3996452571e+01,
5.3996953373e+01,
5.3997375620e+01,
5.3997730375e+01,
5.3998027616e+01,
5.3998276176e+01,
5.3998483742e+01,
5.3998656923e+01,
5.3998801338e+01,
5.3998921722e+01,
5.3999022047e+01,
5.3999105619e+01,
5.3999175187e+01,
5.3999233028e+01,
5.3999281029e+01,
5.3999320755e+01,
5.3999353510e+01,
5.3999380381e+01,
5.3999402285e+01,
5.3999419995e+01,
5.3999434174e+01,
5.3999445388e+01,
5.3999454127e+01,
5.3999460819e+01,
5.3999465837e+01,
5.3999469506e+01,
5.3999472107e+01,
5.3999473886e+01,
5.3999475048e+01,
5.3999475765e+01,
5.3999476178e+01,
5.3999476393e+01,
5.3999476491e+01,
5.3999476528e+01,
5.3999476538e+01,
5.3999476539e+01,
5.3999476539e+01,
5.3999476543e+01,
5.3999476564e+01,
5.3999476645e+01,
5.3999476860e+01,
5.3999477330e+01,
5.3999478229e+01,
5.3999479790e+01,
5.3999482302e+01,
5.3999486113e+01,
5.3999491616e+01,
5.3999499231e+01,
5.3999509382e+01,
5.3999522461e+01,
5.3999538793e+01,
5.3999558586e+01,
5.3999581893e+01,
5.3999608575e+01,
5.3999638281e+01,
5.3999670447e+01,
5.3999704320e+01,
5.3999739010e+01,
5.3999773553e+01,
5.3999806999e+01,
5.3999838488e+01,
5.3999867321e+01,
5.3999893005e+01,
5.3999915275e+01,
5.3999934086e+01,
5.3999949578e+01,
5.3999962034e+01,
5.3999971825e+01,
5.3999979360e+01,
5.3999985048e+01,
5.3999989265e+01,
5.3999992346e+01,
5.3999994569e+01,
5.3999996158e+01,
5.3999997284e+01,
5.3999998075e+01,
5.3999998624e+01,
5.3999999004e+01,
5.3999999272e+01,
5.3999999471e+01,
5.3999999631e+01,
5.4000000000e+01,
5.4000000000e+01,
5.4000000000e+01,
5.3999999626e+01,
5.3999999555e+01,
5.3999999533e+01,
5.3999999559e+01,
5.3999999620e+01,
5.4000000000e+01,
5.4000000000e+01,
5.4000000000e+01,
5.4000000000e+01,
5.4000000000e+01,
5.4000000000e+01,
5.4000000000e+01,
5.4000000000e+01,
5.4000000000e+01,
5.4000000000e+01,
5.4000000000e+01,
5.4000000000e+01,
5.4000000000e+01,
5.4000000000e+01,
5.4000000000e+01,
5.4000000000e+01,
5.4000000000e+01,
5.4000000000e+01,
5.4000000000e+01,
5.4000000000e+01,
5.4000000000e+01,
5.4000000000e+01,
