0.0000000000e+00,
1.3126749820e-07,
4.1903196006e-06,
3.1691058503e-05,
1.3278763770e-04,
4.0228132680e-04,
9.9209884410e-04,
2.1218123216e-03,
4.0868386974e-03,
7.2640372778e-03,
1.2114513672e-02,
1.9183529432e-02,
2.9097500867e-02,
4.2558137984e-02,
6.0333816311e-02,
8.3248284525e-02,
1.1216678976e-01,
1.4797965977e-01,
1.9158333781e-01,
2.4385885319e-01,
3.0564776482e-01,
3.7772576998e-01,
4.6077444380e-01,
5.5535195592e-01,
6.6186405443e-01,
7.8053703216e-01,
9.1139469367e-01,
1.0542414213e+00,
1.2086532222e+00,
1.3739781091e+00,
1.5493463769e+00,
1.7336904024e+00,
1.9257726708e+00,
2.1242199795e+00,
2.3275613143e+00,
2.5342667902e+00,
2.7427852899e+00,
2.9515789355e+00,
3.1591531713e+00,
3.3640818926e+00,
3.5650276245e+00,
3.7607571527e+00,
3.9501532355e+00,
4.1322230804e+00,
4.3061042022e+00,
4.4710681435e+00,
4.6265223840e+00,
4.7720106221e+00,
4.9072115147e+00,
5.0319358955e+00,
5.1461224803e+00,
5.2498320674e+00,
5.3432402745e+00,
5.4266288795e+00,
5.5003758695e+00,
5.5649443313e+00,
5.6208703448e+00,
5.6687500673e+00,
5.7092262167e+00,
5.7429741913e+00,
5.7706880790e+00,
5.7930668347e+00,
5.8108009169e+00,
5.8245596875e+00,
5.8349798761e+00,
5.8426554068e+00,
5.8481288578e+00,
5.8518847938e+00,
5.8543451641e+00,
5.8558668999e+00,
5.8567417794e+00,
5.8571985548e+00,
5.8574072614e+00,
5.8574855548e+00,
5.8575068525e+00,
5.8575099960e+00,
5.8575104263e+00,
5.8575205886e+00,
5.8575894393e+00,
5.8578425407e+00,
5.8585172074e+00,
5.8599936552e+00,
5.8628210616e+00,
5.8677374202e+00,
5.8756821548e+00,
5.8878005602e+00,
5.9054392730e+00,
5.9301321540e+00,
5.9635762141e+00,
6.0075975423e+00,
6.0641076099e+00,
6.1350508200e+00,
6.2223447233e+00,
6.3278148873e+00,
6.4531269294e+00,
6.5997186578e+00,
6.7687355642e+00,
6.9609730821e+00,
7.1768290995e+00,
7.4162702064e+00,
7.6788149924e+00,
7.9635371054e+00,
8.2690892942e+00,
8.5937469693e+00,
8.9354662743e+00,
9.2919486351e+00,
9.6607031389e+00,
1.0039100882e+01,
1.0424420479e+01,
1.0813888470e+01,
1.1204719980e+01,
1.1594163316e+01,
1.1979548773e+01,
1.2358338758e+01,
1.2728174797e+01,
1.3086917138e+01,
1.3432674051e+01,
1.3763819772e+01,
1.4079001661e+01,
1.4377138312e+01,
1.4657410861e+01,
1.4919249751e+01,
1.5162318888e+01,
1.5386498596e+01,
1.5591868295e+01,
1.5778689361e+01,
1.5947388305e+01,
1.6098540228e+01,
1.6232852363e+01,
1.6351147557e+01,
1.6454347483e+01,
1.6543455513e+01,
1.6619539165e+01,
1.6683712185e+01,
1.6737116331e+01,
1.6780903066e+01,
1.6816215393e+01,
1.6844170151e+01,
1.6865841156e+01,
1.6882243595e+01,
1.6894320120e+01,
1.6902929066e+01,
1.6908835229e+01,
1.6912703522e+01,
1.6915095815e+01,
1.6916471113e+01,
1.6917189134e+01,
1.6917517201e+01,
1.6917640270e+01,
1.6917673748e+01,
1.6917678689e+01,
1.6917679158e+01,
1.6917688721e+01,
1.6917753512e+01,
1.6917991688e+01,
1.6918626570e+01,
1.6920015942e+01,
1.6922676567e+01,
1.6927302823e+01,
1.6934778488e+01,
1.6946180766e+01,
1.6962775753e+01,
1.6986004746e+01,
1.7017460994e+01,
1.7058856840e+01,
1.7111981599e+01,
1.7178651019e+01,
1.7260649759e+01,
1.7359668884e+01,
1.7477240979e+01,
1.7614675870e+01,
1.7773000257e+01,
1.7952904499e+01,
1.8154699509e+01,
1.8378286177e+01,
1.8623138970e+01,
1.8888304640e+01,
1.9172416334e+01,
1.9473722961e+01,
1.9790133374e+01,
2.0119274378e+01,
2.0458560605e+01,
2.0805272572e+01,
2.1156637305e+01,
2.1509904540e+01,
2.1862411942e+01,
2.2211635209e+01,
2.2555222685e+01,
2.2891017450e+01,
2.3217071437e+01,
2.3531655590e+01,
2.3833268297e+01,
2.4120642342e+01,
2.4392749370e+01,
2.4648800524e+01,
2.4888242285e+01,
2.5110747282e+01,
2.5316200538e+01,
2.5504682132e+01,
2.5676447498e+01,
2.5831906572e+01,
2.5971602827e+01,
2.6096192957e+01,
2.6206427704e+01,
2.6303134036e+01,
2.6387198687e+01,
2.6459552933e+01,
2.6521158384e+01,
2.6572993554e+01,
2.6616041020e+01,
2.6651275009e+01,
2.6679649354e+01,
2.6702085863e+01,
2.6719463224e+01,
2.6732606655e+01,
2.6742278597e+01,
2.6749170754e+01,
2.6753897840e+01,
2.6756993323e+01,
2.6758907459e+01,
2.6760007794e+01,
2.6760582238e+01,
2.6760844699e+01,
2.6760943157e+01,
2.6760969939e+01,
2.6760973892e+01,
2.6760974244e+01,
2.6760981169e+01,
2.6761028088e+01,
2.6761200563e+01,
2.6761660308e+01,
2.6762666385e+01,
2.6764592899e+01,
2.6767942364e+01,
2.6773353950e+01,
2.6781605872e+01,
2.6793611227e+01,
2.6810406693e+01,
2.6833133679e+01,
2.6863011751e+01,
2.6901304501e+01,
2.6949278461e+01,
2.7008156151e+01,
2.7079064957e+01,
2.7162984045e+01,
2.7260692113e+01,
2.7372719114e+01,
2.7499305364e+01,
2.7640371327e+01,
2.7795501053e+01,
2.7963941454e+01,
2.8144618560e+01,
2.8336170484e+01,
2.8536995332e+01,
2.8745310784e+01,
2.8959220832e+01,
2.9176784460e+01,
2.9396080932e+01,
2.9615267036e+01,
2.9832622849e+01,
3.0046584264e+01,
3.0255762258e+01,
3.0458950384e+01,
3.0655123013e+01,
3.0843427291e+01,
3.1023171668e+01,
3.1193813259e+01,
3.1354945556e+01,
3.1506287177e+01,
3.1647671728e+01,
3.1779038466e+01,
3.1900423330e+01,
3.2011949964e+01,
3.2113820600e+01,
3.2206306785e+01,
3.2289740158e+01,
3.2364503471e+01,
3.2431022090e+01,
3.2489756083e+01,
3.2541192940e+01,
3.2585840887e+01,
3.2624222678e+01,
3.2656869733e+01,
3.2684316485e+01,
3.2707094834e+01,
3.2725728631e+01,
3.2740728181e+01,
3.2752584794e+01,
3.2761765488e+01,
3.2768707964e+01,
3.2773816017e+01,
3.2777455593e+01,
3.2779951665e+01,
3.2781586110e+01,
3.2782596760e+01,
3.2783177718e+01,
3.2783481012e+01,
3.2783619585e+01,
3.2783671567e+01,
3.2783685708e+01,
3.2783687795e+01,
3.2783687980e+01,
3.2783691598e+01,
3.2783716113e+01,
3.2783806230e+01,
3.2784046444e+01,
3.2784572107e+01,
3.2785578673e+01,
3.2787328651e+01,
3.2790155878e+01,
3.2794466685e+01,
3.2800737595e+01,
3.2809509218e+01,
3.2821376145e+01,
3.2836972731e+01,
3.2856954902e+01,
3.2881978364e+01,
3.2912673867e+01,
3.2949620563e+01,
3.2993318763e+01,
3.3044163743e+01,
3.3102422367e+01,
3.3168214398e+01,
3.3241500172e+01,
3.3322075921e+01,
3.3409577426e+01,
3.3503491827e+01,
3.3603176507e+01,
3.3707883116e+01,
3.3816784258e+01,
3.3929000288e+01,
3.4043624102e+01,
3.4159742679e+01,
3.4276455085e+01,
3.4392887419e+01,
3.4508205552e+01,
3.4621626402e+01,
3.4732428129e+01,
3.4839959182e+01,
3.4943645814e+01,
3.5042997550e+01,
3.5137610219e+01,
3.5227166348e+01,
3.5311433042e+01,
3.5390257669e+01,
3.5463561867e+01,
3.5531334420e+01,
3.5593623577e+01,
3.5650529265e+01,
3.5702195574e+01,
3.5748803757e+01,
3.5790565868e+01,
3.5827719095e+01,
3.5860520738e+01,
3.5889243777e+01,
3.5914172908e+01,
3.5935600934e+01,
3.5953825417e+01,
3.5969145472e+01,
3.5981858656e+01,
3.5992257883e+01,
3.6000628362e+01,
3.6007244583e+01,
3.6012367373e+01,
3.6016241117e+01,
3.6019091224e+01,
3.6021121937e+01,
3.6022514609e+01,
3.6023426533e+01,
3.6023990413e+01,
3.6024314550e+01,
3.6024483768e+01,
3.6024561082e+01,
3.6024590085e+01,
3.6024597975e+01,
3.6024599139e+01,
3.6024599244e+01,
3.6024601312e+01,
3.6024615323e+01,
3.6024666828e+01,
3.6024804118e+01,
3.6025104551e+01,
3.6025679829e+01,
3.6026679970e+01,
3.6028295736e+01,
3.6030759271e+01,
3.6034342746e+01,
3.6039354805e+01,
3.6046134692e+01,
3.6055043992e+01,
3.6066456060e+01,
3.6080743339e+01,
3.6098262958e+01,
3.6119341171e+01,
3.6144257407e+01,
3.6173228842e+01,
3.6206396488e+01,
3.6243813856e+01,
3.6285439103e+01,
3.6331131417e+01,
3.6380652079e+01,
3.6433670246e+01,
3.6489773125e+01,
3.6548479795e+01,
3.6609257645e+01,
3.6671540244e+01,
3.6734745431e+01,
3.6798292559e+01,
3.6861618068e+01,
3.6924188877e+01,
3.6985513352e+01,
3.7045149830e+01,
3.7102712806e+01,
3.7157876928e+01,
3.7210378934e+01,
3.7260017622e+01,
3.7306651969e+01,
3.7350197551e+01,
3.7390621508e+01,
3.7427936403e+01,
3.7462193415e+01,
3.7493475303e+01,
3.7521889600e+01,
3.7547562367e+01,
3.7570632752e+01,
3.7591248469e+01,
3.7609562196e+01,
3.7625728839e+01,
3.7639903505e+01,
3.7652240062e+01,
3.7662890124e+01,
3.7672002309e+01,
3.7679721669e+01,
3.7686189182e+01,
3.7691541252e+01,
3.7695909151e+01,
3.7699418399e+01,
3.7702188078e+01,
3.7704330090e+01,
3.7705948395e+01,
3.7707138273e+01,
3.7707985657e+01,
3.7708566601e+01,
3.7708946918e+01,
3.7709182049e+01,
3.7709317198e+01,
3.7709387751e+01,
3.7709419985e+01,
3.7709432076e+01,
3.7709435366e+01,
3.7709435851e+01,
3.7709435896e+01,
3.7709436794e+01,
3.7709442881e+01,
3.7709465255e+01,
3.7709524894e+01,
3.7709655395e+01,
3.7709905257e+01,
3.7710339574e+01,
3.7711041022e+01,
3.7712110014e+01,
3.7713663913e+01,
3.7715835174e+01,
3.7718768357e+01,
3.7722615965e+01,
3.7727533157e+01,
3.7733671462e+01,
3.7741171752e+01,
3.7750156839e+01,
3.7760724183e+01,
3.7772939279e+01,
3.7786830329e+01,
3.7802384757e+01,
3.7819548010e+01,
3.7838224870e+01,
3.7858283232e+01,
3.7879560016e+01,
3.7901868593e+01,
3.7925006986e+01,
3.7948765997e+01,
3.7972936585e+01,
3.7997315973e+01,
3.8021712272e+01,
3.8045947635e+01,
3.8069860151e+01,
3.8093304770e+01,
3.8116153539e+01,
3.8138295414e+01,
3.8159635776e+01,
3.8180095781e+01,
3.8199611565e+01,
3.8218133350e+01,
3.8235624470e+01,
3.8252060345e+01,
3.8267427432e+01,
3.8281722193e+01,
3.8294950105e+01,
3.8307124723e+01,
3.8318266833e+01,
3.8328403668e+01,
3.8337568197e+01,
3.8345798477e+01,
3.8353137038e+01,
3.8359630307e+01,
3.8365328036e+01,
3.8370282727e+01,
3.8374549050e+01,
3.8378183232e+01,
3.8381242428e+01,
3.8383784065e+01,
3.8385865161e+01,
3.8387541643e+01,
3.8388867658e+01,
3.8389894904e+01,
3.8390672003e+01,
3.8391243929e+01,
3.8391651520e+01,
3.8391931092e+01,
3.8392114176e+01,
3.8392227392e+01,
3.8392292475e+01,
3.8392326453e+01,
3.8392341977e+01,
3.8392347801e+01,
3.8392349385e+01,
3.8392349619e+01,
3.8392349641e+01,
3.8392350096e+01,
3.8392353180e+01,
3.8392364518e+01,
3.8392394738e+01,
3.8392460871e+01,
3.8392587507e+01,
3.8392807677e+01,
3.8393163395e+01,
3.8393705812e+01,
3.8394494943e+01,
3.8395598925e+01,
3.8397092784e+01,
3.8399056697e+01,
3.8401573783e+01,
3.8404727457e+01,
3.8408598444e+01,
3.8413261575e+01,
3.8418782529e+01,
3.8425214701e+01,
3.8432596407e+01,
3.8440948602e+01,
3.8450273282e+01,
3.8460552683e+01,
3.8471749309e+01,
3.8483806785e+01,
3.8496651431e+01,
3.8510194417e+01,
3.8524334342e+01,
3.8538960058e+01,
3.8553953586e+01,
3.8569193012e+01,
3.8584555273e+01,
3.8599918778e+01,
3.8615165839e+01,
3.8630184872e+01,
3.8644872343e+01,
3.8659134417e+01,
3.8672888272e+01,
3.8686063037e+01,
3.8698600332e+01,
3.8710454409e+01,
3.8721591915e+01,
3.8731991320e+01,
3.8741642067e+01,
3.8750543534e+01,
3.8758703863e+01,
3.8766138747e+01,
3.8772870218e+01,
3.8778925506e+01,
3.8784335985e+01,
3.8789136229e+01,
3.8793363195e+01,
3.8797055515e+01,
3.8800252894e+01,
3.8802995596e+01,
3.8805323996e+01,
3.8807278188e+01,
3.8808897620e+01,
3.8810220754e+01,
3.8811284737e+01,
3.8812125076e+01,
3.8812775328e+01,
3.8813266799e+01,
3.8813628268e+01,
3.8813885748e+01,
3.8814062297e+01,
3.8814177886e+01,
3.8814249354e+01,
3.8814290434e+01,
3.8814311880e+01,
3.8814321678e+01,
3.8814325354e+01,
3.8814326354e+01,
3.8814326501e+01,
3.8814326516e+01,
3.8814326820e+01,
3.8814328880e+01,
3.8814336454e+01,
3.8814356641e+01,
3.8814400815e+01,
3.8814485392e+01,
3.8814632409e+01,
3.8814869856e+01,
3.8815231732e+01,
3.8815757784e+01,
3.8816492883e+01,
3.8817486013e+01,
3.8818788862e+01,
3.8820454015e+01,
3.8822532777e+01,
3.8825072709e+01,
3.8828114963e+01,
3.8831691567e+01,
3.8835822827e+01,
3.8840515057e+01,
3.8845758824e+01,
3.8851527911e+01,
3.8857779155e+01,
3.8864453255e+01,
3.8871476572e+01,
3.8878763858e+01,
3.8886221733e+01,
3.8893752692e+01,
3.8901259311e+01,
3.8908648347e+01,
3.8915834401e+01,
3.8922742894e+01,
3.8929312179e+01,
3.8935494692e+01,
3.8941257194e+01,
3.8946580175e+01,
3.8951456613e+01,
3.8955890273e+01,
3.8959893754e+01,
3.8963486468e+01,
3.8966692691e+01,
3.8969539813e+01,
3.8972056829e+01,
3.8974273117e+01,
3.8976217498e+01,
3.8977917556e+01,
3.8979399181e+01,
3.8980686307e+01,
3.8981800797e+01,
3.8982762434e+01,
3.8983589004e+01,
3.8984296418e+01,
3.8984898876e+01,
3.8985409038e+01,
3.8985838197e+01,
3.8986196449e+01,
3.8986492844e+01,
3.8986735523e+01,
3.8986931831e+01,
3.8987088409e+01,
3.8987211271e+01,
3.8987305856e+01,
3.8987377064e+01,
3.8987429282e+01,
3.8987466398e+01,
3.8987491810e+01,
3.8987508431e+01,
3.8987518701e+01,
3.8987524602e+01,
3.8987527681e+01,
3.8987529088e+01,
3.8987529616e+01,
3.8987529760e+01,
3.8987529781e+01,
3.8987529783e+01,
3.8987529829e+01,
3.8987530144e+01,
3.8987531299e+01,
3.8987534379e+01,
3.8987541117e+01,
3.8987554010e+01,
3.8987576403e+01,
3.8987612515e+01,
3.8987667425e+01,
3.8987746974e+01,
3.8987857595e+01,
3.8988006049e+01,
3.8988199069e+01,
3.8988442921e+01,
3.8988742890e+01,
3.8989102748e+01,
3.8989524230e+01,
3.8990006592e+01,
3.8990546311e+01,
3.8991136999e+01,
3.8991769549e+01,
3.8992432554e+01,
3.8993112952e+01,
3.8993796851e+01,
3.8994470444e+01,
3.8995120896e+01,
3.8995737109e+01,
3.8996310279e+01,
3.8996834203e+01,
3.8997305317e+01,
3.8997722514e+01,
3.8998086799e+01,
3.8998400836e+01,
3.8998668477e+01,
3.8998894296e+01,
3.8999083192e+01,
3.8999240063e+01,
3.8999369568e+01,
3.8999475979e+01,
3.8999563112e+01,
3.8999634300e+01,
3.8999692412e+01,
3.8999739881e+01,
3.8999778742e+01,
3.8999810677e+01,
3.8999837063e+01,
3.8999859019e+01,
3.8999877455e+01,
3.8999893102e+01,
3.8999906546e+01,
3.8999918241e+01,
3.8999928536e+01,
3.8999937690e+01,
3.8999945892e+01,
3.8999953278e+01,
3.8999959942e+01,
3.8999965950e+01,
3.8999971351e+01,
3.8999976180e+01,
3.8999980463e+01,
3.8999984225e+01,
3.8999987491e+01,
3.8999990285e+01,
3.8999992637e+01,
3.8999994578e+01,
3.8999996143e+01,
3.8999997371e+01,
3.8999998302e+01,
3.8999998977e+01,
3.8999999439e+01,
3.9000000000e+01,
3.9000000000e+01,
3.9000000000e+01,
3.9000000000e+01,
