0.0000000000e+00,
3.0512660487e-07,
9.7402474069e-06,
7.3664752094e-05,
3.0866058160e-04,
9.3509306370e-04,
2.3061260508e-03,
4.9322041666e-03,
9.5001813143e-03,
1.6886471816e-02,
2.8163811684e-02,
4.4601416864e-02,
6.7658479224e-02,
9.8971012255e-02,
1.4033201596e-01,
1.9366476449e-01,
2.6098876183e-01,
3.4437764774e-01,
4.4590821638e-01,
5.6759992214e-01,
7.1134497083e-01,
8.7883042156e-01,
1.0714555793e+00,
1.2902500404e+00,
1.5357995516e+00,
1.8081877518e+00,
2.1069613488e+00,
2.4311241265e+00,
2.7791615938e+00,
3.1490937793e+00,
3.5385496306e+00,
3.9448537089e+00,
4.3651150637e+00,
4.7963094784e+00,
5.2353492584e+00,
5.6791385068e+00,
6.1246153819e+00,
6.5687852688e+00,
7.0087496480e+00,
7.4417346901e+00,
7.8651217002e+00,
8.2764792204e+00,
8.6735946869e+00,
9.0545026250e+00,
9.4175066242e+00,
9.7611934799e+00,
1.0084439319e+01,
1.0386408679e+01,
1.0666548084e+01,
1.0924575629e+01,
1.1160467733e+01,
1.1374443767e+01,
1.1566948840e+01,
1.1738634865e+01,
1.1890339884e+01,
1.2023065684e+01,
1.2137953820e+01,
1.2236260209e+01,
1.2319328618e+01,
1.2388563405e+01,
1.2445401993e+01,
1.2491287579e+01,
1.2527642679e+01,
1.2555844101e+01,
1.2577199964e+01,
1.2592929389e+01,
1.2604145409e+01,
1.2611841619e+01,
1.2616882965e+01,
1.2620000972e+01,
1.2621793564e+01,
1.2622729472e+01,
1.2623157099e+01,
1.2623317517e+01,
1.2623361155e+01,
1.2623367595e+01,
1.2623368477e+01,
1.2623389299e+01,
1.2623530370e+01,
1.2624048957e+01,
1.2625431296e+01,
1.2628456392e+01,
1.2634249353e+01,
1.2644321921e+01,
1.2660598008e+01,
1.2685422230e+01,
1.2721549688e+01,
1.2772115620e+01,
1.2840584112e+01,
1.2930675765e+01,
1.3046275232e+01,
1.3191320689e+01,
1.3369678632e+01,
1.3585008625e+01,
1.3840623762e+01,
1.4139353191e+01,
1.4483413247e+01,
1.4874293361e+01,
1.5312662378e+01,
1.5798300443e+01,
1.6330061502e+01,
1.6905871263e+01,
1.7522764549e+01,
1.8176963349e+01,
1.8863992340e+01,
1.9578822969e+01,
2.0316032300e+01,
2.1069960767e+01,
2.1834855145e+01,
2.2604988955e+01,
2.3374760207e+01,
2.4138772671e+01,
2.4891909089e+01,
2.5629402013e+01,
2.6346901842e+01,
2.7040535829e+01,
2.7706949758e+01,
2.8343326885e+01,
2.8947384474e+01,
2.9517353385e+01,
3.0051948138e+01,
3.0550333773e+01,
3.1012093098e+01,
3.1437195458e+01,
3.1825966664e+01,
3.2179059287e+01,
3.2497422652e+01,
3.2782272223e+01,
3.3035058344e+01,
3.3257434428e+01,
3.3451224744e+01,
3.3618391898e+01,
3.3761004096e+01,
3.3881202247e+01,
3.3981167039e+01,
3.4063086173e+01,
3.4129122085e+01,
3.4181380585e+01,
3.4221881011e+01,
3.4252528565e+01,
3.4275089617e+01,
3.4291170741e+01,
3.4302202276e+01,
3.4309427073e+01,
3.4313894990e+01,
3.4316463483e+01,
3.4317804434e+01,
3.4318417118e+01,
3.4318646956e+01,
3.4318709478e+01,
3.4318718706e+01,
3.4318719582e+01,
3.4318737441e+01,
3.4318858441e+01,
3.4319303246e+01,
3.4320488910e+01,
3.4323083583e+01,
3.4328052222e+01,
3.4336691259e+01,
3.4350650295e+01,
3.4371939041e+01,
3.4402917892e+01,
3.4446270841e+01,
3.4504959854e+01,
3.4582160468e+01,
3.4681179142e+01,
3.4805353946e+01,
3.4957941301e+01,
3.5141992788e+01,
3.5360227261e+01,
3.5614904622e+01,
3.5907708477e+01,
3.6239645232e+01,
3.6610967112e+01,
3.7021125692e+01,
3.7468760957e+01,
3.7951728435e+01,
3.8467163675e+01,
3.9011579576e+01,
3.9580988192e+01,
4.0171035598e+01,
4.0777137060e+01,
4.1394600741e+01,
4.2018731859e+01,
4.2644914637e+01,
4.3268675343e+01,
4.3885734025e+01,
4.4492053675e+01,
4.5083892696e+01,
4.5657860677e+01,
4.6210971274e+01,
4.6740682566e+01,
4.7244916615e+01,
4.7722055415e+01,
4.8170916848e+01,
4.8590718438e+01,
4.8981037141e+01,
4.9341771071e+01,
4.9673105783e+01,
4.9975485179e+01,
5.0249585781e+01,
5.0496292859e+01,
5.0716677277e+01,
5.0911972342e+01,
5.1083550427e+01,
5.1232899310e+01,
5.1361598323e+01,
5.1471294403e+01,
5.1563678140e+01,
5.1640459911e+01,
5.1703346230e+01,
5.1754016494e+01,
5.1794100408e+01,
5.1825156472e+01,
5.1848651993e+01,
5.1865945190e+01,
5.1878269962e+01,
5.1886723934e+01,
5.1892260304e+01,
5.1895683946e+01,
5.1897652067e+01,
5.1898679565e+01,
5.1899149029e+01,
5.1899325139e+01,
5.1899373045e+01,
5.1899380116e+01,
5.1899380746e+01,
5.1899393132e+01,
5.1899477056e+01,
5.1899785565e+01,
5.1900607918e+01,
5.1902407527e+01,
5.1905853648e+01,
5.1911845397e+01,
5.1921526742e+01,
5.1936291213e+01,
5.1957775172e+01,
5.1987838741e+01,
5.2028533695e+01,
5.2082058134e+01,
5.2150698201e+01,
5.2236757860e+01,
5.2342478480e+01,
5.2469950825e+01,
5.2621022840e+01,
5.2797207358e+01,
5.2999594383e+01,
5.3228772893e+01,
5.3484767197e+01,
5.3766992587e+01,
5.4074234566e+01,
5.4404655040e+01,
5.4755827635e+01,
5.5124802560e+01,
5.5508199218e+01,
5.5902322166e+01,
5.6303293442e+01,
5.6707192079e+01,
5.7110190500e+01,
5.7508677686e+01,
5.7899360643e+01,
5.8279338569e+01,
5.8646147515e+01,
5.8997776766e+01,
5.9332660857e+01,
5.9649652851e+01,
5.9947985070e+01,
6.0227223103e+01,
6.0487217908e+01,
6.0728059510e+01,
6.0950034538e+01,
6.1153588703e+01,
6.1339294589e+01,
6.1507824531e+01,
6.1659928141e+01,
6.1796413851e+01,
6.1918133863e+01,
6.2025971890e+01,
6.2120833105e+01,
6.2203635786e+01,
6.2275304173e+01,
6.2336762103e+01,
6.2388927074e+01,
6.2432704434e+01,
6.2468981473e+01,
6.2498621292e+01,
6.2522456409e+01,
6.2541282150e+01,
6.2555849968e+01,
6.2566860907e+01,
6.2574959493e+01,
6.2580728369e+01,
6.2584684018e+01,
6.2587273886e+01,
6.2588875190e+01,
6.2589795633e+01,
6.2590276145e+01,
6.2590495685e+01,
6.2590578040e+01,
6.2590600443e+01,
6.2590603749e+01,
6.2590604041e+01,
6.2590609774e+01,
6.2590648612e+01,
6.2590791383e+01,
6.2591171942e+01,
6.2592004709e+01,
6.2593599256e+01,
6.2596371249e+01,
6.2600849010e+01,
6.2607675009e+01,
6.2617601611e+01,
6.2631480497e+01,
6.2650245320e+01,
6.2674887446e+01,
6.2706424952e+01,
6.2745865576e+01,
6.2794164828e+01,
6.2852181116e+01,
6.2920630281e+01,
6.3000042407e+01,
6.3090724023e+01,
6.3192728749e+01,
6.3305839088e+01,
6.3429561335e+01,
6.3563134587e+01,
6.3705553635e+01,
6.3855604306e+01,
6.4011908683e+01,
6.4172976751e+01,
6.4337260561e+01,
6.4503206978e+01,
6.4669305578e+01,
6.4834129150e+01,
6.4996365357e+01,
6.5154839223e+01,
6.5308527016e+01,
6.5456562623e+01,
6.5598237771e+01,
6.5732997390e+01,
6.5860431295e+01,
6.5980263160e+01,
6.6092337640e+01,
6.6196606397e+01,
6.6293113703e+01,
6.6381982225e+01,
6.6463399498e+01,
6.6537605477e+01,
6.6604881437e+01,
6.6665540341e+01,
6.6719918710e+01,
6.6768369907e+01,
6.6811258676e+01,
6.6848956765e+01,
6.6881839390e+01,
6.6910282339e+01,
6.6934659506e+01,
6.6955340665e+01,
6.6972689353e+01,
6.6987060729e+01,
6.6998799357e+01,
6.7008236865e+01,
6.7015689514e+01,
6.7021455708e+01,
6.7025813535e+01,
6.7029018462e+01,
6.7031301291e+01,
6.7032866533e+01,
6.7033891308e+01,
6.7034524910e+01,
6.7034889106e+01,
6.7035079231e+01,
6.7035166096e+01,
6.7035198682e+01,
6.7035207546e+01,
6.7035208854e+01,
6.7035208972e+01,
6.7035211295e+01,
6.7035227037e+01,
6.7035284904e+01,
6.7035439149e+01,
6.7035776678e+01,
6.7036422952e+01,
6.7037546413e+01,
6.7039361109e+01,
6.7042127249e+01,
6.7046149381e+01,
6.7051771966e+01,
6.7059372145e+01,
6.7069349644e+01,
6.7082113878e+01,
6.7098068562e+01,
6.7117594353e+01,
6.7141030318e+01,
6.7168655281e+01,
6.7200670275e+01,
6.7237183453e+01,
6.7278198767e+01,
6.7323609526e+01,
6.7373197605e+01,
6.7426638621e+01,
6.7483512793e+01,
6.7543320688e+01,
6.7605502571e+01,
6.7669459740e+01,
6.7734576169e+01,
6.7800238863e+01,
6.7865855664e+01,
6.7930869713e+01,
6.7994770244e+01,
6.8057099857e+01,
6.8117458731e+01,
6.8175506417e+01,
6.8230961854e+01,
6.8283602156e+01,
6.8333260518e+01,
6.8379823431e+01,
6.8423227248e+01,
6.8463454102e+01,
6.8500527194e+01,
6.8534505515e+01,
6.8565478208e+01,
6.8593558798e+01,
6.8618879563e+01,
6.8641586328e+01,
6.8661833851e+01,
6.8679781956e+01,
6.8695592420e+01,
6.8709426595e+01,
6.8721443665e+01,
6.8731799423e+01,
6.8740645436e+01,
6.8748128460e+01,
6.8754390007e+01,
6.8759565975e+01,
6.8763786259e+01,
6.8767174323e+01,
6.8769846704e+01,
6.8771912454e+01,
6.8773472550e+01,
6.8774619301e+01,
6.8775435802e+01,
6.8775995492e+01,
6.8776361858e+01,
6.8776588350e+01,
6.8776718528e+01,
6.8776786484e+01,
6.8776817532e+01,
6.8776829179e+01,
6.8776832347e+01,
6.8776832814e+01,
6.8776832857e+01,
6.8776833723e+01,
6.8776839585e+01,
6.8776861136e+01,
6.8776918578e+01,
6.8777044270e+01,
6.8777284916e+01,
6.8777703184e+01,
6.8778378631e+01,
6.8779407810e+01,
6.8780903424e+01,
6.8782992422e+01,
6.8785812942e+01,
6.8789510058e+01,
6.8794230381e+01,
6.8800115627e+01,
6.8807295436e+01,
6.8815879796e+01,
6.8825951625e+01,
6.8837560105e+01,
6.8850715454e+01,
6.8865385786e+01,
6.8881496574e+01,
6.8898933022e+01,
6.8917545320e+01,
6.8937156379e+01,
6.8957571256e+01,
6.8978587244e+01,
6.9000003441e+01,
6.9021628796e+01,
6.9043287898e+01,
6.9064824252e+01,
6.9086101249e+01,
6.9107001336e+01,
6.9127424098e+01,
6.9147283906e+01,
6.9166507659e+01,
6.9185032915e+01,
6.9202806529e+01,
6.9219783764e+01,
6.9235927765e+01,
6.9251209267e+01,
6.9265606416e+01,
6.9279104622e+01,
6.9291696384e+01,
6.9303381072e+01,
6.9314164654e+01,
6.9324059376e+01,
6.9333083392e+01,
6.9341260376e+01,
6.9348619088e+01,
6.9355192922e+01,
6.9361019429e+01,
6.9366139802e+01,
6.9370598341e+01,
6.9374441877e+01,
6.9377719168e+01,
6.9380480268e+01,
6.9382775864e+01,
6.9384656602e+01,
6.9386172403e+01,
6.9387371783e+01,
6.9388301205e+01,
6.9389004462e+01,
6.9389522132e+01,
6.9389891102e+01,
6.9390144206e+01,
6.9390309966e+01,
6.9390412473e+01,
6.9390471401e+01,
6.9390502166e+01,
6.9390516223e+01,
6.9390521496e+01,
6.9390522930e+01,
6.9390523142e+01,
6.9390523162e+01,
6.9390523575e+01,
6.9390526367e+01,
6.9390536633e+01,
6.9390563996e+01,
6.9390623878e+01,
6.9390738546e+01,
6.9390937917e+01,
6.9391260056e+01,
6.9391751325e+01,
6.9392466165e+01,
6.9393466458e+01,
6.9394820456e+01,
6.9396601287e+01,
6.9398885029e+01,
6.9401748422e+01,
6.9405266266e+01,
6.9409508630e+01,
6.9414537990e+01,
6.9420406454e+01,
6.9427153240e+01,
6.9434802564e+01,
6.9443362077e+01,
6.9452821953e+01,
6.9463154666e+01,
6.9474315477e+01,
6.9486243545e+01,
6.9498863575e+01,
6.9512087877e+01,
6.9525818685e+01,
6.9539950625e+01,
6.9554373218e+01,
6.9568973341e+01,
6.9583637597e+01,
6.9598254567e+01,
6.9612716905e+01,
6.9626923259e+01,
6.9640779971e+01,
6.9654202519e+01,
6.9667116658e+01,
6.9679459219e+01,
6.9691178552e+01,
6.9702234609e+01,
6.9712598689e+01,
6.9722252899e+01,
6.9731189380e+01,
6.9739409359e+01,
6.9746922115e+01,
6.9753743898e+01,
6.9759896860e+01,
6.9765408040e+01,
6.9770308432e+01,
6.9774632136e+01,
6.9778415605e+01,
6.9781696989e+01,
6.9784515545e+01,
6.9786911120e+01,
6.9788923677e+01,
6.9790592858e+01,
6.9791957576e+01,
6.9793055611e+01,
6.9793923233e+01,
6.9794594833e+01,
6.9795102576e+01,
6.9795476088e+01,
6.9795742185e+01,
6.9795924661e+01,
6.9796044140e+01,
6.9796118016e+01,
6.9796160481e+01,
6.9796182650e+01,
6.9796192779e+01,
6.9796196579e+01,
6.9796197612e+01,
6.9796197765e+01,
6.9796197780e+01,
6.9796198094e+01,
6.9796200224e+01,
6.9796208053e+01,
6.9796228922e+01,
6.9796274588e+01,
6.9796362024e+01,
6.9796514020e+01,
6.9796759529e+01,
6.9797133746e+01,
6.9797677853e+01,
6.9798438411e+01,
6.9799466362e+01,
6.9800815635e+01,
6.9802541355e+01,
6.9804697686e+01,
6.9807335370e+01,
6.9810499059e+01,
6.9814224563e+01,
6.9818536195e+01,
6.9823444372e+01,
6.9828943701e+01,
6.9835011711e+01,
6.9841608421e+01,
6.9848676849e+01,
6.9856144507e+01,
6.9863925854e+01,
6.9871925585e+01,
6.9880042533e+01,
6.9888173910e+01,
6.9896219570e+01,
6.9904085974e+01,
6.9911689550e+01,
6.9918959262e+01,
6.9925838231e+01,
6.9932284407e+01,
6.9938270349e+01,
6.9943782253e+01,
6.9948818423e+01,
6.9953387383e+01,
6.9957505824e+01,
6.9961196566e+01,
6.9964486646e+01,
6.9967405635e+01,
6.9969984222e+01,
6.9972253092e+01,
6.9974242071e+01,
6.9975979526e+01,
6.9977491980e+01,
6.9978803903e+01,
6.9979937631e+01,
6.9980913398e+01,
6.9981749432e+01,
6.9982462094e+01,
6.9983066048e+01,
6.9983574437e+01,
6.9983999054e+01,
6.9984350510e+01,
6.9984638372e+01,
6.9984871294e+01,
6.9985057118e+01,
6.9985202954e+01,
6.9985315240e+01,
6.9985399783e+01,
6.9985461785e+01,
6.9985505858e+01,
6.9985536034e+01,
6.9985555771e+01,
6.9985567966e+01,
6.9985574974e+01,
6.9985578631e+01,
6.9985580302e+01,
6.9985580929e+01,
6.9985581099e+01,
6.9985581124e+01,
6.9985581127e+01,
6.9985581182e+01,
6.9985581555e+01,
6.9985582927e+01,
6.9985586585e+01,
6.9985594586e+01,
6.9985609898e+01,
6.9985636491e+01,
6.9985679380e+01,
6.9985744596e+01,
6.9985839083e+01,
6.9985970492e+01,
6.9986146870e+01,
6.9986376242e+01,
6.9986666086e+01,
6.9987022737e+01,
6.9987450734e+01,
6.9987952206e+01,
6.9988526325e+01,
6.9989168938e+01,
6.9989872436e+01,
6.9990625905e+01,
6.9991415600e+01,
6.9992225698e+01,
6.9993039287e+01,
6.9993839465e+01,
6.9994610441e+01,
6.9995338506e+01,
6.9996012755e+01,
6.9996625512e+01,
6.9997172433e+01,
6.9997652306e+01,
6.9998066635e+01,
6.9998419074e+01,
6.9998714806e+01,
6.9998959934e+01,
6.9999160939e+01,
6.9999324245e+01,
6.9999455897e+01,
6.9999561362e+01,
6.9999645436e+01,
6.9999712231e+01,
6.9999765200e+01,
6.9999807197e+01,
6.9999840546e+01,
6.9999867108e+01,
6.9999888363e+01,
6.9999905481e+01,
6.9999919385e+01,
6.9999930806e+01,
6.9999940313e+01,
6.9999948345e+01,
6.9999955235e+01,
6.9999961227e+01,
6.9999966498e+01,
6.9999971175e+01,
6.9999975347e+01,
6.9999979078e+01,
6.9999982413e+01,
6.9999985384e+01,
6.9999988014e+01,
6.9999990322e+01,
6.9999992325e+01,
6.9999994038e+01,
6.9999995481e+01,
6.9999996672e+01,
6.9999997632e+01,
6.9999998386e+01,
6.9999998957e+01,
6.9999999372e+01,
7.0000000000e+01,
7.0000000000e+01,
7.0000000000e+01,
7.0000000000e+01,
7.0000000000e+01,
