0.0000000000e+00,
8.9731400976e-08,
2.8644025996e-06,
2.1663249601e-05,
9.0770413600e-05,
2.7498945650e-04,
6.7817225480e-04,
1.4504072150e-03,
2.7936170004e-03,
4.9653702206e-03,
8.2807719685e-03,
1.3112360737e-02,
1.9887999248e-02,
2.9086798636e-02,
4.1233154081e-02,
5.6888991592e-02,
7.6644329244e-02,
1.0110624504e-01,
1.3088632626e-01,
1.6658666525e-01,
2.0878448111e-01,
2.5801550250e-01,
3.1475635631e-01,
3.7940637025e-01,
4.5226940304e-01,
5.3353653225e-01,
6.2327061564e-01,
7.2139384815e-01,
8.2767942081e-01,
9.4174822517e-01,
1.0630712378e+00,
1.1909777971e+00,
1.3246695015e+00,
1.4632389944e+00,
1.6056925107e+00,
1.7509748184e+00,
1.8979951040e+00,
2.0456524300e+00,
2.1928596074e+00,
2.3385646206e+00,
2.4817690687e+00,
2.6215433952e+00,
2.7570389305e+00,
2.8874969514e+00,
3.0122550649e+00,
3.1307512618e+00,
3.2425259704e+00,
3.3472223997e+00,
3.4445854035e+00,
3.5344590436e+00,
3.6167829787e+00,
3.6915877783e+00,
3.7589892346e+00,
3.8191817444e+00,
3.8724308308e+00,
3.9190648894e+00,
3.9594662587e+00,
3.9940617319e+00,
4.0233126521e+00,
4.0477047525e+00,
4.0677379222e+00,
4.0839160999e+00,
4.0967375059e+00,
4.1066854363e+00,
4.1142198389e+00,
4.1197698871e+00,
4.1237277482e+00,
4.1264437198e+00,
4.1282228703e+00,
4.1293232810e+00,
4.1299559344e+00,
4.1302862441e+00,
4.1304371671e+00,
4.1304937838e+00,
4.1305091850e+00,
4.1305114582e+00,
4.1305117693e+00,
4.1305191180e+00,
4.1305689064e+00,
4.1307519331e+00,
4.1312398097e+00,
4.1323074884e+00,
4.1343521166e+00,
4.1379074158e+00,
4.1436528489e+00,
4.1524169162e+00,
4.1651740222e+00,
4.1830344885e+00,
4.2072274696e+00,
4.2390767635e+00,
4.2799698094e+00,
4.3313205224e+00,
4.3945270171e+00,
4.4709256897e+00,
4.5617435095e+00,
4.6680506660e+00,
4.7907158532e+00,
4.9303664126e+00,
5.0873552693e+00,
5.2617361445e+00,
5.4532480039e+00,
5.6613092779e+00,
5.8850222059e+00,
6.1231877484e+00,
6.3743316975e+00,
6.6367424831e+00,
6.9085202187e+00,
7.1876345574e+00,
7.4719864306e+00,
7.7594669652e+00,
8.0480071647e+00,
8.3356146475e+00,
8.6203977055e+00,
8.9005801958e+00,
9.1745119131e+00,
9.4406781005e+00,
9.6977097273e+00,
9.9443942787e+00,
1.0179685748e+01,
1.0402712331e+01,
1.0612780735e+01,
1.0809376615e+01,
1.0992161220e+01,
1.1160964759e+01,
1.1315777131e+01,
1.1456736745e+01,
1.1584118044e+01,
1.1698318209e+01,
1.1799843392e+01,
1.1889294661e+01,
1.1967353795e+01,
1.2034768951e+01,
1.2092340245e+01,
1.2140905265e+01,
1.2181324587e+01,
1.2214467386e+01,
1.2241197296e+01,
1.2262358741e+01,
1.2278763970e+01,
1.2291181114e+01,
1.2300323562e+01,
1.2306840983e+01,
1.2311312291e+01,
1.2314240830e+01,
1.2316051951e+01,
1.2317093143e+01,
1.2317636733e+01,
1.2317885102e+01,
1.2317978274e+01,
1.2318003619e+01,
1.2318007359e+01,
1.2318007715e+01,
1.2318014954e+01,
1.2318064005e+01,
1.2318244321e+01,
1.2318724970e+01,
1.2319776821e+01,
1.2321791103e+01,
1.2325293521e+01,
1.2330953189e+01,
1.2339585697e+01,
1.2352149712e+01,
1.2369736655e+01,
1.2393553149e+01,
1.2424896189e+01,
1.2465121262e+01,
1.2515604043e+01,
1.2577696678e+01,
1.2652680182e+01,
1.2741714870e+01,
1.2845791189e+01,
1.2965683618e+01,
1.3101910380e+01,
1.3254701694e+01,
1.3423978855e+01,
1.3609345843e+01,
1.3810094212e+01,
1.4025220937e+01,
1.4253457739e+01,
1.4493309366e+01,
1.4743097606e+01,
1.5001007560e+01,
1.5265133022e+01,
1.5533518637e+01,
1.5804197651e+01,
1.6075225211e+01,
1.6344708079e+01,
1.6610831940e+01,
1.6871887219e+01,
1.7126293540e+01,
1.7372622044e+01,
1.7609614059e+01,
1.7836194443e+01,
1.8051478441e+01,
1.8254771772e+01,
1.8445564746e+01,
1.8623521896e+01,
1.8788468919e+01,
1.8940378501e+01,
1.9079356187e+01,
1.9205626905e+01,
1.9319522333e+01,
1.9421469019e+01,
1.9511977034e+01,
1.9591628888e+01,
1.9661068505e+01,
1.9720990095e+01,
1.9772126824e+01,
1.9815239284e+01,
1.9851103773e+01,
1.9880500515e+01,
1.9904201942e+01,
1.9922961258e+01,
1.9937501513e+01,
1.9948505473e+01,
1.9956606559e+01,
1.9962381170e+01,
1.9966342656e+01,
1.9968937186e+01,
1.9970541705e+01,
1.9971464111e+01,
1.9971945681e+01,
1.9972165712e+01,
1.9972248253e+01,
1.9972270706e+01,
1.9972274020e+01,
1.9972274315e+01,
1.9972280121e+01,
1.9972319455e+01,
1.9972464050e+01,
1.9972849481e+01,
1.9973692959e+01,
1.9975308209e+01,
1.9978116792e+01,
1.9982655268e+01,
1.9989577656e+01,
1.9999652708e+01,
2.0013755632e+01,
2.0032854038e+01,
2.0057988048e+01,
2.0090244791e+01,
2.0130727778e+01,
2.0180521998e+01,
2.0240655903e+01,
2.0312061832e+01,
2.0395536599e+01,
2.0491704208e+01,
2.0600982576e+01,
2.0723556044e+01,
2.0859355103e+01,
2.1008044407e+01,
2.1169019686e+01,
2.1341413835e+01,
2.1524112130e+01,
2.1715776302e+01,
2.1914876948e+01,
2.2119733419e+01,
2.2328559868e+01,
2.2539515606e+01,
2.2750757334e+01,
2.2960490462e+01,
2.3167016604e+01,
2.3368774587e+01,
2.3564372911e+01,
2.3752612406e+01,
2.3932498763e+01,
2.4103245490e+01,
2.4264268533e+01,
2.4415174254e+01,
2.4555742657e+01,
2.4685907737e+01,
2.4805736579e+01,
2.4915408593e+01,
2.5015195853e+01,
2.5105445208e+01,
2.5186562522e+01,
2.5258999117e+01,
2.5323240364e+01,
2.5379796186e+01,
2.5429193188e+01,
2.5471968097e+01,
2.5508662179e+01,
2.5539816337e+01,
2.5565966628e+01,
2.5587640001e+01,
2.5605350099e+01,
2.5619593071e+01,
2.5630843357e+01,
2.5639549518e+01,
2.5646130211e+01,
2.5650970456e+01,
2.5654418374e+01,
2.5656782599e+01,
2.5658330531e+01,
2.5659287616e+01,
2.5659837758e+01,
2.5660124957e+01,
2.5660256175e+01,
2.5660305398e+01,
2.5660318788e+01,
2.5660320764e+01,
2.5660320939e+01,
2.5660324365e+01,
2.5660347579e+01,
2.5660432912e+01,
2.5660660371e+01,
2.5661158112e+01,
2.5662111169e+01,
2.5663767991e+01,
2.5666444375e+01,
2.5670524366e+01,
2.5676457741e+01,
2.5684753701e+01,
2.5695970543e+01,
2.5710701175e+01,
2.5729554583e+01,
2.5753133626e+01,
2.5782009853e+01,
2.5816696412e+01,
2.5857620446e+01,
2.5905096694e+01,
2.5959304170e+01,
2.6020267841e+01,
2.6087847014e+01,
2.6161731778e+01,
2.6241448210e+01,
2.6326372348e+01,
2.6415752112e+01,
2.6508735618e+01,
2.6604403750e+01,
2.6701804518e+01,
2.6799986711e+01,
2.6898030621e+01,
2.6995074092e+01,
2.7090332821e+01,
2.7183114484e+01,
2.7272826858e+01,
2.7358980571e+01,
2.7441187411e+01,
2.7519155210e+01,
2.7592680338e+01,
2.7661638713e+01,
2.7725976098e+01,
2.7785698268e+01,
2.7840861496e+01,
2.7891563670e+01,
2.7937936224e+01,
2.7980137010e+01,
2.8018344127e+01,
2.8052750722e+01,
2.8083560675e+01,
2.8110985098e+01,
2.8135239536e+01,
2.8156541748e+01,
2.8175109941e+01,
2.8191161339e+01,
2.8204910973e+01,
2.8216570598e+01,
2.8226347643e+01,
2.8234444146e+01,
2.8241055630e+01,
2.8246369894e+01,
2.8250565740e+01,
2.8253811660e+01,
2.8256264516e+01,
2.8258068304e+01,
2.8259353045e+01,
2.8260233903e+01,
2.8260810591e+01,
2.8261167142e+01,
2.8261372086e+01,
2.8261479074e+01,
2.8261527955e+01,
2.8261546292e+01,
2.8261551280e+01,
2.8261552016e+01,
2.8261552082e+01,
2.8261553390e+01,
2.8261562248e+01,
2.8261594811e+01,
2.8261681609e+01,
2.8261871543e+01,
2.8262235210e+01,
2.8262867384e+01,
2.8263888487e+01,
2.8265444878e+01,
2.8267707797e+01,
2.8270870832e+01,
2.8275145774e+01,
2.8280756843e+01,
2.8287933321e+01,
2.8296900756e+01,
2.8307871045e+01,
2.8321031863e+01,
2.8336536031e+01,
2.8354491548e+01,
2.8374953053e+01,
2.8397915467e+01,
2.8423310461e+01,
2.8451006201e+01,
2.8480810521e+01,
2.8512477417e+01,
2.8545716387e+01,
2.8580203915e+01,
2.8615596190e+01,
2.8651542079e+01,
2.8687695428e+01,
2.8723725894e+01,
2.8759327759e+01,
2.8794226417e+01,
2.8828182496e+01,
2.8860993787e+01,
2.8892495284e+01,
2.8922557756e+01,
2.8951085249e+01,
2.8978011910e+01,
2.9003298477e+01,
2.9026928679e+01,
2.9048905749e+01,
2.9069249185e+01,
2.9087991831e+01,
2.9105177322e+01,
2.9120857893e+01,
2.9135092552e+01,
2.9147945570e+01,
2.9159485256e+01,
2.9169782972e+01,
2.9178912340e+01,
2.9186948588e+01,
2.9193968006e+01,
2.9200047456e+01,
2.9205263923e+01,
2.9209694052e+01,
2.9213413688e+01,
2.9216497365e+01,
2.9219017780e+01,
2.9221045214e+01,
2.9222646948e+01,
2.9223886657e+01,
2.9224823824e+01,
2.9225513194e+01,
2.9226004297e+01,
2.9226341060e+01,
2.9226561557e+01,
2.9226697893e+01,
2.9226776261e+01,
2.9226817173e+01,
2.9226835865e+01,
2.9226842877e+01,
2.9226844784e+01,
2.9226845066e+01,
2.9226845092e+01,
2.9226845613e+01,
2.9226849143e+01,
2.9226862117e+01,
2.9226896702e+01,
2.9226972383e+01,
2.9227117294e+01,
2.9227369209e+01,
2.9227776141e+01,
2.9228396473e+01,
2.9229298575e+01,
2.9230559839e+01,
2.9232265104e+01,
2.9234504460e+01,
2.9237370438e+01,
2.9240954676e+01,
2.9245344157e+01,
2.9250617216e+01,
2.9256839528e+01,
2.9264060356e+01,
2.9272309332e+01,
2.9281594054e+01,
2.9291898704e+01,
2.9303183855e+01,
2.9315387490e+01,
2.9328427175e+01,
2.9342203202e+01,
2.9356602441e+01,
2.9371502583e+01,
2.9386776442e+01,
2.9402296011e+01,
2.9417936037e+01,
2.9433576944e+01,
2.9449107043e+01,
2.9464424019e+01,
2.9479435796e+01,
2.9494060864e+01,
2.9508228224e+01,
2.9521877070e+01,
2.9534956313e+01,
2.9547424046e+01,
2.9559246986e+01,
2.9570399946e+01,
2.9580865318e+01,
2.9590632604e+01,
2.9599697944e+01,
2.9608063670e+01,
2.9615737847e+01,
2.9622733823e+01,
2.9629069759e+01,
2.9634768161e+01,
2.9639855398e+01,
2.9644361219e+01,
2.9648318265e+01,
2.9651761573e+01,
2.9654728080e+01,
2.9657256112e+01,
2.9659384882e+01,
2.9661153965e+01,
2.9662602788e+01,
2.9663770107e+01,
2.9664693508e+01,
2.9665408919e+01,
2.9665950155e+01,
2.9666348511e+01,
2.9666632414e+01,
2.9666827152e+01,
2.9666954682e+01,
2.9667033545e+01,
2.9667078881e+01,
2.9667102549e+01,
2.9667113363e+01,
2.9667117420e+01,
2.9667118523e+01,
2.9667118686e+01,
2.9667118702e+01,
2.9667119019e+01,
2.9667121167e+01,
2.9667129065e+01,
2.9667150116e+01,
2.9667196183e+01,
2.9667284396e+01,
2.9667437767e+01,
2.9667685564e+01,
2.9668063430e+01,
2.9668613188e+01,
2.9669382337e+01,
2.9670423194e+01,
2.9671791696e+01,
2.9673545861e+01,
2.9675743939e+01,
2.9678442312e+01,
2.9681693215e+01,
2.9685542375e+01,
2.9690026706e+01,
2.9695172160e+01,
2.9700991901e+01,
2.9707484896e+01,
2.9714635038e+01,
2.9722410869e+01,
2.9730765942e+01,
2.9739639815e+01,
2.9748959638e+01,
2.9758642263e+01,
2.9768596783e+01,
2.9778727348e+01,
2.9788936152e+01,
2.9799126400e+01,
2.9809205133e+01,
2.9819085742e+01,
2.9828690077e+01,
2.9837950037e+01,
2.9846808622e+01,
2.9855220415e+01,
2.9863151561e+01,
2.9870579277e+01,
2.9877491013e+01,
2.9883883352e+01,
2.9889760753e+01,
2.9895134233e+01,
2.9900020064e+01,
2.9904438561e+01,
2.9908412974e+01,
2.9911968543e+01,
2.9915131698e+01,
2.9917929424e+01,
2.9920388759e+01,
2.9922536425e+01,
2.9924398562e+01,
2.9926000549e+01,
2.9927366881e+01,
2.9928521100e+01,
2.9929485745e+01,
2.9930282314e+01,
2.9930931229e+01,
2.9931451797e+01,
2.9931862155e+01,
2.9932179209e+01,
2.9932418567e+01,
2.9932594458e+01,
2.9932719668e+01,
2.9932805485e+01,
2.9932861653e+01,
2.9932896375e+01,
2.9932916332e+01,
2.9932926749e+01,
2.9932931508e+01,
2.9932933294e+01,
2.9932933779e+01,
2.9932933851e+01,
2.9932933858e+01,
2.9932934006e+01,
2.9932935006e+01,
2.9932938685e+01,
2.9932948490e+01,
2.9932969944e+01,
2.9933011016e+01,
2.9933082393e+01,
2.9933197627e+01,
2.9933373139e+01,
2.9933628046e+01,
2.9933983788e+01,
2.9934463545e+01,
2.9935091422e+01,
2.9935891424e+01,
2.9936886219e+01,
2.9938095770e+01,
2.9939535889e+01,
2.9941216812e+01,
2.9943141938e+01,
2.9945306830e+01,
2.9947698622e+01,
2.9950295932e+01,
2.9953069335e+01,
2.9955982413e+01,
2.9958993324e+01,
2.9962056787e+01,
2.9965126306e+01,
2.9968156448e+01,
2.9971104977e+01,
2.9973934652e+01,
2.9976614581e+01,
2.9979121024e+01,
2.9981437664e+01,
2.9983555369e+01,
2.9985471558e+01,
2.9987189269e+01,
2.9988716073e+01,
2.9990062933e+01,
2.9991243111e+01,
2.9992271195e+01,
2.9993162277e+01,
2.9993931305e+01,
2.9994592602e+01,
2.9995159547e+01,
2.9995644376e+01,
2.9996058097e+01,
2.9996410474e+01,
2.9996710078e+01,
2.9996964361e+01,
2.9997179764e+01,
2.9997361822e+01,
2.9997515281e+01,
2.9997644202e+01,
2.9997752060e+01,
2.9997841836e+01,
2.9997916093e+01,
2.9997977048e+01,
2.9998026627e+01,
2.9998066512e+01,
2.9998098182e+01,
2.9998122943e+01,
2.9998141951e+01,
2.9998156230e+01,
2.9998166684e+01,
2.9998174106e+01,
2.9998179183e+01,
2.9998182502e+01,
2.9998184551e+01,
2.9998185729e+01,
2.9998186344e+01,
2.9998186624e+01,
2.9998186730e+01,
2.9998186758e+01,
2.9998186763e+01,
2.9998186763e+01,
2.9998186772e+01,
2.9998186835e+01,
2.9998187065e+01,
2.9998187680e+01,
2.9998189024e+01,
2.9998191595e+01,
2.9998196058e+01,
2.9998203251e+01,
2.9998214173e+01,
2.9998229968e+01,
2.9998251876e+01,
2.9998281169e+01,
2.9998319075e+01,
2.9998366663e+01,
2.9998424738e+01,
2.9998493716e+01,
2.9998573521e+01,
2.9998663509e+01,
2.9998762434e+01,
2.9998868470e+01,
2.9998979304e+01,
2.9999092278e+01,
2.9999204586e+01,
2.9999313484e+01,
2.9999416503e+01,
2.9999511617e+01,
2.9999597364e+01,
2.9999672896e+01,
2.9999737959e+01,
2.9999792823e+01,
2.9999838162e+01,
2.9999874935e+01,
2.9999904248e+01,
2.9999927252e+01,
2.9999945057e+01,
2.9999958674e+01,
2.9999968983e+01,
2.9999976727e+01,
2.9999982510e+01,
2.9999986812e+01,
2.9999990007e+01,
2.9999992383e+01,
2.9999994162e+01,
2.9999995515e+01,
2.9999996575e+01,
2.9999997439e+01,
2.9999998174e+01,
2.9999998815e+01,
2.9999999382e+01,
3.0000000000e+01,
2.9999999620e+01,
2.9999999567e+01,
2.9999999619e+01,
3.0000000000e+01,
3.0000000000e+01,
3.0000000000e+01,
3.0000000000e+01,
3.0000000000e+01,
3.0000000000e+01,
3.0000000000e+01,
3.0000000000e+01,
3.0000000000e+01,
3.0000000000e+01,
3.0000000000e+01,
3.0000000000e+01,
3.0000000000e+01,
3.0000000000e+01,
3.0000000000e+01,
3.0000000000e+01,
3.0000000000e+01,
3.0000000000e+01,
3.0000000000e+01,
3.0000000000e+01,
3.0000000000e+01,
