0.0000000000e+00,
1.3612029903e-07,
4.3452306002e-06,
3.2862638399e-05,
1.3769664150e-04,
4.1715324890e-04,
1.0287759845e-03,
2.2002552474e-03,
4.2379319931e-03,
7.5326046075e-03,
1.2562440718e-02,
1.9892890088e-02,
3.0173581521e-02,
4.4132255603e-02,
6.2565826678e-02,
8.6328675370e-02,
1.1631824803e-01,
1.5345799230e-01,
1.9867761115e-01,
2.5289060555e-01,
3.1696913716e-01,
3.9171641321e-01,
4.7783709365e-01,
5.7590663357e-01,
6.8634095004e-01,
8.0936825348e-01,
9.4500519794e-01,
1.0930395720e+00,
1.2530214986e+00,
1.4242645234e+00,
1.6058571098e+00,
1.7966840553e+00,
1.9954563661e+00,
2.2007473534e+00,
2.4110322645e+00,
2.6247287010e+00,
2.8402353739e+00,
3.0559673138e+00,
3.2703863530e+00,
3.4820263974e+00,
3.6895135841e+00,
3.8915818251e+00,
4.0870844371e+00,
4.2750025842e+00,
4.4544511667e+00,
4.6246826269e+00,
4.7850889713e+00,
4.9352021632e+00,
5.0746929379e+00,
5.2033680423e+00,
5.3211658893e+00,
5.4281506345e+00,
5.5245047171e+00,
5.6105199415e+00,
5.6865872154e+00,
5.7531850865e+00,
5.8108672525e+00,
5.8602492371e+00,
5.9019944552e+00,
5.9367999038e+00,
5.9653817469e+00,
5.9884610740e+00,
6.0067501356e+00,
6.0209393636e+00,
6.0316854904e+00,
6.0396010701e+00,
6.0452456813e+00,
6.0491190596e+00,
6.0516563577e+00,
6.0532256716e+00,
6.0541279042e+00,
6.0545989605e+00,
6.0548141922e+00,
6.0548949334e+00,
6.0549168970e+00,
6.0549201388e+00,
6.0549205825e+00,
6.0549310625e+00,
6.0550020658e+00,
6.0552630802e+00,
6.0559588397e+00,
6.0574814462e+00,
6.0603972435e+00,
6.0654672878e+00,
6.0736603471e+00,
6.0861574641e+00,
6.1043472569e+00,
6.1298113149e+00,
6.1642993049e+00,
6.2096937393e+00,
6.2679647874e+00,
6.3411160194e+00,
6.4311225508e+00,
6.5398636352e+00,
6.6690523179e+00,
6.8201652208e+00,
6.9943758854e+00,
7.1924953207e+00,
7.4149235265e+00,
7.6616157540e+00,
7.9320669878e+00,
8.2253172316e+00,
8.5399782436e+00,
8.8742792456e+00,
9.2261255400e+00,
9.5931615554e+00,
9.9728303549e+00,
1.0362425408e+01,
1.0759135592e+01,
1.1160088041e+01,
1.1562393810e+01,
1.1963198684e+01,
1.2359737866e+01,
1.2749390498e+01,
1.3129729049e+01,
1.3498559366e+01,
1.3853948924e+01,
1.4194242829e+01,
1.4518068722e+01,
1.4824332763e+01,
1.5112209204e+01,
1.5381125939e+01,
1.5630747910e+01,
1.5860959702e+01,
1.6071848106e+01,
1.6263684985e+01,
1.6436910474e+01,
1.6592116406e+01,
1.6730029748e+01,
1.6851495858e+01,
1.6957461407e+01,
1.7048956869e+01,
1.7127078550e+01,
1.7192970189e+01,
1.7247804270e+01,
1.7292763219e+01,
1.7329020742e+01,
1.7357723657e+01,
1.7379974581e+01,
1.7396815913e+01,
1.7409215556e+01,
1.7418054832e+01,
1.7424119006e+01,
1.7428090788e+01,
1.7430547080e+01,
1.7431959171e+01,
1.7432696400e+01,
1.7433033244e+01,
1.7433159605e+01,
1.7433193979e+01,
1.7433199052e+01,
1.7433199534e+01,
1.7433209353e+01,
1.7433275877e+01,
1.7433520425e+01,
1.7434172290e+01,
1.7435598831e+01,
1.7438330632e+01,
1.7443080645e+01,
1.7450756286e+01,
1.7462463562e+01,
1.7479502412e+01,
1.7503352637e+01,
1.7535650012e+01,
1.7578152520e+01,
1.7632697054e+01,
1.7701147465e+01,
1.7785335391e+01,
1.7886995925e+01,
1.8007700754e+01,
1.8148791833e+01,
1.8311318936e+01,
1.8495984428e+01,
1.8703098340e+01,
1.8932546303e+01,
1.9183772274e+01,
1.9455777296e+01,
1.9747134959e+01,
2.0056023692e+01,
2.0380275413e+01,
2.0717439015e+01,
2.1064855562e+01,
2.1419739984e+01,
2.1779262362e+01,
2.2140621569e+01,
2.2501105854e+01,
2.2858138393e+01,
2.3209309600e+01,
2.3552400210e+01,
2.3885399323e+01,
2.4206520019e+01,
2.4514213069e+01,
2.4807177741e+01,
2.5084368067e+01,
2.5344993273e+01,
2.5588511846e+01,
2.5814619590e+01,
2.6023232742e+01,
2.6214467569e+01,
2.6388617992e+01,
2.6546132592e+01,
2.6687592083e+01,
2.6813687983e+01,
2.6925202872e+01,
2.7022992362e+01,
2.7107968676e+01,
2.7181085626e+01,
2.7243324680e+01,
2.7295681868e+01,
2.7339155242e+01,
2.7374732751e+01,
2.7403380445e+01,
2.7426031040e+01,
2.7443572971e+01,
2.7456840159e+01,
2.7466602777e+01,
2.7473559348e+01,
2.7478330516e+01,
2.7481454824e+01,
2.7483386766e+01,
2.7484497332e+01,
2.7485077115e+01,
2.7485342016e+01,
2.7485441388e+01,
2.7485468420e+01,
2.7485472409e+01,
2.7485472764e+01,
2.7485479754e+01,
2.7485527108e+01,
2.7485701187e+01,
2.7486165203e+01,
2.7487180624e+01,
2.7489125022e+01,
2.7492505548e+01,
2.7497967235e+01,
2.7506295358e+01,
2.7518411150e+01,
2.7535360277e+01,
2.7558293640e+01,
2.7588440336e+01,
2.7627072954e+01,
2.7675465829e+01,
2.7734847420e+01,
2.7806348564e+01,
2.7890948942e+01,
2.7989424653e+01,
2.8102300176e+01,
2.8229808202e+01,
2.8371860713e+01,
2.8528034203e+01,
2.8697571109e+01,
2.8879398312e+01,
2.9072162095e+01,
2.9274277339e+01,
2.9483987304e+01,
2.9699429195e+01,
2.9918700184e+01,
3.0139918757e+01,
3.0361277145e+01,
3.0581082075e+01,
3.0797782849e+01,
3.1009987437e+01,
3.1216468640e+01,
3.1416163088e+01,
3.1608165963e+01,
3.1791723857e+01,
3.1966227365e+01,
3.2131204125e+01,
3.2286312242e+01,
3.2431333597e+01,
3.2566166459e+01,
3.2690816962e+01,
3.2805389387e+01,
3.2910075497e+01,
3.3005143386e+01,
3.3090926408e+01,
3.3167812638e+01,
3.3236235180e+01,
3.3296663466e+01,
3.3349595493e+01,
3.3395550872e+01,
3.3435064475e+01,
3.3468680479e+01,
3.3496946622e+01,
3.3520408524e+01,
3.3539604008e+01,
3.3555057404e+01,
3.3567273882e+01,
3.3576733918e+01,
3.3583888044e+01,
3.3589152051e+01,
3.3592902868e+01,
3.3595475288e+01,
3.3597159752e+01,
3.3598201342e+01,
3.3598800089e+01,
3.3599112670e+01,
3.3599255487e+01,
3.3599309062e+01,
3.3599323635e+01,
3.3599325786e+01,
3.3599325976e+01,
3.3599329706e+01,
3.3599354971e+01,
3.3599447849e+01,
3.3599695419e+01,
3.3600237184e+01,
3.3601274587e+01,
3.3603078196e+01,
3.3605992120e+01,
3.3610435238e+01,
3.3616898881e+01,
3.3625940623e+01,
3.3638173987e+01,
3.3654253969e+01,
3.3674858534e+01,
3.3700666483e+01,
3.3732332388e+01,
3.3770459663e+01,
3.3815573145e+01,
3.3868092829e+01,
3.3928310573e+01,
3.3996371550e+01,
3.4072261997e+01,
3.4155804344e+01,
3.4246660073e+01,
3.4344339889e+01,
3.4448219951e+01,
3.4557562373e+01,
3.4671537976e+01,
3.4789249521e+01,
3.4909754204e+01,
3.5032084892e+01,
3.5155270105e+01,
3.5278353008e+01,
3.5400409571e+01,
3.5520565736e+01,
3.5638013087e+01,
3.5752022296e+01,
3.5861953598e+01,
3.5967263753e+01,
3.6067509264e+01,
3.6162345981e+01,
3.6251525544e+01,
3.6334889318e+01,
3.6412360575e+01,
3.6483935654e+01,
3.6549674768e+01,
3.6609692954e+01,
3.6664151543e+01,
3.6713250378e+01,
3.6757220854e+01,
3.6796319820e+01,
3.6830824244e+01,
3.6861026553e+01,
3.6887230519e+01,
3.6909747538e+01,
3.6928893204e+01,
3.6944984044e+01,
3.6958334344e+01,
3.6969253017e+01,
3.6978040486e+01,
3.6984985593e+01,
3.6990362600e+01,
3.6994428326e+01,
3.6997419544e+01,
3.6999550727e+01,
3.7001012268e+01,
3.7001969272e+01,
3.7002561021e+01,
3.7002901176e+01,
3.7003078755e+01,
3.7003159890e+01,
3.7003190326e+01,
3.7003198605e+01,
3.7003199827e+01,
3.7003199937e+01,
3.7003202107e+01,
3.7003216810e+01,
3.7003270861e+01,
3.7003414934e+01,
3.7003730210e+01,
3.7004333906e+01,
3.7005383442e+01,
3.7007078975e+01,
3.7009664057e+01,
3.7013424176e+01,
3.7018682986e+01,
3.7025796069e+01,
3.7035142183e+01,
3.7047112053e+01,
3.7062094926e+01,
3.7080463301e+01,
3.7102556453e+01,
3.7128663540e+01,
3.7159007288e+01,
3.7193729314e+01,
3.7232878190e+01,
3.7276401225e+01,
3.7324140757e+01,
3.7375835390e+01,
3.7431126252e+01,
3.7489567903e+01,
3.7550643134e+01,
3.7613780626e+01,
3.7678374242e+01,
3.7743802741e+01,
3.7809448794e+01,
3.7874716420e+01,
3.7939046182e+01,
3.8001927733e+01,
3.8062909487e+01,
3.8121605302e+01,
3.8177698203e+01,
3.8230941215e+01,
3.8281155548e+01,
3.8328226447e+01,
3.8372097186e+01,
3.8412761793e+01,
3.8450257094e+01,
3.8484654689e+01,
3.8516053347e+01,
3.8544572176e+01,
3.8570344794e+01,
3.8593514556e+01,
3.8614230815e+01,
3.8632646105e+01,
3.8648914074e+01,
3.8663188028e+01,
3.8675619908e+01,
3.8686359552e+01,
3.8695554136e+01,
3.8703347688e+01,
3.8709880602e+01,
3.8715289104e+01,
3.8719704653e+01,
3.8723253244e+01,
3.8726054654e+01,
3.8728221622e+01,
3.8729859025e+01,
3.8731063078e+01,
3.8731920627e+01,
3.8732508574e+01,
3.8732893490e+01,
3.8733131470e+01,
3.8733268260e+01,
3.8733339668e+01,
3.8733372294e+01,
3.8733384533e+01,
3.8733387862e+01,
3.8733388353e+01,
3.8733388399e+01,
3.8733389308e+01,
3.8733395468e+01,
3.8733418114e+01,
3.8733478478e+01,
3.8733610566e+01,
3.8733863471e+01,
3.8734303089e+01,
3.8735013130e+01,
3.8736095297e+01,
3.8737668514e+01,
3.8739867106e+01,
3.8742837838e+01,
3.8746735810e+01,
3.8751719222e+01,
3.8757943169e+01,
3.8765552686e+01,
3.8774675416e+01,
3.8785414360e+01,
3.8797841246e+01,
3.8811991080e+01,
3.8827858410e+01,
3.8845395694e+01,
3.8864513992e+01,
3.8885085970e+01,
3.8906950948e+01,
3.8929921512e+01,
3.8953791087e+01,
3.8978341809e+01,
3.9003352091e+01,
3.9028603426e+01,
3.9053886103e+01,
3.9079003724e+01,
3.9103776499e+01,
3.9128043418e+01,
3.9151663434e+01,
3.9174515817e+01,
3.9196499821e+01,
3.9217533839e+01,
3.9237554174e+01,
3.9256513557e+01,
3.9274379551e+01,
3.9291132925e+01,
3.9306766088e+01,
3.9321281635e+01,
3.9334691051e+01,
3.9347013560e+01,
3.9358275145e+01,
3.9368507699e+01,
3.9377748294e+01,
3.9386038541e+01,
3.9393424011e+01,
3.9399953698e+01,
3.9405679495e+01,
3.9410655672e+01,
3.9414938336e+01,
3.9418584875e+01,
3.9421653366e+01,
3.9424201958e+01,
3.9426288234e+01,
3.9427968553e+01,
3.9429297391e+01,
3.9430326695e+01,
3.9431105276e+01,
3.9431678253e+01,
3.9432086572e+01,
3.9432366633e+01,
3.9432550032e+01,
3.9432663441e+01,
3.9432728635e+01,
3.9432762670e+01,
3.9432778221e+01,
3.9432784054e+01,
3.9432785641e+01,
3.9432785875e+01,
3.9432785898e+01,
3.9432786354e+01,
3.9432789443e+01,
3.9432800800e+01,
3.9432831071e+01,
3.9432897315e+01,
3.9433024163e+01,
3.9433244697e+01,
3.9433600992e+01,
3.9434144263e+01,
3.9434934581e+01,
3.9436040114e+01,
3.9437535868e+01,
3.9439501916e+01,
3.9442021149e+01,
3.9445176580e+01,
3.9449048313e+01,
3.9453710286e+01,
3.9459226977e+01,
3.9465650250e+01,
3.9473016548e+01,
3.9481344632e+01,
3.9490634025e+01,
3.9500864261e+01,
3.9511994984e+01,
3.9523966873e+01,
3.9536703279e+01,
3.9550112455e+01,
3.9564090200e+01,
3.9578522755e+01,
3.9593289825e+01,
3.9608267583e+01,
3.9623331604e+01,
3.9638359642e+01,
3.9653234207e+01,
3.9667844896e+01,
3.9682090410e+01,
3.9695880214e+01,
3.9709135785e+01,
3.9721791412e+01,
3.9733794546e+01,
3.9745105701e+01,
3.9755697967e+01,
3.9765556185e+01,
3.9774675877e+01,
3.9783062008e+01,
3.9790727676e+01,
3.9797692788e+01,
3.9803982797e+01,
3.9809627535e+01,
3.9814660171e+01,
3.9819116308e+01,
3.9823033221e+01,
3.9826449222e+01,
3.9829403129e+01,
3.9831933843e+01,
3.9834079978e+01,
3.9835879551e+01,
3.9837369705e+01,
3.9838586438e+01,
3.9839564350e+01,
3.9840336388e+01,
3.9840933593e+01,
3.9841384856e+01,
3.9841716690e+01,
3.9841953028e+01,
3.9842115065e+01,
3.9842221146e+01,
3.9842286732e+01,
3.9842324431e+01,
3.9842344111e+01,
3.9842353102e+01,
3.9842356475e+01,
3.9842357393e+01,
3.9842357528e+01,
3.9842357542e+01,
3.9842357821e+01,
3.9842359711e+01,
3.9842366661e+01,
3.9842385186e+01,
3.9842425722e+01,
3.9842503331e+01,
3.9842638228e+01,
3.9842856081e+01,
3.9843188053e+01,
3.9843670537e+01,
3.9844344565e+01,
3.9845254833e+01,
3.9846448361e+01,
3.9847972763e+01,
3.9849874184e+01,
3.9852194953e+01,
3.9854971073e+01,
3.9858229672e+01,
3.9861986608e+01,
3.9866244406e+01,
3.9870990741e+01,
3.9876197639e+01,
3.9881821543e+01,
3.9887804325e+01,
3.9894075237e+01,
3.9900553707e+01,
3.9907152801e+01,
3.9913783084e+01,
3.9920356586e+01,
3.9926790540e+01,
3.9933010620e+01,
3.9938953453e+01,
3.9944568252e+01,
3.9949817555e+01,
3.9954677098e+01,
3.9959134977e+01,
3.9963190253e+01,
3.9966851208e+01,
3.9970133438e+01,
3.9973057952e+01,
3.9975649396e+01,
3.9977934497e+01,
3.9979940759e+01,
3.9981695444e+01,
3.9983224813e+01,
3.9984553601e+01,
3.9985704696e+01,
3.9986698979e+01,
3.9987555284e+01,
3.9988290453e+01,
3.9988919447e+01,
3.9989455498e+01,
3.9989910278e+01,
3.9990294072e+01,
3.9990615956e+01,
3.9990883952e+01,
3.9991105175e+01,
3.9991285959e+01,
3.9991431965e+01,
3.9991548269e+01,
3.9991639434e+01,
3.9991709559e+01,
3.9991762318e+01,
3.9991800989e+01,
3.9991828467e+01,
3.9991847275e+01,
3.9991859574e+01,
3.9991867173e+01,
3.9991871539e+01,
3.9991873818e+01,
3.9991874859e+01,
3.9991875249e+01,
3.9991875355e+01,
3.9991875371e+01,
3.9991875372e+01,
3.9991875407e+01,
3.9991875639e+01,
3.9991876494e+01,
3.9991878773e+01,
3.9991883757e+01,
3.9991893295e+01,
3.9991909856e+01,
3.9991936559e+01,
3.9991977148e+01,
3.9992035917e+01,
3.9992117579e+01,
3.9992227053e+01,
3.9992369192e+01,
3.9992548429e+01,
3.9992768391e+01,
3.9993031483e+01,
3.9993338491e+01,
3.9993688262e+01,
3.9994077504e+01,
3.9994500753e+01,
3.9994950546e+01,
3.9995417799e+01,
3.9995892357e+01,
3.9996363683e+01,
3.9996821580e+01,
3.9997256881e+01,
3.9997662009e+01,
3.9998031354e+01,
3.9998361442e+01,
3.9998650884e+01,
3.9998900160e+01,
3.9999111268e+01,
3.9999287306e+01,
3.9999432052e+01,
3.9999549584e+01,
3.9999643970e+01,
3.9999719053e+01,
3.9999778320e+01,
3.9999824825e+01,
3.9999861169e+01,
3.9999889509e+01,
3.9999911598e+01,
3.9999928849e+01,
3.9999942393e+01,
3.9999953129e+01,
3.9999961730e+01,
3.9999968652e+01,
3.9999974177e+01,
3.9999978501e+01,
3.9999981845e+01,
3.9999984473e+01,
3.9999986627e+01,
3.9999988459e+01,
3.9999990049e+01,
3.9999991444e+01,
3.9999992685e+01,
3.9999993799e+01,
3.9999994803e+01,
3.9999995699e+01,
3.9999996487e+01,
3.9999997173e+01,
3.9999997761e+01,
3.9999998261e+01,
3.9999998680e+01,
3.9999999027e+01,
3.9999999307e+01,
3.9999999527e+01,
4.0000000000e+01,
4.0000000000e+01,
4.0000000000e+01,
4.0000000000e+01,
4.0000000000e+01,
4.0000000000e+01,
4.0000000000e+01,
