0.0000000000000000000000000000000000000000000000000000,0.0000000000000000000000000000000000000000000000000000,0.0000000000000000000000000000000000000000000000000000,0.0000000000000000000000000000000000000000000000000000,-0.4570457994644657184757363665994489565491676330566406,0.0000000000000000000000000000000000000000000000000000,0.5900435899266435191279356331506278365850448608398438,
1.7701307697799304463615044369362294673919677734375000,0.0000000000000000000000000000000000000000000000000000,-0.4570457994644657184757363665994489565491676330566406,0.0000000000000000000000000000000000000000000000000000,0.0000000000000000000000000000000000000000000000000000,0.0000000000000000000000000000000000000000000000000000,0.0000000000000000000000000000000000000000000000000000,
0.0000000000000000000000000000000000000000000000000000,0.0000000000000000000000000000000000000000000000000000,0.0000000000000000000000000000000000000000000000000000,-1.1195289977703462014346769137773662805557250976562500,0.0000000000000000000000000000000000000000000000000000,1.4453057213202771258409029542235657572746276855468750,0.0000000000000000000000000000000000000000000000000000,
0.0000000000000000000000000000000000000000000000000000,0.0000000000000000000000000000000000000000000000000000,0.0000000000000000000000000000000000000000000000000000,0.0000000000000000000000000000000000000000000000000000,-0.4570457994644657184757363665994489565491676330566406,0.0000000000000000000000000000000000000000000000000000,-1.7701307697799304463615044369362294673919677734375000,
0.0000000000000000000000000000000000000000000000000000,2.8906114426405542516818059084471315145492553710937500,0.0000000000000000000000000000000000000000000000000000,0.0000000000000000000000000000000000000000000000000000,0.0000000000000000000000000000000000000000000000000000,0.0000000000000000000000000000000000000000000000000000,0.0000000000000000000000000000000000000000000000000000,
0.0000000000000000000000000000000000000000000000000000,0.0000000000000000000000000000000000000000000000000000,0.0000000000000000000000000000000000000000000000000000,0.0000000000000000000000000000000000000000000000000000,1.8281831978578628739029454663977958261966705322265625,0.0000000000000000000000000000000000000000000000000000,0.0000000000000000000000000000000000000000000000000000,
-0.5900435899266435191279356331506278365850448608398438,0.0000000000000000000000000000000000000000000000000000,-0.4570457994644657184757363665994489565491676330566406,0.0000000000000000000000000000000000000000000000000000,0.0000000000000000000000000000000000000000000000000000,0.0000000000000000000000000000000000000000000000000000,0.0000000000000000000000000000000000000000000000000000,
0.0000000000000000000000000000000000000000000000000000,0.0000000000000000000000000000000000000000000000000000,0.0000000000000000000000000000000000000000000000000000,-1.1195289977703462014346769137773662805557250976562500,0.0000000000000000000000000000000000000000000000000000,-1.4453057213202771258409029542235657572746276855468750,0.0000000000000000000000000000000000000000000000000000,
0.0000000000000000000000000000000000000000000000000000,0.0000000000000000000000000000000000000000000000000000,1.8281831978578628739029454663977958261966705322265625,0.0000000000000000000000000000000000000000000000000000,0.0000000000000000000000000000000000000000000000000000,0.0000000000000000000000000000000000000000000000000000,0.0000000000000000000000000000000000000000000000000000,
0.0000000000000000000000000000000000000000000000000000,0.0000000000000000000000000000000000000000000000000000,0.0000000000000000000000000000000000000000000000000000,0.7463526651802308009564512758515775203704833984375000,0.0000000000000000000000000000000000000000000000000000,0.0000000000000000000000000000000000000000000000000000,0.0000000000000000000000000000000000000000000000000000,
