0.0000000000000000000000000000000000000000000000000000,0.0000000000000000000000000000000000000000000000000000,0.0000000000000000000000000000000000000000000000000000,0.0000000000000000000000000000000000000000000000000000,0.3173566407456129279118783870217157527804374694824219,0.0000000000000000000000000000000000000000000000000000,-0.4730873478787799846223549593560164794325828552246094,0.0000000000000000000000000000000000000000000000000000,0.6258357354491761448400666267843917012214660644531250,
2.5033429417967045793602665071375668048858642578125000,0.0000000000000000000000000000000000000000000000000000,-0.9461746957575599692447099187120329588651657104492188,0.0000000000000000000000000000000000000000000000000000,0.0000000000000000000000000000000000000000000000000000,0.0000000000000000000000000000000000000000000000000000,0.0000000000000000000000000000000000000000000000000000,0.0000000000000000000000000000000000000000000000000000,0.0000000000000000000000000000000000000000000000000000,
0.0000000000000000000000000000000000000000000000000000,0.0000000000000000000000000000000000000000000000000000,0.0000000000000000000000000000000000000000000000000000,0.0000000000000000000000000000000000000000000000000000,0.0000000000000000000000000000000000000000000000000000,-2.0071396306718676250113730930024757981300354003906250,0.0000000000000000000000000000000000000000000000000000,1.7701307697799304463615044369362294673919677734375000,0.0000000000000000000000000000000000000000000000000000,
0.0000000000000000000000000000000000000000000000000000,0.0000000000000000000000000000000000000000000000000000,0.0000000000000000000000000000000000000000000000000000,0.0000000000000000000000000000000000000000000000000000,0.6347132814912258558237567740434315055608749389648438,0.0000000000000000000000000000000000000000000000000000,0.0000000000000000000000000000000000000000000000000000,0.0000000000000000000000000000000000000000000000000000,-3.7550144126950568690403997607063502073287963867187500,
0.0000000000000000000000000000000000000000000000000000,5.3103923093397913390845133108086884021759033203125000,0.0000000000000000000000000000000000000000000000000000,-2.0071396306718676250113730930024757981300354003906250,0.0000000000000000000000000000000000000000000000000000,0.0000000000000000000000000000000000000000000000000000,0.0000000000000000000000000000000000000000000000000000,0.0000000000000000000000000000000000000000000000000000,0.0000000000000000000000000000000000000000000000000000,
0.0000000000000000000000000000000000000000000000000000,0.0000000000000000000000000000000000000000000000000000,0.0000000000000000000000000000000000000000000000000000,0.0000000000000000000000000000000000000000000000000000,-2.5388531259649034232950270961737260222434997558593750,0.0000000000000000000000000000000000000000000000000000,2.8385240872726802408010371436830610036849975585937500,0.0000000000000000000000000000000000000000000000000000,0.0000000000000000000000000000000000000000000000000000,
-2.5033429417967045793602665071375668048858642578125000,0.0000000000000000000000000000000000000000000000000000,-0.9461746957575599692447099187120329588651657104492188,0.0000000000000000000000000000000000000000000000000000,0.0000000000000000000000000000000000000000000000000000,0.0000000000000000000000000000000000000000000000000000,0.0000000000000000000000000000000000000000000000000000,0.0000000000000000000000000000000000000000000000000000,0.0000000000000000000000000000000000000000000000000000,
0.0000000000000000000000000000000000000000000000000000,0.0000000000000000000000000000000000000000000000000000,0.0000000000000000000000000000000000000000000000000000,0.0000000000000000000000000000000000000000000000000000,0.0000000000000000000000000000000000000000000000000000,-2.0071396306718676250113730930024757981300354003906250,0.0000000000000000000000000000000000000000000000000000,-5.3103923093397913390845133108086884021759033203125000,0.0000000000000000000000000000000000000000000000000000,
0.0000000000000000000000000000000000000000000000000000,0.0000000000000000000000000000000000000000000000000000,5.6770481745453604816020742873661220073699951171875000,0.0000000000000000000000000000000000000000000000000000,0.0000000000000000000000000000000000000000000000000000,0.0000000000000000000000000000000000000000000000000000,0.0000000000000000000000000000000000000000000000000000,0.0000000000000000000000000000000000000000000000000000,0.0000000000000000000000000000000000000000000000000000,
0.0000000000000000000000000000000000000000000000000000,0.0000000000000000000000000000000000000000000000000000,0.0000000000000000000000000000000000000000000000000000,0.0000000000000000000000000000000000000000000000000000,0.0000000000000000000000000000000000000000000000000000,2.6761861742291568333484974573366343975067138671875000,0.0000000000000000000000000000000000000000000000000000,0.0000000000000000000000000000000000000000000000000000,0.0000000000000000000000000000000000000000000000000000,
0.0000000000000000000000000000000000000000000000000000,0.0000000000000000000000000000000000000000000000000000,0.0000000000000000000000000000000000000000000000000000,0.0000000000000000000000000000000000000000000000000000,0.3173566407456129279118783870217157527804374694824219,0.0000000000000000000000000000000000000000000000000000,0.4730873478787799846223549593560164794325828552246094,0.0000000000000000000000000000000000000000000000000000,0.6258357354491761448400666267843917012214660644531250,
0.0000000000000000000000000000000000000000000000000000,-1.7701307697799304463615044369362294673919677734375000,0.0000000000000000000000000000000000000000000000000000,-2.0071396306718676250113730930024757981300354003906250,0.0000000000000000000000000000000000000000000000000000,0.0000000000000000000000000000000000000000000000000000,0.0000000000000000000000000000000000000000000000000000,0.0000000000000000000000000000000000000000000000000000,0.0000000000000000000000000000000000000000000000000000,
0.0000000000000000000000000000000000000000000000000000,0.0000000000000000000000000000000000000000000000000000,0.0000000000000000000000000000000000000000000000000000,0.0000000000000000000000000000000000000000000000000000,-2.5388531259649034232950270961737260222434997558593750,0.0000000000000000000000000000000000000000000000000000,-2.8385240872726802408010371436830610036849975585937500,0.0000000000000000000000000000000000000000000000000000,0.0000000000000000000000000000000000000000000000000000,
0.0000000000000000000000000000000000000000000000000000,0.0000000000000000000000000000000000000000000000000000,0.0000000000000000000000000000000000000000000000000000,2.6761861742291568333484974573366343975067138671875000,0.0000000000000000000000000000000000000000000000000000,0.0000000000000000000000000000000000000000000000000000,0.0000000000000000000000000000000000000000000000000000,0.0000000000000000000000000000000000000000000000000000,0.0000000000000000000000000000000000000000000000000000,
0.0000000000000000000000000000000000000000000000000000,0.0000000000000000000000000000000000000000000000000000,0.0000000000000000000000000000000000000000000000000000,0.0000000000000000000000000000000000000000000000000000,0.8462843753216344744316756987245753407478332519531250,0.0000000000000000000000000000000000000000000000000000,0.0000000000000000000000000000000000000000000000000000,0.0000000000000000000000000000000000000000000000000000,0.0000000000000000000000000000000000000000000000000000,
